   h    k    l      d (Å)      F(real)      F(imag)          |F|         2θ          I    M ID(λ) Phase
   1    1    1   3.265926   106.136497   -99.248921      145.311   27.28447  100.00000    8     1     1
   1    1    1   3.265926   106.173747   -99.258541      145.345   27.35183   49.76227    8     2     1
   2    2    0   1.999963   170.741035     6.623708      170.869   45.30676   68.39311   12     1     1
   2    2    0   1.999963   170.786109     6.650278      170.916   45.42262   34.01818   12     2     1
   3    1    1   1.705574    74.908590    81.378854      110.607   53.69722   38.95879   24     1     1
   3    1    1   1.705574    74.917627    81.413846      110.638   53.83774   19.37501   24     2     1
   2    2    2   1.632963     0.000000     0.000000  1.15485e-14   56.29162    0.00000    8     1     1
   2    2    2   1.632963    -0.000000     0.000000  1.19017e-14   56.44014    0.00000    8     2     1
   4    0    0   1.414188   136.716380     6.222384      136.858   66.00722    9.41101    6     1     1
   4    0    0   1.414188   136.758724     6.247344      136.901   66.18756    4.68118    6     2     1
   3    3    1   1.297747    66.456606   -60.378369      89.7888   72.82069   13.26576   24     1     1
   3    3    1   1.297747    66.489478   -60.386859      89.8188   73.02551    6.60181   24     2     1
   4    2    2   1.154679   112.641494     5.845375      112.793   83.68859   16.66611   24     1     1
   4    2    2   1.154679   112.681271     5.868823      112.834   83.93735    8.30740   24     2     1
   3    3    3   1.088642    49.758492    55.468454      74.5162   90.07598    2.24500    8     1     1
   5    1    1   1.088642    55.468454   -49.758492      74.5162   90.07598    6.73501   24     1     1
   3    3    3   1.088642    49.766468    55.499335      74.5445   90.35421    1.12070    8     2     1
   5    1    1   1.088642    55.499335   -49.766468      74.5445   90.35421    3.36210   24     2     1
   4    4    0   0.999982    94.337863     5.491209      94.4975  100.76358    5.24025   12     1     1
   4    4    0   0.999982    94.375230     5.513236      94.5361  101.09943    2.62442   12     2     1
   5    3    1   0.956165    41.592307    46.956307      62.7281  107.33844    9.56286   48     1     1
   5    3    1   0.956165    41.599799    46.985317      62.7548  107.71667    4.80056   48     2     1
   4    4    2   0.942792    -0.000000     0.000000  5.78622e-15  109.57871    0.00000   24     1     1
   4    4    2   0.942792    -0.000000     0.000000  6.10749e-15  109.97293    0.00000   24     2     1
   6    2    0   0.894411    79.934723     5.158502       80.101  118.91072    9.01128   24     1     1
   6    2    0   0.894411    79.969826     5.179194      80.1374  119.38267    4.54522   24     2     1
   5    3    3   0.862646    40.172479   -35.133479      53.3684  126.49158    4.60936   24     1     1
   5    3    3   0.862646    40.199731   -35.140517      53.3936  127.04472    2.33379   24     2     1
   6    2    2   0.852787    -0.000000     0.000000  5.38916e-15  129.18236    0.00000   24     1     1
   6    2    2   0.852787    -0.000000     0.000000  4.80356e-15  129.76977    0.00000   24     2     1
