0.000000,-6.916455E-5,0.019982,-1.098796E-8
1.029556,0.009936,0.023003,5.194458E-8
2.052596,0.019939,0.020499,1.103981E-7
3.077005,0.029943,0.020462,1.703590E-7
4.111063,0.039948,0.020598,2.314163E-7
5.134901,0.049946,0.020437,2.906539E-7
6.162849,0.059949,0.020461,3.554096E-7
7.192334,0.069950,0.022827,4.172151E-7
8.226945,0.079951,0.019372,4.827760E-7
9.252893,0.089955,0.020360,5.468196E-7
10.274542,0.099960,0.020459,6.095690E-7
11.297639,0.109957,0.017820,6.743928E-7
12.318267,0.119958,0.018069,7.359395E-7
13.348118,0.129961,0.020404,7.979327E-7
14.369624,0.139964,0.020386,8.596242E-7
15.381030,0.149966,0.020275,9.170852E-7
16.408063,0.159963,0.022853,9.818207E-7
17.627434,0.169944,0.020452,1.046214E-6
18.657901,0.179946,0.020591,1.109304E-6
19.695826,0.189938,0.020585,1.169330E-6
20.710292,0.199941,0.020685,1.234134E-6
21.741792,0.209946,0.020774,1.286964E-6
22.782654,0.219929,0.020707,1.357448E-6
