0.000000,-6.511883E-5,0.021926,-8.309105E-9
1.366290,0.009939,0.020070,4.967064E-8
2.751067,0.019939,0.020318,1.109603E-7
4.121128,0.029940,0.022729,1.670146E-7
5.506512,0.039945,0.022905,2.283722E-7
6.882178,0.049945,0.020430,2.926356E-7
8.233738,0.059945,0.020526,3.529329E-7
9.588902,0.069948,0.020438,4.224848E-7
10.952647,0.079951,0.020097,4.816686E-7
12.295981,0.089956,0.020532,5.417357E-7
13.654585,0.099961,0.020377,6.035904E-7
15.002325,0.109959,0.020886,6.782120E-7
16.357309,0.099957,0.020675,6.134551E-7
17.749295,0.089955,0.022857,5.481727E-7
19.099614,0.079948,0.020534,4.765568E-7
20.458580,0.069950,0.020750,4.128908E-7
21.813409,0.059945,0.020599,3.552710E-7
23.178334,0.049948,0.020603,2.945114E-7
24.542664,0.039944,0.022971,2.311634E-7
25.891024,0.029939,0.020311,1.685078E-7
27.247371,0.019938,0.020455,1.101807E-7
28.609414,0.009937,0.020593,5.037579E-8
29.991384,-6.756297E-5,0.020663,-8.299114E-9
31.352751,-0.010159,0.020761,-6.706594E-8
32.742763,-0.020158,0.022832,-1.270760E-7
34.110211,-0.030156,0.020758,-1.841840E-7
35.463054,-0.040159,0.020790,-2.415798E-7
36.815978,-0.050159,0.020760,-2.924682E-7
38.184415,-0.060161,0.020732,-3.471112E-7
39.565374,-0.070162,0.020900,-3.992241E-7
40.928374,-0.080159,0.021545,-4.536426E-7
42.292822,-0.090164,0.020725,-5.061128E-7
43.658757,-0.100169,0.020580,-5.575523E-7
45.022414,-0.110167,0.020712,-6.028359E-7
46.381490,-0.100170,0.020900,-5.544720E-7
47.736054,-0.090169,0.020739,-5.076105E-7
49.089129,-0.080161,0.020600,-4.573702E-7
50.449014,-0.070162,0.018769,-4.028583E-7
51.806010,-0.060163,0.020903,-3.510989E-7
53.166399,-0.050155,0.023221,-2.958905E-7
54.543844,-0.040160,0.022997,-2.429517E-7
55.911365,-0.030158,0.020519,-1.873311E-7
57.279427,-0.020158,0.020574,-1.318093E-7
58.639672,-0.010153,0.020349,-6.941556E-8
60.000597,-0.000153,0.020581,-9.930612E-9
61.370156,0.009936,0.020409,5.248028E-8
62.734966,0.019938,0.020119,1.098475E-7
64.110620,0.029945,0.020183,1.725761E-7
65.458768,0.039946,0.020352,2.373145E-7
66.823946,0.049944,0.020421,3.015241E-7
68.185211,0.059949,0.020419,3.665102E-7
69.534039,0.069952,0.020181,4.249256E-7
70.906462,0.079948,0.020315,4.896399E-7
72.259537,0.089954,0.020374,5.519468E-7
73.619964,0.099961,0.020826,6.180942E-7
74.979517,0.109961,0.020853,6.812591E-7
76.328653,0.099956,0.020809,6.105940E-7
77.702410,0.089957,0.020806,5.440725E-7
79.091814,0.079950,0.020843,4.807943E-7
80.449072,0.069950,0.020765,4.183451E-7
81.804615,0.059949,0.020903,3.528636E-7
83.166364,0.049947,0.023313,2.888969E-7
84.523586,0.039945,0.020586,2.270492E-7
85.873723,0.029942,0.017924,1.681352E-7
87.236227,0.019940,0.020850,1.082999E-7
88.582055,0.009938,0.020763,5.187064E-8
89.941344,-6.613028E-5,0.020578,-1.112837E-8
91.322674,-0.010155,0.020458,-6.978932E-8
92.668904,-0.020155,0.017847,-1.253509E-7
