0.000000,-6.731038E-5,0.023092,-9.625620E-9
10.986415,0.009940,0.020439,4.555698E-8
12.346039,0.019939,0.020304,1.005475E-7
13.710949,0.029942,0.020271,1.618138E-7
15.057450,0.039945,0.020526,2.223759E-7
16.391638,0.049945,0.020237,2.788848E-7
17.771135,0.039945,0.020477,2.188862E-7
19.119907,0.029943,0.020196,1.616320E-7
20.479978,0.019941,0.020570,1.043486E-7
21.837715,0.009943,0.023036,4.625425E-8
23.181081,-6.806900E-5,0.020670,-1.092516E-8
24.515777,-0.010155,0.020972,-6.552505E-8
25.877463,-0.020154,0.021480,-1.196744E-7
27.271700,-0.030154,0.021182,-1.733598E-7
28.635565,-0.040158,0.020994,-2.276585E-7
29.982744,-0.050157,0.020931,-2.794091E-7
31.358034,-0.040158,0.021146,-2.312922E-7
32.724655,-0.030154,0.020661,-1.746656E-7
34.091012,-0.020156,0.021147,-1.209665E-7
35.455998,-0.010156,0.021074,-6.375177E-8
36.796654,-0.000151,0.021001,-1.190273E-8
38.162260,0.009939,0.020951,4.274968E-8
39.521736,0.019937,0.021023,1.045240E-7
40.875424,0.029941,0.021156,1.627664E-7
42.221816,0.039946,0.021004,2.198277E-7
43.577530,0.049947,0.021274,2.798326E-7
44.962872,0.039948,0.021025,2.175154E-7
46.333192,0.029942,0.021191,1.630705E-7
47.689532,0.019939,0.021343,1.044241E-7
49.031548,0.009934,0.021286,4.585848E-8
50.390778,-6.537148E-5,0.021172,-1.079170E-8
51.752290,-0.010156,0.018729,-6.686019E-8
53.112419,-0.020156,0.021365,-1.191344E-7
54.455003,-0.030158,0.021447,-1.706401E-7
55.810730,-0.040159,0.021375,-2.256562E-7
57.169975,-0.050161,0.021449,-2.788725E-7
58.517803,-0.040162,0.021689,-2.245248E-7
59.869804,-0.030159,0.021557,-1.703307E-7
