0.000000,293.990000,0.100000,0.039233,1.652325E-7,237439.961196,293.990000,0.050000,0.020218,7.987433E-8,253126.996614,293.980000,0.020000,0.007129,3.097878E-8,230120.407980
9.923572,293.980000,0.100000,0.039878,1.657128E-7,240645.794869,293.990000,0.050000,0.019010,7.936744E-8,239516.989298,293.980000,0.020000,0.009066,3.166426E-8,286311.786873
19.833829,293.980000,0.100000,0.039629,1.645501E-7,240835.442856,293.980000,0.050000,0.021107,7.985913E-8,264296.628736,293.980000,0.020000,0.008223,3.171286E-8,259301.762382
29.786671,293.980000,0.100000,0.038416,1.656216E-7,231953.119074,293.980000,0.050000,0.019769,7.997005E-8,247201.920794,293.980000,0.020000,0.008012,3.166769E-8,252988.120559
39.701454,293.980000,0.100000,0.039399,1.654592E-7,238120.679675,293.980000,0.050000,0.019935,7.986542E-8,249606.141446,293.970000,0.020000,0.007820,3.237142E-8,241558.722981
49.651629,293.970000,0.100000,0.039316,1.647743E-7,238603.706361,293.970000,0.050000,0.021664,7.959200E-8,272193.817657,293.970000,0.020000,0.007199,3.105222E-8,231822.392045
59.570305,293.970000,0.100000,0.040359,1.653143E-7,244133.399050,293.970000,0.050000,0.020812,7.962340E-8,261381.688753,293.970000,0.020000,0.008273,3.239523E-8,255377.120436
69.489601,293.970000,0.100000,0.038484,1.649640E-7,233289.111691,293.970000,0.050000,0.020016,8.023947E-8,249458.889360,293.970000,0.020000,0.008019,3.107527E-8,258042.777782
79.421285,293.960000,0.100000,0.039491,1.653689E-7,238807.938937,293.960000,0.050000,0.019728,8.022907E-8,245894.657125,293.960000,0.020000,0.008195,3.169379E-8,258567.968665
89.353789,293.960000,0.100000,0.038833,1.651923E-7,235077.476201,293.960000,0.050000,0.017463,7.948177E-8,219711.381618,293.960000,0.020000,0.007851,3.154531E-8,248865.820858
