0.000000,293.880000,0.100000,0.038878,1.655654E-7,234816.599738,293.870000,0.050000,0.019958,8.044069E-8,248107.036190,293.880000,0.020000,0.009111,3.170977E-8,287310.528845
11.946634,293.870000,0.100000,0.038521,1.659726E-7,232093.680060,293.870000,0.050000,0.020253,7.919252E-8,255749.518255,293.870000,0.020000,0.008042,3.101811E-8,259275.945776
23.911874,293.870000,0.100000,0.038835,1.640079E-7,236785.890126,293.870000,0.050000,0.018488,7.938047E-8,232905.523917,293.870000,0.020000,0.006840,3.066480E-8,223042.377374
35.820724,293.870000,0.100000,0.038860,1.656277E-7,234624.768902,293.870000,0.050000,0.020947,8.055323E-8,260040.478789,293.870000,0.020000,0.007826,3.214642E-8,243462.537355
47.756066,293.870000,0.100000,0.039943,1.643977E-7,242967.567698,293.870000,0.050000,0.019445,7.962570E-8,244203.191257,293.870000,0.020000,0.006300,3.167607E-8,198891.489787
59.680725,293.870000,0.100000,0.038366,1.643025E-7,233509.220129,293.870000,0.050000,0.020328,7.961442E-8,255331.897425,293.870000,0.020000,0.007339,3.132938E-8,234257.761277
71.634036,293.880000,0.100000,0.039181,1.650831E-7,237341.384169,293.880000,0.050000,0.020986,8.005455E-8,262141.259377,293.880000,0.020000,0.007991,3.206458E-8,249222.008639
83.569098,293.890000,0.100000,0.039658,1.640244E-7,241778.337309,293.890000,0.050000,0.019762,7.964172E-8,248131.875696,293.900000,0.020000,0.007984,3.092968E-8,258137.137018
95.503159,293.910000,0.100000,0.038010,1.641129E-7,231607.035316,293.910000,0.050000,0.019222,7.960443E-8,241470.847929,293.930000,0.020000,0.008304,3.125482E-8,265677.413809
107.437679,293.940000,0.100000,0.038771,1.646723E-7,235446.033129,293.950000,0.050000,0.018917,8.022578E-8,235792.031302,293.970000,0.020000,0.007846,3.167447E-8,247691.614757
119.364335,293.990000,0.100000,0.038867,1.648037E-7,235838.746371,294.000000,0.050000,0.019737,7.948944E-8,248296.506311,294.030000,0.020000,0.007774,3.100139E-8,250762.936105
131.362814,294.050000,0.100000,0.038267,1.641474E-7,233128.301951,294.080000,0.050000,0.019743,7.981104E-8,247369.897596,294.110000,0.020000,0.006789,3.182677E-8,213298.459720
143.263950,294.140000,0.100000,0.038806,1.663670E-7,233256.312005,294.180000,0.050000,0.019452,8.143952E-8,238847.787260,294.220000,0.020000,0.007996,3.244737E-8,246423.662397
155.220332,294.260000,0.100000,0.039820,1.665509E-7,239086.922372,294.310000,0.050000,0.018864,8.075742E-8,233592.765823,294.360000,0.020000,0.007257,3.189365E-8,227542.169556
167.151696,294.410000,0.100000,0.037693,1.659137E-7,227184.990119,294.470000,0.050000,0.020368,8.039186E-8,253358.350323,294.540000,0.020000,0.008194,3.212636E-8,255064.672313
179.068740,294.600000,0.100000,0.039020,1.680590E-7,232178.000382,294.680000,0.050000,0.019561,8.107818E-8,241258.486498,294.760000,0.020000,0.008656,3.308568E-8,261622.220775
191.058948,294.840000,0.100000,0.039350,1.691829E-7,232586.709894,294.930000,0.050000,0.019406,8.280478E-8,234353.012013,295.020000,0.020000,0.007774,3.260429E-8,238439.475413
203.020474,295.110000,0.100000,0.038343,1.706138E-7,224737.037245,295.220000,0.050000,0.018734,8.220093E-8,227907.385899,295.320000,0.020000,0.007911,3.275121E-8,241560.542703
214.897794,295.430000,0.100000,0.038146,1.717630E-7,222082.801448,295.550000,0.050000,0.018387,8.343081E-8,220382.008197,295.670000,0.020000,0.007639,3.327840E-8,229552.799710
226.808402,295.790000,0.100000,0.038035,1.738004E-7,218845.006364,295.920000,0.050000,0.019194,8.390200E-8,228765.697961,296.050000,0.020000,0.006660,3.338905E-8,199480.070575
238.750967,296.190000,0.100000,0.038335,1.751292E-7,218898.120446,296.330000,0.050000,0.019083,8.548097E-8,223239.746012,296.480000,0.020000,0.008354,3.454455E-8,241839.895134
250.672996,296.620000,0.100000,0.038524,1.782734E-7,216097.531330,296.780000,0.050000,0.017874,8.673051E-8,206090.108391,296.930000,0.020000,0.007457,3.397234E-8,219506.530193
262.584983,297.090000,0.100000,0.036711,1.808689E-7,202971.345018,297.250000,0.050000,0.018865,8.819456E-8,213899.244905,297.410000,0.020000,0.008035,3.517689E-8,228431.229657
274.498549,297.570000,0.100000,0.037657,1.844699E-7,204136.543056,297.740000,0.050000,0.018629,8.975353E-8,207562.316103,297.900000,0.020000,0.007612,3.535431E-8,215308.980620
286.446737,298.070000,0.100000,0.036276,1.867502E-7,194247.152690,298.240000,0.050000,0.018374,9.040153E-8,203253.201557,298.410000,0.020000,0.008424,3.637771E-8,231571.730024
298.401014,298.580000,0.100000,0.035872,1.902418E-7,188559.003172,298.750000,0.050000,0.018145,9.262767E-8,195891.783548,298.920000,0.020000,0.007418,3.699653E-8,200499.892808
310.330774,299.090000,0.100000,0.036075,1.937725E-7,186173.958306,299.260000,0.050000,0.018184,9.487248E-8,191672.029107,299.430000,0.020000,0.007747,3.770670E-8,205458.190935
322.238670,299.600000,0.100000,0.037096,1.958871E-7,189372.109259,299.770000,0.050000,0.017051,9.594163E-8,177726.812064,299.930000,0.020000,0.007829,3.765282E-8,207916.710283
334.180655,300.100000,0.100000,0.036251,1.996053E-7,181614.946677,300.270000,0.050000,0.018381,9.819637E-8,187185.629241,300.420000,0.020000,0.007924,3.961356E-8,200033.774132
346.114906,300.590000,0.100000,0.035259,2.025629E-7,174062.758524,300.750000,0.050000,0.017632,9.897489E-8,178146.692328,300.900000,0.020000,0.006989,3.967212E-8,176169.074380
358.074831,301.060000,0.100000,0.035371,2.053184E-7,172272.894280,301.210000,0.050000,0.017494,1.006664E-7,173778.867219,301.360000,0.020000,0.006873,3.955186E-8,173769.338245
370.038778,301.510000,0.100000,0.033815,2.084216E-7,162241.606393,301.660000,0.050000,0.017982,1.021907E-7,175963.155783,301.810000,0.020000,0.007376,4.084471E-8,180587.657758
381.974685,301.950000,0.100000,0.034506,2.122695E-7,162556.562900,302.090000,0.050000,0.017515,1.039556E-7,168486.812244,302.230000,0.020000,0.006777,4.136829E-8,163810.258297
393.892769,302.360000,0.100000,0.034223,2.139120E-7,159984.488150,302.500000,0.050000,0.016559,1.046138E-7,158290.317734,302.630000,0.020000,0.006764,4.149482E-8,163003.471432
405.840026,302.760000,0.100000,0.033942,2.179209E-7,155754.012426,302.880000,0.050000,0.016672,1.062485E-7,156912.814299,303.010000,0.020000,0.006958,4.332560E-8,160587.494984
417.774370,303.130000,0.100000,0.033347,2.211620E-7,150780.877493,303.250000,0.050000,0.017205,1.087873E-7,158153.606015,303.370000,0.020000,0.006575,4.304274E-8,152743.531888
429.723155,303.490000,0.100000,0.033734,2.231830E-7,151148.165082,303.600000,0.050000,0.016927,1.093865E-7,154742.640037,303.710000,0.020000,0.006668,4.297375E-8,155164.506375
441.633859,303.820000,0.100000,0.034299,2.267765E-7,151248.049309,303.930000,0.050000,0.017000,1.116604E-7,152250.428746,304.030000,0.020000,0.006833,4.491910E-8,152110.110347
453.588716,304.140000,0.100000,0.033867,2.286890E-7,148092.803930,304.240000,0.050000,0.016918,1.126815E-7,150143.964300,304.340000,0.020000,0.006633,4.473889E-8,148254.696030
465.569150,304.440000,0.100000,0.033368,2.308532E-7,144540.148010,304.540000,0.050000,0.016631,1.131531E-7,146977.000460,304.640000,0.020000,0.006770,4.521584E-8,149736.237120
477.539486,304.730000,0.100000,0.032882,2.333847E-7,140889.683406,304.830000,0.050000,0.016595,1.135678E-7,146123.724571,304.920000,0.020000,0.006617,4.573697E-8,144665.240761
489.421670,305.010000,0.100000,0.033036,2.354114E-7,140331.747680,305.100000,0.050000,0.016562,1.155290E-7,143358.777650,305.180000,0.020000,0.006602,4.606105E-8,143328.245417
501.329928,305.270000,0.100000,0.032653,2.371455E-7,137692.885115,305.360000,0.050000,0.016402,1.164649E-7,140835.552227,305.440000,0.020000,0.006389,4.585321E-8,139337.041014
513.301276,305.530000,0.100000,0.031395,2.389041E-7,131412.799230,305.610000,0.050000,0.016403,1.172599E-7,139881.987142,305.690000,0.020000,0.006793,4.675764E-8,145274.650497
525.236059,305.780000,0.100000,0.032521,2.410921E-7,134890.154388,305.860000,0.050000,0.015955,1.181802E-7,135003.957892,305.940000,0.020000,0.006284,4.706781E-8,133509.511983
537.156589,306.020000,0.100000,0.032034,2.422489E-7,132237.155240,306.100000,0.050000,0.016023,1.190407E-7,134602.647914,306.180000,0.020000,0.006339,4.692924E-8,135074.622846
549.148778,306.260000,0.100000,0.031794,2.449043E-7,129821.919722,306.340000,0.050000,0.016035,1.202749E-7,133318.303187,306.420000,0.020000,0.006634,4.805176E-8,138069.864937
561.075624,306.500000,0.100000,0.031535,2.471246E-7,127608.297839,306.580000,0.050000,0.015797,1.212364E-7,130299.979223,306.660000,0.020000,0.006399,4.895955E-8,130705.860062
573.045504,306.740000,0.100000,0.031545,2.497605E-7,126302.788955,306.820000,0.050000,0.015873,1.226473E-7,129420.304228,306.900000,0.020000,0.006292,4.869161E-8,129224.519459
584.981775,306.980000,0.100000,0.031387,2.504183E-7,125338.664040,307.060000,0.050000,0.015799,1.222479E-7,129237.820906,307.140000,0.020000,0.006299,4.839381E-8,130166.445894
596.913150,307.220000,0.100000,0.031141,2.523873E-7,123384.161362,307.300000,0.050000,0.015580,1.239357E-7,125709.909695,307.380000,0.020000,0.006305,4.959013E-8,127134.175898
608.858565,307.460000,0.100000,0.031000,2.551823E-7,121483.360840,307.540000,0.050000,0.015753,1.256307E-7,125387.780324,307.620000,0.020000,0.006255,5.046363E-8,123943.711430
620.802585,307.700000,0.100000,0.030854,2.559223E-7,120562.002204,307.790000,0.050000,0.015446,1.253094E-7,123263.258307,307.870000,0.020000,0.006210,4.956363E-8,125285.412346
632.748561,307.960000,0.100000,0.030302,2.577692E-7,117556.706342,308.040000,0.050000,0.015291,1.269277E-7,120468.199264,308.130000,0.020000,0.006270,5.128458E-8,122256.046225
644.696892,308.220000,0.100000,0.031224,2.602397E-7,119980.738875,308.300000,0.050000,0.015207,1.277584E-7,119031.666070,308.390000,0.020000,0.006002,5.090575E-8,117913.012446
656.654704,308.480000,0.100000,0.030502,2.624994E-7,116197.009415,308.560000,0.050000,0.015228,1.292344E-7,117828.901402,308.650000,0.020000,0.005898,5.154493E-8,114433.174870
668.613767,308.740000,0.100000,0.029176,2.645562E-7,110282.980227,308.840000,0.050000,0.015128,1.304075E-7,116002.543251,308.920000,0.020000,0.006034,5.121665E-8,117809.340022
680.549387,309.020000,0.100000,0.030177,2.671777E-7,112947.670221,309.110000,0.050000,0.015081,1.318195E-7,114406.829751,309.210000,0.020000,0.006183,5.253003E-8,117709.812612
692.462080,309.300000,0.100000,0.029864,2.698133E-7,110685.629100,309.390000,0.050000,0.015258,1.328868E-7,114820.674538,309.490000,0.020000,0.006219,5.295517E-8,117437.079673
704.403809,309.580000,0.100000,0.029599,2.709778E-7,109228.871155,309.680000,0.050000,0.014967,1.332125E-7,112352.823743,309.780000,0.020000,0.005942,5.349369E-8,111084.138197
716.357942,309.870000,0.100000,0.029632,2.741554E-7,108085.238718,309.970000,0.050000,0.014909,1.357345E-7,109836.831143,310.070000,0.020000,0.006004,5.470153E-8,109767.495613
728.300176,310.170000,0.100000,0.028918,2.781372E-7,103969.739310,310.270000,0.050000,0.014749,1.372001E-7,107502.458614,310.370000,0.020000,0.006078,5.432917E-8,111872.689054
740.248999,310.470000,0.100000,0.028949,2.796560E-7,103515.745403,310.570000,0.050000,0.014445,1.368997E-7,105514.861975,310.680000,0.020000,0.005935,5.429979E-8,109309.823061
752.225667,310.780000,0.100000,0.028715,2.806608E-7,102312.460965,310.880000,0.050000,0.014487,1.384934E-7,104606.753806,310.980000,0.020000,0.005792,5.510865E-8,105101.467570
764.178073,311.090000,0.100000,0.028492,2.841107E-7,100283.617661,311.190000,0.050000,0.014498,1.412388E-7,102646.712657,311.290000,0.020000,0.005692,5.641061E-8,100900.352030
776.108293,311.400000,0.100000,0.028537,2.879642E-7,99099.486661,311.510000,0.050000,0.014125,1.414588E-7,99849.195077,311.610000,0.020000,0.005398,5.631838E-8,95855.022053
788.012670,311.710000,0.100000,0.028351,2.898146E-7,97824.942049,311.820000,0.050000,0.014326,1.429341E-7,100225.919435,311.920000,0.020000,0.005808,5.726967E-8,101406.213287
800.015879,312.030000,0.100000,0.027961,2.924925E-7,95596.638795,312.140000,0.050000,0.014133,1.441678E-7,98030.886683,312.240000,0.020000,0.005792,5.837913E-8,99213.538993
811.971129,312.350000,0.100000,0.027866,2.952053E-7,94393.979373,312.450000,0.050000,0.013997,1.465632E-7,95502.498584,312.560000,0.020000,0.005637,5.945171E-8,94809.724256
823.943332,312.670000,0.100000,0.027775,2.984530E-7,93064.405672,312.770000,0.050000,0.013668,1.468645E-7,93065.058015,312.880000,0.020000,0.005547,5.871225E-8,94474.322949
835.869940,312.990000,0.100000,0.027201,2.995131E-7,90818.893522,313.090000,0.050000,0.013580,1.476053E-7,92004.163030,313.200000,0.020000,0.005404,5.873350E-8,92004.560449
847.809974,313.310000,0.100000,0.027121,3.030086E-7,89505.878169,313.420000,0.050000,0.013505,1.503488E-7,89826.441975,313.520000,0.020000,0.005230,6.052964E-8,86410.553505
859.706868,313.620000,0.100000,0.026546,3.051484E-7,86994.228461,313.730000,0.050000,0.013349,1.498650E-7,89076.192592,313.840000,0.020000,0.005134,5.969873E-8,86000.147463
871.688622,313.940000,0.100000,0.026482,3.080094E-7,85977.411151,314.050000,0.050000,0.013263,1.534431E-7,86439.201752,314.150000,0.020000,0.005354,6.128860E-8,87359.645845
883.618742,314.250000,0.100000,0.026025,3.125705E-7,83259.774898,314.370000,0.050000,0.013021,1.552805E-7,83856.639629,314.480000,0.020000,0.005267,6.233812E-8,84495.654709
895.564759,314.590000,0.100000,0.025673,3.149311E-7,81519.584214,314.710000,0.050000,0.013065,1.559856E-7,83759.653072,314.820000,0.020000,0.004979,6.206582E-8,80214.033797
907.531784,314.940000,0.100000,0.025730,3.163870E-7,81325.717691,315.050000,0.050000,0.013009,1.572669E-7,82720.220525,315.160000,0.020000,0.005220,6.271222E-8,83244.544626
919.439638,315.270000,0.100000,0.025530,3.182410E-7,80220.805767,315.370000,0.050000,0.012889,1.579723E-7,81592.471745,315.490000,0.020000,0.004967,6.394511E-8,77679.123486
931.388886,315.590000,0.100000,0.025309,3.217499E-7,78659.077904,315.700000,0.050000,0.012592,1.597399E-7,78830.949165,315.800000,0.020000,0.005021,6.360742E-8,78936.550141
943.318248,315.910000,0.100000,0.025009,3.245190E-7,77064.063210,316.020000,0.050000,0.012770,1.603895E-7,79618.980810,316.120000,0.020000,0.005079,6.438673E-8,78882.710948
955.226800,316.220000,0.100000,0.024715,3.278849E-7,75378.289260,316.330000,0.050000,0.012642,1.622954E-7,77893.475412,316.430000,0.020000,0.005000,6.476031E-8,77205.470534
967.184477,316.530000,0.100000,0.024614,3.292133E-7,74765.194080,316.630000,0.050000,0.012528,1.635899E-7,76583.265344,316.730000,0.020000,0.004925,6.518275E-8,75555.261811
979.141885,316.830000,0.100000,0.024045,3.323653E-7,72345.244027,316.930000,0.050000,0.012275,1.648226E-7,74475.232488,317.030000,0.020000,0.005155,6.577181E-8,78380.838761
991.116731,317.130000,0.100000,0.023985,3.343311E-7,71739.959698,317.230000,0.050000,0.012101,1.651599E-7,73266.868653,317.330000,0.020000,0.004832,6.625501E-8,72929.576853
1003.066123,317.430000,0.100000,0.023869,3.378759E-7,70643.993199,317.530000,0.050000,0.012030,1.671129E-7,71988.158346,317.620000,0.020000,0.004651,6.709807E-8,69319.429364
1014.966210,317.720000,0.100000,0.023554,3.399895E-7,69278.610505,317.810000,0.050000,0.011996,1.686481E-7,71130.638131,317.910000,0.020000,0.004861,6.744961E-8,72063.424049
1026.853788,318.010000,0.100000,0.023592,3.436925E-7,68642.893479,318.100000,0.050000,0.011709,1.708490E-7,68534.183187,318.190000,0.020000,0.004663,6.802229E-8,68556.940971
1038.776945,318.290000,0.100000,0.022615,3.453373E-7,65487.713347,318.390000,0.050000,0.011633,1.702744E-7,68320.591708,318.480000,0.020000,0.004648,6.803274E-8,68320.781692
1050.706793,318.580000,0.100000,0.022877,3.464962E-7,66024.246235,318.670000,0.050000,0.011463,1.726156E-7,66409.113973,318.770000,0.020000,0.004598,6.931553E-8,66340.830254
1062.648710,318.860000,0.100000,0.022732,3.484315E-7,65242.227810,318.960000,0.050000,0.011346,1.729963E-7,65584.341912,319.050000,0.020000,0.004393,6.910554E-8,63572.328053
1074.614764,319.150000,0.100000,0.022135,3.505087E-7,63149.642621,319.240000,0.050000,0.011136,1.734607E-7,64200.429728,319.340000,0.020000,0.004557,6.963243E-8,65440.767720
1086.564850,319.430000,0.100000,0.021982,3.513537E-7,62562.304040,319.520000,0.050000,0.011058,1.748381E-7,63249.665699,319.620000,0.020000,0.004349,7.042085E-8,61763.665243
1098.500948,319.720000,0.100000,0.021729,3.536747E-7,61437.662723,319.810000,0.050000,0.010765,1.749548E-7,61530.451693,319.900000,0.020000,0.004185,6.974260E-8,60004.217673
1110.386273,320.000000,0.100000,0.021552,3.535860E-7,60951.222453,320.090000,0.050000,0.010622,1.734378E-7,61243.873981,320.190000,0.020000,0.004216,6.900898E-8,61088.429728
1122.371302,320.280000,0.100000,0.020942,3.524694E-7,59413.661158,320.380000,0.050000,0.010538,1.755405E-7,60032.597404,320.470000,0.020000,0.004256,7.039687E-8,60453.686202
1134.276243,320.570000,0.100000,0.020923,3.555643E-7,58843.649540,320.660000,0.050000,0.010188,1.763197E-7,57778.842893,320.760000,0.020000,0.004081,6.991628E-8,58371.238454
1146.217189,320.850000,0.100000,0.020373,3.564157E-7,57159.933575,320.950000,0.050000,0.010231,1.774917E-7,57641.836593,321.050000,0.020000,0.004068,7.085930E-8,57406.013928
1158.163014,321.140000,0.100000,0.020208,3.592497E-7,56249.312357,321.240000,0.050000,0.010138,1.793361E-7,56532.390901,321.330000,0.020000,0.004193,7.161029E-8,58551.637365
1170.089940,321.430000,0.100000,0.019988,3.629608E-7,55069.449142,321.530000,0.050000,0.010087,1.800958E-7,56011.288620,321.630000,0.020000,0.003868,7.210265E-8,53641.578339
1182.042664,321.720000,0.100000,0.019658,3.653399E-7,53806.473094,321.830000,0.050000,0.009646,1.816488E-7,53104.672053,321.920000,0.020000,0.004087,7.297528E-8,56008.005019
1193.980379,322.020000,0.100000,0.019553,3.673128E-7,53232.150759,322.120000,0.050000,0.009711,1.835726E-7,52899.512225,322.210000,0.020000,0.004019,7.352446E-8,54660.040144
1205.905251,322.310000,0.100000,0.019139,3.715788E-7,51508.450385,322.410000,0.050000,0.009454,1.850562E-7,51087.458911,322.510000,0.020000,0.003883,7.386238E-8,52573.447297
1217.876763,322.610000,0.100000,0.019184,3.738319E-7,51316.508992,322.710000,0.050000,0.009616,1.858030E-7,51753.730366,322.810000,0.020000,0.003773,7.424941E-8,50814.542641
1229.807447,322.910000,0.100000,0.018904,3.771692E-7,50119.417689,323.010000,0.050000,0.009310,1.882097E-7,49466.374838,323.100000,0.020000,0.003799,7.554775E-8,50283.432787
1241.776028,323.200000,0.100000,0.018451,3.800155E-7,48553.289055,323.300000,0.050000,0.009371,1.899013E-7,49346.152957,323.410000,0.020000,0.003992,7.671535E-8,52041.082791
1253.750778,323.500000,0.100000,0.018237,3.835340E-7,47549.630417,323.610000,0.050000,0.009122,1.913314E-7,47678.800162,323.710000,0.020000,0.003697,7.700288E-8,48004.697684
1265.696466,323.800000,0.100000,0.018655,3.862577E-7,48295.864405,323.900000,0.050000,0.009342,1.922156E-7,48600.628063,324.010000,0.020000,0.003391,7.681476E-8,44145.163282
1277.645982,324.110000,0.100000,0.017292,3.889437E-7,44457.976376,324.210000,0.050000,0.008833,1.938074E-7,45575.914951,324.310000,0.020000,0.003565,7.821058E-8,45580.788020
1289.599779,324.410000,0.100000,0.017474,3.926102E-7,44506.616801,324.510000,0.050000,0.008859,1.961741E-7,45159.111786,324.610000,0.020000,0.003680,7.847710E-8,46890.748798
1301.535755,324.720000,0.100000,0.016965,3.956411E-7,42880.787771,324.810000,0.050000,0.008621,1.961439E-7,43951.404814,324.910000,0.020000,0.003301,7.828763E-8,42163.750831
1313.476131,325.020000,0.100000,0.016617,3.964564E-7,41913.815969,325.110000,0.050000,0.008653,1.976897E-7,43768.598960,325.220000,0.020000,0.003544,7.955994E-8,44548.802336
1325.417461,325.320000,0.100000,0.016473,4.007252E-7,41108.222376,325.420000,0.050000,0.008226,2.007337E-7,40980.657749,325.520000,0.020000,0.003361,8.074547E-8,41618.432522
1337.345907,325.620000,0.100000,0.016116,4.041597E-7,39875.448172,325.720000,0.050000,0.008118,2.010352E-7,40382.736301,325.820000,0.020000,0.003167,8.010096E-8,39535.106433
1349.251107,325.920000,0.100000,0.015759,4.077693E-7,38647.467708,326.030000,0.050000,0.008036,2.033357E-7,39520.859366,326.120000,0.020000,0.003240,8.151618E-8,39752.228821
1361.175783,326.220000,0.100000,0.015619,4.097200E-7,38120.664950,326.320000,0.050000,0.007864,2.049425E-7,38370.039541,326.430000,0.020000,0.003160,8.168642E-8,38678.398264
1373.156143,326.530000,0.100000,0.015217,4.132658E-7,36820.859013,326.630000,0.050000,0.007576,2.067337E-7,36646.427183,326.730000,0.020000,0.003047,8.205511E-8,37134.189732
1385.082764,326.830000,0.100000,0.015470,4.257172E-7,36338.790906,326.930000,0.050000,0.007645,2.093535E-7,36516.234487,327.030000,0.020000,0.003015,8.426648E-8,35775.790515
1397.033766,327.130000,0.100000,0.014950,4.233743E-7,35312.249468,327.230000,0.050000,0.007377,2.111266E-7,34943.007482,327.330000,0.020000,0.002809,8.445615E-8,33255.128264
1408.931614,327.430000,0.100000,0.014266,4.244806E-7,33608.017217,327.530000,0.050000,0.007241,2.111677E-7,34290.281761,327.630000,0.020000,0.002950,8.474987E-8,34810.082434
1420.868848,327.730000,0.100000,0.014284,4.274664E-7,33415.842460,327.830000,0.050000,0.007086,2.138059E-7,33141.273696,327.930000,0.020000,0.003821,8.565951E-8,44605.089292
1432.774175,328.030000,0.100000,0.013738,4.303653E-7,31922.185108,328.130000,0.050000,0.007071,2.141041E-7,33024.123781,328.230000,0.020000,0.002828,8.562547E-8,33024.051174
1444.691882,328.330000,0.100000,0.013826,4.337512E-7,31875.071601,328.430000,0.050000,0.006851,2.172981E-7,31529.034480,328.530000,0.020000,0.003094,8.767013E-8,35288.529570
1456.607876,328.630000,0.100000,0.013030,4.380755E-7,29744.416964,328.730000,0.050000,0.006424,2.173192E-7,29558.132276,328.830000,0.020000,0.002687,8.679952E-8,30952.937248
1468.521846,328.930000,0.100000,0.013083,4.408494E-7,29677.257398,329.020000,0.050000,0.006565,2.196966E-7,29880.977146,329.130000,0.020000,0.002814,8.851740E-8,31785.842384
1480.463763,329.230000,0.100000,0.012813,4.456201E-7,28753.979345,329.320000,0.050000,0.007067,2.218350E-7,31858.359860,329.420000,0.020000,0.002618,8.854843E-8,29569.128708
1492.393749,329.520000,0.100000,0.012324,4.467590E-7,27586.349494,329.620000,0.050000,0.005967,2.220210E-7,26873.810870,329.720000,0.020000,0.002843,8.942278E-8,31797.265504
1504.281983,329.820000,0.100000,0.012797,4.510694E-7,28369.471504,329.920000,0.050000,0.006430,2.259723E-7,28454.595507,330.020000,0.020000,0.002394,9.088846E-8,26344.927855
1516.201847,330.120000,0.100000,0.011743,4.531385E-7,25913.933979,330.220000,0.050000,0.004837,2.251416E-7,21486.478730,330.320000,0.020000,0.001676,8.945021E-8,18739.475124
1528.155509,330.420000,0.100000,0.011623,4.559626E-7,25490.906137,330.520000,0.050000,0.004226,2.276644E-7,18561.530550,330.610000,0.020000,0.002890,9.212048E-8,31373.588108
1540.092160,330.710000,0.100000,0.011547,4.613870E-7,25026.062542,330.810000,0.050000,0.006820,2.304161E-7,29597.762880,330.910000,0.020000,0.003052,9.150381E-8,33357.079410
1552.019066,331.010000,0.100000,0.010348,4.620054E-7,22397.355746,331.110000,0.050000,0.004305,2.309163E-7,18641.600792,331.210000,0.020000,0.001454,9.239193E-8,15740.011268
1563.961759,331.310000,0.100000,0.010462,4.657763E-7,22462.499221,331.410000,0.050000,0.004943,2.325920E-7,21250.296991,331.500000,0.020000,0.002316,9.427389E-8,24572.020016
1575.916826,331.600000,0.100000,0.010487,4.722555E-7,22207.260219,331.710000,0.050000,0.006077,2.356888E-7,25785.489394,331.810000,0.020000,0.003397,9.522181E-8,35670.925551
1587.854394,331.900000,0.100000,0.009377,4.735020E-7,19802.660148,332.000000,0.050000,0.003186,2.359940E-7,13500.130882,332.100000,0.020000,0.002088,9.388818E-8,22236.026953
1599.832730,332.210000,0.100000,0.009496,4.760464E-7,19947.739994,332.300000,0.050000,0.002875,2.369505E-7,12131.856666,332.400000,0.020000,0.001942,9.461235E-8,20530.618612
1611.741769,332.500000,0.100000,0.009450,4.809572E-7,19648.215278,332.600000,0.050000,0.004342,2.404863E-7,18056.536791,332.700000,0.020000,0.002891,9.703949E-8,29793.025704
1623.681823,332.800000,0.100000,0.009831,4.835291E-7,20331.971472,332.900000,0.050000,0.004241,2.412466E-7,17580.556866,332.990000,0.020000,0.000207,9.564494E-8,2168.436822
1635.654698,333.090000,0.100000,0.008556,4.858565E-7,17609.726203,333.190000,0.050000,0.003083,2.416069E-7,12759.362522,333.290000,0.020000,0.000418,9.689467E-8,4318.091130
1647.590862,333.390000,0.100000,0.007133,4.878846E-7,14619.646821,333.490000,0.050000,0.004466,2.438944E-7,18311.407093,333.590000,0.020000,0.000554,9.719801E-8,5697.647430
1659.543805,333.690000,0.100000,0.007705,4.913994E-7,15680.523222,333.790000,0.050000,0.004818,2.461769E-7,19569.664127,333.890000,0.020000,0.002341,9.895335E-8,23660.138747
1671.480774,333.990000,0.100000,0.008153,4.953195E-7,16460.387173,334.090000,0.050000,0.003887,2.457527E-7,15817.931189,334.180000,0.020000,0.001822,9.971114E-8,18277.295021
1683.374700,334.280000,0.100000,0.008086,4.972167E-7,16263.232185,334.380000,0.050000,0.004766,2.481401E-7,19206.082533,334.480000,0.020000,0.001410,9.997433E-8,14106.621274
1695.290429,334.580000,0.100000,0.006439,4.983382E-7,12920.041531,334.680000,0.050000,0.002393,2.494590E-7,9594.560750,334.780000,0.020000,0.001554,9.953549E-8,15608.502907
1707.194995,334.880000,0.100000,0.007315,5.044485E-7,14500.986147,334.980000,0.050000,0.003302,2.529348E-7,13055.538596,335.080000,0.020000,0.002462,1.010763E-7,24358.826974
1719.151714,335.180000,0.100000,0.006463,5.091045E-7,12694.937990,335.280000,0.050000,0.003921,2.535249E-7,15465.542764,335.380000,0.020000,0.001517,1.023283E-7,14821.901591
1731.104078,335.480000,0.100000,0.007068,5.086937E-7,13893.919614,335.570000,0.050000,0.003299,2.539154E-7,12991.333328,335.680000,0.020000,0.000140,1.007512E-7,1394.523924
1743.082930,335.770000,0.100000,0.005142,5.118402E-7,10045.908886,335.870000,0.050000,0.001451,2.557076E-7,5673.667479,335.970000,0.020000,-0.000508,1.025389E-7,-4956.167938
1755.038019,336.070000,0.100000,0.003843,5.136548E-7,7481.484339,336.170000,0.050000,0.001977,2.577096E-7,7671.812240,336.270000,0.020000,0.001291,1.031822E-7,12514.269727
1766.985702,336.360000,0.100000,0.005051,5.163145E-7,9782.797912,336.470000,0.050000,0.003366,2.582953E-7,13031.210206,336.570000,0.020000,0.000732,1.038718E-7,7044.262855
1778.956254,336.660000,0.100000,0.005609,5.188694E-7,10810.427462,336.770000,0.050000,0.003051,2.587595E-7,11791.257296,336.870000,0.020000,0.000788,1.033563E-7,7623.628727
1790.872522,336.980000,0.100000,0.004130,5.203694E-7,7936.476823,337.090000,0.050000,0.000822,2.601251E-7,3160.978498,337.190000,0.020000,0.000962,1.058090E-7,9089.020666
1802.779606,337.300000,0.100000,0.005060,5.244846E-7,9647.662414,337.410000,0.050000,0.003227,2.618856E-7,12322.553962,337.510000,0.020000,0.001541,1.060728E-7,14531.528759
1814.745842,337.620000,0.100000,0.004470,5.253988E-7,8508.583818,337.720000,0.050000,0.001542,2.628713E-7,5864.467790,337.830000,0.020000,0.000709,1.041930E-7,6808.519328
1826.701108,337.930000,0.100000,0.003218,5.224676E-7,6158.276757,338.040000,0.050000,0.000553,2.597869E-7,2129.244918,338.140000,0.020000,-0.000363,1.046092E-7,-3465.755432
1838.662709,338.240000,0.100000,0.002885,5.261624E-7,5482.338264,338.350000,0.050000,0.001984,2.637198E-7,7522.946355,338.450000,0.020000,0.000975,1.063979E-7,9159.484809
1850.634758,338.550000,0.100000,0.002666,5.305584E-7,5024.611848,338.660000,0.050000,0.001369,2.658466E-7,5148.270098,338.760000,0.020000,0.000320,1.072478E-7,2980.014904
1862.581472,338.860000,0.100000,0.002363,5.323193E-7,4439.628698,338.960000,0.050000,0.001304,2.674383E-7,4877.200054,339.060000,0.020000,3.875000E-5,1.070020E-7,362.142926
1874.552621,339.160000,0.100000,0.002037,5.339438E-7,3814.633540,339.260000,0.050000,0.000765,2.673304E-7,2861.814829,339.360000,0.020000,-0.000512,1.072790E-7,-4774.466582
1886.486957,339.460000,0.100000,0.001176,5.368647E-7,2190.496200,339.560000,0.050000,0.001322,2.709028E-7,4878.317424,339.660000,0.020000,-6.485000E-5,1.091958E-7,-593.887180
1898.413454,339.760000,0.100000,0.002135,5.413679E-7,3943.344596,339.850000,0.050000,0.001924,2.691979E-7,7145.671690,339.960000,0.020000,0.000260,1.075803E-7,2418.657990
1910.336257,340.060000,0.100000,0.001620,5.402081E-7,2998.473917,340.150000,0.050000,0.000758,2.698515E-7,2808.211356,340.250000,0.020000,0.000553,1.093487E-7,5054.930894
1922.252517,340.350000,0.100000,0.001771,5.432763E-7,3259.022991,340.440000,0.050000,0.001555,2.722668E-7,5711.860213,340.540000,0.020000,0.000589,1.088253E-7,5416.480639
1934.199767,340.640000,0.100000,0.002487,5.460480E-7,4554.636225,340.730000,0.050000,-0.000191,2.726119E-7,-700.813026,340.830000,0.020000,-0.001048,1.088209E-7,-9630.044843
1946.145491,340.930000,0.100000,0.001286,5.493202E-7,2340.164967,341.020000,0.050000,-0.000700,2.752823E-7,-2543.752588,341.120000,0.020000,-0.000960,1.108514E-7,-8660.692182
1958.097897,341.220000,0.100000,0.001241,5.493995E-7,2258.192626,341.310000,0.050000,0.000964,2.775378E-7,3474.121087,341.410000,0.020000,0.001390,1.122020E-7,12390.153998
1969.977991,341.510000,0.100000,0.000465,5.521069E-7,841.956539,341.600000,0.050000,0.000497,2.774875E-7,1789.810251,341.700000,0.020000,-0.001121,1.120351E-7,-10004.903157
1981.887068,341.800000,0.100000,0.001022,5.584407E-7,1830.275035,341.890000,0.050000,0.001733,2.813287E-7,6158.455538,341.980000,0.200000,0.000888,1.109000E-6,800.991652
1993.881810,342.090000,0.100000,0.000798,5.599600E-7,1425.637618,342.190000,0.050000,0.000459,2.807542E-7,1634.703990,342.280000,0.200000,0.002310,1.110949E-6,2078.852825
2005.876591,342.380000,0.100000,0.001032,5.612363E-7,1839.064825,342.480000,0.050000,0.002867,2.819516E-7,10167.878858,342.570000,0.200000,0.001156,1.110081E-6,1040.915004
2017.894104,342.670000,0.100000,0.000588,5.606893E-7,1048.530850,342.770000,0.050000,0.001319,2.810228E-7,4693.746681,342.870000,0.200000,0.003130,1.104135E-6,2834.573076
2029.895081,342.970000,0.100000,0.000618,5.600185E-7,1103.624215,343.070000,0.050000,0.001260,2.816110E-7,4474.079587,343.160000,0.200000,0.000953,1.105377E-6,862.330575
2041.891836,343.260000,0.100000,0.000594,5.628925E-7,1055.618924,343.360000,0.050000,0.001620,2.837504E-7,5710.125055,343.460000,0.200000,0.000914,1.118811E-6,816.760071
2053.936139,343.560000,0.100000,-0.001046,5.635725E-7,-1855.839361,343.650000,0.050000,0.000431,2.839500E-7,1516.464235,343.750000,0.200000,0.000665,1.111116E-6,598.092350
2065.891324,343.850000,0.100000,0.001432,5.646945E-7,2535.087735,343.950000,0.050000,0.000165,2.818427E-7,586.674673,344.050000,0.200000,0.000545,1.108882E-6,491.666544
2077.894743,344.150000,0.100000,0.001708,5.651581E-7,3022.340254,344.250000,0.050000,0.000123,2.839296E-7,431.444921,344.350000,0.200000,0.000407,1.113196E-6,365.434283
2089.965001,344.450000,0.100000,-0.001314,5.672919E-7,-2315.651052,344.550000,0.050000,8.930000E-5,2.850647E-7,313.262232,344.640000,0.200000,-0.000540,1.110736E-6,-486.344149
2101.974264,344.750000,0.100000,-0.001354,5.651797E-7,-2396.494529,344.850000,0.050000,0.000120,2.855830E-7,419.667776,344.940000,0.200000,-0.000430,1.116623E-6,-384.865631
2113.970204,345.040000,0.100000,5.100000E-6,5.662060E-7,9.007323,345.140000,0.400000,0.000667,2.188891E-6,304.857587,345.240000,0.200000,-0.000875,1.107373E-6,-790.474711
2126.001675,345.350000,0.100000,-0.000153,5.667985E-7,-270.731151,345.440000,0.400000,0.000288,2.176558E-6,132.525735,345.540000,0.200000,0.000942,1.109648E-6,848.647154
2138.026255,345.640000,0.100000,-4.165000E-5,5.707885E-7,-72.969231,345.750000,0.400000,9.915000E-5,2.192728E-6,45.217650,345.850000,0.200000,-0.001063,1.117578E-6,-950.895989
2150.044116,345.950000,0.100000,-1.100000E-5,5.697704E-7,-19.306024,346.040000,0.400000,-0.000719,2.191268E-6,-328.188927,346.150000,0.200000,-8.250000E-6,1.119070E-6,-7.372194
2162.033699,346.250000,0.100000,-0.001406,5.718424E-7,-2458.194748,346.350000,0.400000,-0.000981,2.163207E-6,-453.678170,346.450000,0.200000,-0.000311,1.112030E-6,-279.488986
2174.049746,346.550000,0.100000,-0.001160,5.702041E-7,-2035.060903,346.650000,0.400000,-0.000658,2.168546E-6,-303.636572,346.750000,0.200000,-0.001361,1.119401E-6,-1216.096987
2186.095765,346.850000,0.100000,4.435000E-5,5.717998E-7,77.562115,346.950000,0.400000,-0.001175,2.172312E-6,-540.921333,347.050000,0.200000,-0.001335,1.113103E-6,-1199.125148
2198.071053,347.150000,0.100000,0.000127,5.714528E-7,222.065584,347.250000,0.400000,0.000323,2.172806E-6,148.816797,347.350000,0.200000,5.300000E-6,1.119265E-6,4.735249
2210.096645,347.450000,0.100000,2.375000E-5,5.746672E-7,41.328265,347.550000,0.400000,0.000186,2.179754E-6,85.193095,347.650000,0.200000,-6.730000E-5,1.120581E-6,-60.058111
2222.180759,347.760000,0.100000,-6.625000E-5,5.795744E-7,-114.308024,347.860000,0.400000,0.000293,2.166202E-6,135.398285,347.960000,0.200000,-0.001211,1.117681E-6,-1083.090577
2234.223753,348.060000,0.100000,-0.001407,5.787531E-7,-2430.742731,348.160000,0.400000,0.000143,2.188332E-6,65.392284,348.260000,0.200000,-0.000309,1.127142E-6,-273.789867
2246.243052,348.360000,0.100000,-0.000884,5.783043E-7,-1529.471570,348.460000,0.400000,0.000226,2.188390E-6,103.455062,348.570000,0.200000,-0.001330,1.127830E-6,-1179.566497
2258.254839,348.670000,0.100000,0.000119,5.804617E-7,205.784469,348.760000,0.400000,-0.000952,2.177268E-6,-437.291043,348.870000,0.200000,-0.000148,1.130565E-6,-130.731093
2270.277186,348.970000,0.100000,-0.001272,5.819609E-7,-2185.713728,349.070000,0.400000,-0.000977,2.173586E-6,-449.671664,349.170000,0.200000,-3.110000E-5,1.124987E-6,-27.644754
2282.293029,349.270000,0.100000,-0.001116,5.783812E-7,-1929.955476,349.370000,0.400000,0.000300,2.183384E-6,137.515898,349.470000,0.200000,-0.001286,1.131003E-6,-1137.176882
2294.331735,349.570000,0.100000,-0.000165,5.820343E-7,-282.801194,349.670000,0.400000,-0.000974,2.185014E-6,-445.740814,349.770000,0.200000,1.430000E-5,1.127603E-6,12.681764
2306.325067,349.870000,0.100000,-0.000238,5.821496E-7,-409.087289,349.970000,0.400000,-0.000739,2.160594E-6,-341.896752,350.070000,0.200000,-0.000257,1.125605E-6,-228.010721
2318.330843,350.170000,0.100000,-7.030000E-5,5.864420E-7,-119.875450,350.260000,0.400000,-0.001250,2.183988E-6,-572.347455,350.360000,0.200000,-0.000322,1.140190E-6,-282.189903
2330.332145,350.440000,0.100000,-0.000168,5.881313E-7,-285.310419,350.520000,0.400000,9.000000E-6,2.191977E-6,4.105882,350.590000,0.200000,-0.000116,1.143310E-6,-101.809669
2342.392186,350.650000,0.100000,0.000967,5.922026E-7,1633.309326,350.710000,0.400000,0.000817,2.207208E-6,370.241478,350.760000,0.200000,6.290000E-5,1.146913E-6,54.842866
2354.426299,350.810000,0.100000,0.000174,5.907018E-7,294.057000,350.850000,0.400000,0.000148,2.186004E-6,67.611962,350.880000,0.200000,0.001347,1.132918E-6,1188.920774
2366.490975,350.920000,0.100000,-0.000348,5.919206E-7,-587.494298,350.950000,0.400000,0.000242,2.184021E-6,110.965038,350.970000,0.200000,-0.000165,1.139124E-6,-145.111502
2378.491067,350.990000,0.100000,-0.001353,5.899149E-7,-2294.059851,351.010000,0.400000,0.000171,2.229267E-6,76.527388,351.030000,0.200000,-4.400000E-5,1.141049E-6,-38.561013
