Sample Ge-cutïi
Comments medium
Filename C:\WINDMAX\DATA\SHIMANO\XRD20190306\Ge_20190122_mid.raw
Goniometer TTRáV êÖïΩ∫ﬁ∆µ“∞¿(Tsé≤éËìÆ,ADS)
Attachment ïWèÄééóøŒŸ¿ﬁ∞
Monochromater å≈íË”…∏€“∞¿
ScanningMode 2Theta/Theta
ScanningType Continuos Scanning
X-Ray 40kV/300mA
î≠éUΩÿØƒ 2/3Åã
î≠éUècêßå¿ΩÿØƒ 10mm
éUóêΩÿØƒ 2/3Åã
éÛåıΩÿØƒ 0.3mm
±Ø√»∞¿ äJï˙
”…∏€éÛåıΩÿØƒ 0.8mm
Start 10
Stop 90
Step 0.02
10 150
10.02 142
10.04 136
10.06 116
10.08 153
10.1 148
10.12 145
10.14 156
10.16 165
10.18 132
10.2 134
10.22 154
10.24 149
10.26 122
10.28 134
10.3 150
10.32 135
10.34 140
10.36 146
10.38 152
10.4 134
10.42 131
10.44 124
10.46 151
10.48 141
10.5 144
10.52 163
10.54 156
10.56 150
10.58 139
10.6 143
10.62 145
10.64 130
10.66 164
10.68 129
10.7 128
10.72 138
10.74 142
10.76 132
10.78 126
10.8 144
10.82 138
10.84 132
10.86 150
10.88 132
10.9 134
10.92 145
10.94 145
10.96 147
10.98 142
11 111
11.02 138
11.04 145
11.06 139
11.08 149
11.1 147
11.12 155
11.14 112
11.16 125
11.18 120
11.2 100
11.22 130
11.24 119
11.26 136
11.28 149
11.3 136
11.32 146
11.34 132
11.36 148
11.38 121
11.4 147
11.42 132
11.44 149
11.46 148
11.48 132
11.5 135
11.52 141
11.54 139
11.56 129
11.58 145
11.6 129
11.62 130
11.64 113
11.66 128
11.68 139
11.7 140
11.72 130
11.74 138
11.76 133
11.78 134
11.8 138
11.82 143
11.84 148
11.86 139
11.88 140
11.9 128
11.92 125
11.94 117
11.96 131
11.98 130
12 149
12.02 151
12.04 147
12.06 159
12.08 127
12.1 116
12.12 125
12.14 124
12.16 124
12.18 141
12.2 125
12.22 139
12.24 136
12.26 134
12.28 134
12.3 136
12.32 146
12.34 152
12.36 125
12.38 139
12.4 127
12.42 121
12.44 138
12.46 127
12.48 141
12.5 126
12.52 123
12.54 151
12.56 141
12.58 132
12.6 139
12.62 134
12.64 152
12.66 130
12.68 138
12.7 133
12.72 156
12.74 135
12.76 121
12.78 131
12.8 112
12.82 120
12.84 138
12.86 139
12.88 129
12.9 120
12.92 136
12.94 144
12.96 146
12.98 137
13 144
13.02 134
13.04 131
13.06 134
13.08 147
13.1 111
13.12 128
13.14 145
13.16 130
13.18 123
13.2 136
13.22 152
13.24 143
13.26 115
13.28 139
13.3 111
13.32 152
13.34 140
13.36 120
13.38 138
13.4 138
13.42 161
13.44 138
13.46 137
13.48 138
13.5 137
13.52 140
13.54 145
13.56 128
13.58 138
13.6 135
13.62 143
13.64 137
13.66 123
13.68 142
13.7 158
13.72 150
13.74 160
13.76 131
13.78 174
13.8 155
13.82 150
13.84 156
13.86 148
13.88 148
13.9 173
13.92 125
13.94 133
13.96 143
13.98 160
14 165
14.02 154
14.04 151
14.06 156
14.08 153
14.1 153
14.12 144
14.14 134
14.16 139
14.18 161
14.2 156
14.22 159
14.24 161
14.26 182
14.28 156
14.3 133
14.32 171
14.34 154
14.36 137
14.38 174
14.4 164
14.42 150
14.44 180
14.46 154
14.48 165
14.5 151
14.52 154
14.54 163
14.56 179
14.58 164
14.6 145
14.62 143
14.64 161
14.66 152
14.68 160
14.7 141
14.72 154
14.74 133
14.76 165
14.78 152
14.8 170
14.82 148
14.84 178
14.86 163
14.88 146
14.9 193
14.92 148
14.94 157
14.96 171
14.98 187
15 169
15.02 160
15.04 154
15.06 172
15.08 168
15.1 159
15.12 145
15.14 154
15.16 168
15.18 170
15.2 166
15.22 153
15.24 168
15.26 170
15.28 160
15.3 139
15.32 161
15.34 185
15.36 156
15.38 151
15.4 167
15.42 175
15.44 160
15.46 147
15.48 161
15.5 153
15.52 141
15.54 146
15.56 156
15.58 167
15.6 159
15.62 157
15.64 165
15.66 149
15.68 182
15.7 161
15.72 159
15.74 164
15.76 172
15.78 176
15.8 171
15.82 185
15.84 164
15.86 168
15.88 162
15.9 146
15.92 154
15.94 168
15.96 142
15.98 170
16 158
16.02 176
16.04 167
16.06 171
16.08 198
16.1 178
16.12 167
16.14 186
16.16 161
16.18 162
16.2 151
16.22 195
16.24 183
16.26 177
16.28 146
16.3 189
16.32 166
16.34 162
16.36 145
16.38 153
16.4 170
16.42 173
16.44 169
16.46 181
16.48 171
16.5 175
16.52 174
16.54 163
16.56 169
16.58 136
16.6 159
16.62 160
16.64 205
16.66 163
16.68 150
16.7 184
16.72 148
16.74 158
16.76 177
16.78 177
16.8 168
16.82 181
16.84 166
16.86 168
16.88 197
16.9 186
16.92 162
16.94 181
16.96 162
16.98 184
17 164
17.02 179
17.04 166
17.06 165
17.08 165
17.1 167
17.12 172
17.14 144
17.16 202
17.18 160
17.2 175
17.22 183
17.24 194
17.26 173
17.28 171
17.3 173
17.32 159
17.34 182
17.36 172
17.38 171
17.4 165
17.42 180
17.44 171
17.46 172
17.48 158
17.5 193
17.52 167
17.54 165
17.56 163
17.58 194
17.6 176
17.62 191
17.64 167
17.66 159
17.68 159
17.7 171
17.72 162
17.74 180
17.76 179
17.78 194
17.8 184
17.82 185
17.84 166
17.86 169
17.88 151
17.9 160
17.92 156
17.94 180
17.96 182
17.98 172
18 171
18.02 181
18.04 184
18.06 178
18.08 181
18.1 170
18.12 188
18.14 157
18.16 174
18.18 191
18.2 171
18.22 170
18.24 160
18.26 184
18.28 189
18.3 170
18.32 181
18.34 168
18.36 168
18.38 176
18.4 168
18.42 181
18.44 192
18.46 161
18.48 177
18.5 179
18.52 204
18.54 192
18.56 185
18.58 162
18.6 201
18.62 184
18.64 178
18.66 179
18.68 191
18.7 188
18.72 196
18.74 185
18.76 177
18.78 172
18.8 162
18.82 192
18.84 212
18.86 189
18.88 154
18.9 193
18.92 185
18.94 184
18.96 198
18.98 188
19 170
19.02 183
19.04 185
19.06 187
19.08 178
19.1 200
19.12 189
19.14 163
19.16 172
19.18 167
19.2 194
19.22 202
19.24 210
19.26 200
19.28 200
19.3 181
19.32 201
19.34 171
19.36 213
19.38 170
19.4 190
19.42 218
19.44 186
19.46 201
19.48 163
19.5 200
19.52 197
19.54 196
19.56 185
19.58 184
19.6 182
19.62 187
19.64 196
19.66 183
19.68 191
19.7 188
19.72 214
19.74 197
19.76 195
19.78 221
19.8 201
19.82 193
19.84 200
19.86 189
19.88 183
19.9 202
19.92 221
19.94 208
19.96 178
19.98 219
20 207
20.02 223
20.04 224
20.06 205
20.08 172
20.1 222
20.12 204
20.14 199
20.16 214
20.18 209
20.2 233
20.22 180
20.24 260
20.26 240
20.28 219
20.3 221
20.32 198
20.34 221
20.36 190
20.38 213
20.4 221
20.42 212
20.44 201
20.46 225
20.48 226
20.5 227
20.52 211
20.54 217
20.56 226
20.58 236
20.6 209
20.62 204
20.64 214
20.66 236
20.68 210
20.7 225
20.72 221
20.74 235
20.76 228
20.78 202
20.8 216
20.82 228
20.84 220
20.86 250
20.88 215
20.9 240
20.92 254
20.94 226
20.96 222
20.98 231
21 237
21.02 239
21.04 235
21.06 225
21.08 239
21.1 222
21.12 246
21.14 225
21.16 242
21.18 242
21.2 221
21.22 240
21.24 261
21.26 220
21.28 257
21.3 207
21.32 238
21.34 249
21.36 242
21.38 251
21.4 266
21.42 232
21.44 274
21.46 222
21.48 250
21.5 223
21.52 249
21.54 272
21.56 284
21.58 250
21.6 267
21.62 272
21.64 259
21.66 288
21.68 251
21.7 261
21.72 270
21.74 287
21.76 257
21.78 274
21.8 288
21.82 272
21.84 238
21.86 261
21.88 232
21.9 253
21.92 285
21.94 290
21.96 237
21.98 311
22 291
22.02 259
22.04 269
22.06 237
22.08 285
22.1 307
22.12 291
22.14 326
22.16 299
22.18 281
22.2 270
22.22 283
22.24 288
22.26 278
22.28 303
22.3 301
22.32 327
22.34 316
22.36 297
22.38 308
22.4 319
22.42 276
22.44 287
22.46 305
22.48 282
22.5 308
22.52 291
22.54 283
22.56 300
22.58 314
22.6 308
22.62 310
22.64 292
22.66 291
22.68 269
22.7 294
22.72 285
22.74 291
22.76 259
22.78 297
22.8 284
22.82 268
22.84 292
22.86 288
22.88 266
22.9 327
22.92 286
22.94 288
22.96 291
22.98 277
23 265
23.02 279
23.04 301
23.06 248
23.08 270
23.1 270
23.12 256
23.14 284
23.16 273
23.18 254
23.2 227
23.22 255
23.24 265
23.26 255
23.28 262
23.3 233
23.32 256
23.34 220
23.36 260
23.38 273
23.4 231
23.42 263
23.44 267
23.46 212
23.48 243
23.5 265
23.52 241
23.54 277
23.56 223
23.58 240
23.6 228
23.62 255
23.64 241
23.66 261
23.68 252
23.7 275
23.72 231
23.74 253
23.76 236
23.78 217
23.8 231
23.82 229
23.84 241
23.86 248
23.88 242
23.9 260
23.92 210
23.94 215
23.96 247
23.98 232
24 245
24.02 238
24.04 240
24.06 230
24.08 252
24.1 218
24.12 250
24.14 256
24.16 246
24.18 268
24.2 259
24.22 220
24.24 220
24.26 237
24.28 229
24.3 242
24.32 230
24.34 242
24.36 232
24.38 231
24.4 246
24.42 223
24.44 212
24.46 231
24.48 222
24.5 206
24.52 245
24.54 215
24.56 242
24.58 235
24.6 221
24.62 232
24.64 226
24.66 226
24.68 212
24.7 274
24.72 239
24.74 209
24.76 221
24.78 221
24.8 235
24.82 234
24.84 220
24.86 249
24.88 258
24.9 202
24.92 229
24.94 252
24.96 255
24.98 208
25 253
25.02 234
25.04 238
25.06 253
25.08 222
25.1 234
25.12 224
25.14 227
25.16 237
25.18 200
25.2 230
25.22 221
25.24 242
25.26 232
25.28 250
25.3 242
25.32 222
25.34 236
25.36 234
25.38 225
25.4 198
25.42 211
25.44 225
25.46 260
25.48 217
25.5 242
25.52 217
25.54 239
25.56 242
25.58 222
25.6 223
25.62 219
25.64 209
25.66 260
25.68 196
25.7 220
25.72 252
25.74 211
25.76 231
25.78 220
25.8 229
25.82 227
25.84 219
25.86 225
25.88 207
25.9 199
25.92 214
25.94 250
25.96 230
25.98 223
26 206
26.02 209
26.04 229
26.06 201
26.08 233
26.1 251
26.12 226
26.14 236
26.16 207
26.18 244
26.2 239
26.22 243
26.24 249
26.26 226
26.28 216
26.3 213
26.32 237
26.34 214
26.36 223
26.38 225
26.4 217
26.42 198
26.44 234
26.46 234
26.48 223
26.5 222
26.52 230
26.54 226
26.56 224
26.58 197
26.6 236
26.62 244
26.64 248
26.66 210
26.68 212
26.7 219
26.72 208
26.74 222
26.76 213
26.78 222
26.8 244
26.82 206
26.84 241
26.86 199
26.88 222
26.9 235
26.92 238
26.94 260
26.96 231
26.98 249
27 231
27.02 223
27.04 229
27.06 238
27.08 228
27.1 197
27.12 249
27.14 239
27.16 242
27.18 258
27.2 252
27.22 252
27.24 262
27.26 285
27.28 293
27.3 257
27.32 282
27.34 280
27.36 258
27.38 229
27.4 257
27.42 231
27.44 242
27.46 229
27.48 254
27.5 197
27.52 246
27.54 193
27.56 237
27.58 216
27.6 220
27.62 254
27.64 210
27.66 241
27.68 219
27.7 214
27.72 213
27.74 211
27.76 232
27.78 219
27.8 214
27.82 236
27.84 233
27.86 218
27.88 221
27.9 222
27.92 197
27.94 235
27.96 226
27.98 210
28 221
28.02 211
28.04 226
28.06 232
28.08 241
28.1 241
28.12 216
28.14 208
28.16 202
28.18 213
28.2 215
28.22 245
28.24 220
28.26 213
28.28 220
28.3 240
28.32 238
28.34 222
28.36 220
28.38 221
28.4 230
28.42 196
28.44 230
28.46 228
28.48 227
28.5 208
28.52 241
28.54 229
28.56 215
28.58 209
28.6 225
28.62 213
28.64 216
28.66 229
28.68 181
28.7 199
28.72 227
28.74 233
28.76 201
28.78 236
28.8 212
28.82 218
28.84 225
28.86 213
28.88 208
28.9 230
28.92 258
28.94 214
28.96 215
28.98 235
29 216
29.02 231
29.04 216
29.06 225
29.08 217
29.1 223
29.12 199
29.14 264
29.16 223
29.18 186
29.2 215
29.22 198
29.24 203
29.26 230
29.28 217
29.3 223
29.32 213
29.34 198
29.36 188
29.38 230
29.4 191
29.42 208
29.44 221
29.46 218
29.48 221
29.5 218
29.52 215
29.54 225
29.56 233
29.58 229
29.6 193
29.62 203
29.64 228
29.66 226
29.68 216
29.7 207
29.72 207
29.74 225
29.76 212
29.78 254
29.8 214
29.82 210
29.84 231
29.86 221
29.88 196
29.9 220
29.92 244
29.94 222
29.96 214
29.98 199
30 228
30.02 201
30.04 208
30.06 222
30.08 203
30.1 211
30.12 228
30.14 223
30.16 222
30.18 189
30.2 218
30.22 214
30.24 200
30.26 220
30.28 202
30.3 212
30.32 218
30.34 212
30.36 237
30.38 192
30.4 220
30.42 203
30.44 200
30.46 215
30.48 206
30.5 221
30.52 206
30.54 223
30.56 219
30.58 189
30.6 210
30.62 216
30.64 200
30.66 198
30.68 248
30.7 220
30.72 205
30.74 224
30.76 202
30.78 215
30.8 190
30.82 203
30.84 208
30.86 195
30.88 199
30.9 214
30.92 192
30.94 196
30.96 168
30.98 210
31 209
31.02 199
31.04 195
31.06 195
31.08 216
31.1 212
31.12 238
31.14 202
31.16 199
31.18 208
31.2 205
31.22 188
31.24 187
31.26 189
31.28 175
31.3 220
31.32 156
31.34 219
31.36 190
31.38 184
31.4 203
31.42 239
31.44 196
31.46 203
31.48 220
31.5 202
31.52 214
31.54 198
31.56 161
31.58 236
31.6 210
31.62 206
31.64 205
31.66 199
31.68 193
31.7 200
31.72 204
31.74 205
31.76 184
31.78 164
31.8 200
31.82 174
31.84 189
31.86 224
31.88 174
31.9 180
31.92 228
31.94 212
31.96 174
31.98 190
32 209
32.02 182
32.04 178
32.06 199
32.08 167
32.1 183
32.12 171
32.14 205
32.16 194
32.18 202
32.2 178
32.22 188
32.24 215
32.26 174
32.28 184
32.3 181
32.32 171
32.34 188
32.36 198
32.38 176
32.4 178
32.42 180
32.44 193
32.46 208
32.48 159
32.5 177
32.52 192
32.54 187
32.56 187
32.58 175
32.6 164
32.62 177
32.64 189
32.66 168
32.68 177
32.7 190
32.72 175
32.74 168
32.76 166
32.78 184
32.8 210
32.82 201
32.84 197
32.86 155
32.88 179
32.9 178
32.92 179
32.94 184
32.96 180
32.98 182
33 197
33.02 178
33.04 193
33.06 178
33.08 150
33.1 177
33.12 185
33.14 166
33.16 168
33.18 182
33.2 202
33.22 172
33.24 187
33.26 192
33.28 171
33.3 154
33.32 179
33.34 167
33.36 189
33.38 153
33.4 183
33.42 180
33.44 174
33.46 188
33.48 179
33.5 137
33.52 161
33.54 194
33.56 163
33.58 161
33.6 160
33.62 154
33.64 153
33.66 161
33.68 167
33.7 170
33.72 186
33.74 152
33.76 178
33.78 155
33.8 156
33.82 181
33.84 168
33.86 160
33.88 164
33.9 168
33.92 153
33.94 135
33.96 159
33.98 156
34 137
34.02 160
34.04 178
34.06 150
34.08 155
34.1 153
34.12 165
34.14 190
34.16 173
34.18 154
34.2 158
34.22 172
34.24 160
34.26 153
34.28 169
34.3 161
34.32 144
34.34 158
34.36 178
34.38 170
34.4 151
34.42 151
34.44 176
34.46 173
34.48 156
34.5 161
34.52 153
34.54 153
34.56 176
34.58 150
34.6 147
34.62 155
34.64 162
34.66 153
34.68 155
34.7 150
34.72 152
34.74 146
34.76 134
34.78 124
34.8 159
34.82 153
34.84 152
34.86 163
34.88 160
34.9 156
34.92 160
34.94 165
34.96 143
34.98 152
35 144
35.02 154
35.04 159
35.06 131
35.08 150
35.1 147
35.12 158
35.14 159
35.16 150
35.18 160
35.2 141
35.22 160
35.24 153
35.26 128
35.28 139
35.3 139
35.32 131
35.34 135
35.36 154
35.38 152
35.4 135
35.42 147
35.44 156
35.46 140
35.48 129
35.5 160
35.52 145
35.54 152
35.56 157
35.58 162
35.6 194
35.62 275
35.64 249
35.66 235
35.68 168
35.7 171
35.72 205
35.74 217
35.76 188
35.78 182
35.8 160
35.82 152
35.84 131
35.86 128
35.88 143
35.9 141
35.92 149
35.94 129
35.96 154
35.98 123
36 148
36.02 124
36.04 159
36.06 129
36.08 113
36.1 132
36.12 120
36.14 131
36.16 135
36.18 136
36.2 143
36.22 159
36.24 147
36.26 123
36.28 128
36.3 125
36.32 156
36.34 145
36.36 123
36.38 157
36.4 129
36.42 136
36.44 115
36.46 129
36.48 126
36.5 120
36.52 128
36.54 128
36.56 131
36.58 121
36.6 116
36.62 142
36.64 139
36.66 140
36.68 111
36.7 121
36.72 128
36.74 127
36.76 103
36.78 141
36.8 130
36.82 123
36.84 138
36.86 110
36.88 107
36.9 152
36.92 119
36.94 127
36.96 128
36.98 128
37 132
37.02 112
37.04 150
37.06 146
37.08 104
37.1 129
37.12 136
37.14 135
37.16 121
37.18 119
37.2 119
37.22 135
37.24 122
37.26 104
37.28 145
37.3 126
37.32 136
37.34 105
37.36 111
37.38 120
37.4 124
37.42 99
37.44 126
37.46 124
37.48 144
37.5 117
37.52 125
37.54 123
37.56 112
37.58 126
37.6 125
37.62 122
37.64 125
37.66 104
37.68 115
37.7 117
37.72 126
37.74 113
37.76 127
37.78 126
37.8 128
37.82 115
37.84 115
37.86 115
37.88 119
37.9 104
37.92 100
37.94 108
37.96 115
37.98 106
38 127
38.02 117
38.04 130
38.06 107
38.08 94
38.1 136
38.12 129
38.14 120
38.16 119
38.18 106
38.2 128
38.22 126
38.24 116
38.26 101
38.28 112
38.3 124
38.32 122
38.34 115
38.36 123
38.38 147
38.4 107
38.42 107
38.44 123
38.46 108
38.48 140
38.5 107
38.52 115
38.54 107
38.56 126
38.58 113
38.6 121
38.62 129
38.64 110
38.66 107
38.68 114
38.7 125
38.72 112
38.74 103
38.76 109
38.78 130
38.8 98
38.82 105
38.84 97
38.86 115
38.88 125
38.9 121
38.92 118
38.94 99
38.96 129
38.98 127
39 119
39.02 121
39.04 112
39.06 116
39.08 119
39.1 112
39.12 114
39.14 107
39.16 112
39.18 118
39.2 102
39.22 113
39.24 111
39.26 115
39.28 114
39.3 106
39.32 112
39.34 95
39.36 108
39.38 105
39.4 102
39.42 116
39.44 115
39.46 113
39.48 114
39.5 116
39.52 101
39.54 118
39.56 122
39.58 111
39.6 116
39.62 127
39.64 118
39.66 130
39.68 118
39.7 111
39.72 111
39.74 117
39.76 102
39.78 102
39.8 117
39.82 118
39.84 100
39.86 121
39.88 101
39.9 110
39.92 122
39.94 111
39.96 125
39.98 106
40 124
40.02 106
40.04 100
40.06 98
40.08 97
40.1 135
40.12 128
40.14 124
40.16 109
40.18 114
40.2 122
40.22 100
40.24 112
40.26 117
40.28 107
40.3 118
40.32 130
40.34 107
40.36 137
40.38 117
40.4 130
40.42 112
40.44 105
40.46 90
40.48 109
40.5 104
40.52 105
40.54 109
40.56 124
40.58 107
40.6 110
40.62 118
40.64 106
40.66 102
40.68 135
40.7 134
40.72 101
40.74 98
40.76 103
40.78 90
40.8 118
40.82 135
40.84 87
40.86 107
40.88 103
40.9 128
40.92 117
40.94 125
40.96 110
40.98 107
41 93
41.02 106
41.04 122
41.06 122
41.08 109
41.1 112
41.12 115
41.14 130
41.16 104
41.18 113
41.2 122
41.22 116
41.24 106
41.26 122
41.28 100
41.3 105
41.32 129
41.34 104
41.36 117
41.38 136
41.4 111
41.42 108
41.44 120
41.46 137
41.48 106
41.5 109
41.52 125
41.54 111
41.56 95
41.58 123
41.6 115
41.62 125
41.64 143
41.66 112
41.68 116
41.7 105
41.72 99
41.74 112
41.76 110
41.78 116
41.8 124
41.82 108
41.84 120
41.86 98
41.88 116
41.9 130
41.92 118
41.94 121
41.96 113
41.98 111
42 123
42.02 117
42.04 96
42.06 108
42.08 120
42.1 99
42.12 96
42.14 93
42.16 116
42.18 119
42.2 103
42.22 133
42.24 116
42.26 133
42.28 122
42.3 106
42.32 115
42.34 103
42.36 97
42.38 110
42.4 96
42.42 126
42.44 105
42.46 89
42.48 93
42.5 112
42.52 110
42.54 115
42.56 108
42.58 105
42.6 112
42.62 94
42.64 117
42.66 98
42.68 117
42.7 108
42.72 101
42.74 132
42.76 103
42.78 141
42.8 99
42.82 122
42.84 115
42.86 103
42.88 109
42.9 105
42.92 118
42.94 113
42.96 107
42.98 124
43 107
43.02 106
43.04 121
43.06 122
43.08 115
43.1 128
43.12 130
43.14 98
43.16 98
43.18 113
43.2 97
43.22 101
43.24 138
43.26 125
43.28 99
43.3 109
43.32 115
43.34 104
43.36 96
43.38 103
43.4 115
43.42 129
43.44 109
43.46 105
43.48 125
43.5 117
43.52 121
43.54 90
43.56 104
43.58 107
43.6 88
43.62 112
43.64 95
43.66 121
43.68 108
43.7 104
43.72 115
43.74 110
43.76 106
43.78 106
43.8 101
43.82 125
43.84 105
43.86 117
43.88 114
43.9 87
43.92 103
43.94 107
43.96 114
43.98 110
44 123
44.02 116
44.04 124
44.06 110
44.08 94
44.1 107
44.12 99
44.14 95
44.16 105
44.18 94
44.2 110
44.22 120
44.24 115
44.26 106
44.28 123
44.3 124
44.32 95
44.34 105
44.36 131
44.38 108
44.4 110
44.42 107
44.44 107
44.46 106
44.48 116
44.5 105
44.52 113
44.54 134
44.56 113
44.58 110
44.6 113
44.62 108
44.64 129
44.66 109
44.68 98
44.7 126
44.72 115
44.74 108
44.76 117
44.78 128
44.8 109
44.82 133
44.84 106
44.86 113
44.88 106
44.9 113
44.92 98
44.94 93
44.96 99
44.98 100
45 131
45.02 110
45.04 119
45.06 119
45.08 115
45.1 98
45.12 121
45.14 120
45.16 111
45.18 128
45.2 125
45.22 115
45.24 112
45.26 125
45.28 121
45.3 119
45.32 130
45.34 110
45.36 93
45.38 116
45.4 130
45.42 130
45.44 138
45.46 122
45.48 118
45.5 110
45.52 90
45.54 104
45.56 125
45.58 108
45.6 103
45.62 95
45.64 109
45.66 109
45.68 98
45.7 114
45.72 121
45.74 80
45.76 84
45.78 108
45.8 88
45.82 107
45.84 104
45.86 98
45.88 105
45.9 120
45.92 91
45.94 97
45.96 120
45.98 89
46 104
46.02 109
46.04 106
46.06 105
46.08 86
46.1 103
46.12 115
46.14 95
46.16 115
46.18 107
46.2 104
46.22 101
46.24 122
46.26 93
46.28 93
46.3 91
46.32 89
46.34 128
46.36 96
46.38 105
46.4 95
46.42 113
46.44 94
46.46 119
46.48 107
46.5 97
46.52 109
46.54 95
46.56 100
46.58 92
46.6 91
46.62 106
46.64 87
46.66 71
46.68 89
46.7 100
46.72 105
46.74 87
46.76 102
46.78 109
46.8 111
46.82 86
46.84 102
46.86 118
46.88 105
46.9 87
46.92 108
46.94 104
46.96 98
46.98 97
47 104
47.02 111
47.04 107
47.06 106
47.08 97
47.1 121
47.12 76
47.14 99
47.16 113
47.18 86
47.2 105
47.22 105
47.24 99
47.26 112
47.28 99
47.3 139
47.32 134
47.34 148
47.36 116
47.38 140
47.4 117
47.42 119
47.44 110
47.46 114
47.48 97
47.5 105
47.52 95
47.54 122
47.56 104
47.58 110
47.6 112
47.62 109
47.64 109
47.66 116
47.68 98
47.7 99
47.72 101
47.74 101
47.76 96
47.78 111
47.8 99
47.82 101
47.84 94
47.86 104
47.88 105
47.9 85
47.92 99
47.94 103
47.96 108
47.98 105
48 101
48.02 99
48.04 86
48.06 100
48.08 100
48.1 106
48.12 88
48.14 100
48.16 88
48.18 107
48.2 109
48.22 92
48.24 90
48.26 98
48.28 90
48.3 89
48.32 86
48.34 89
48.36 111
48.38 82
48.4 104
48.42 86
48.44 87
48.46 84
48.48 80
48.5 109
48.52 90
48.54 89
48.56 110
48.58 96
48.6 95
48.62 86
48.64 99
48.66 104
48.68 83
48.7 79
48.72 100
48.74 109
48.76 94
48.78 97
48.8 87
48.82 78
48.84 97
48.86 77
48.88 108
48.9 77
48.92 83
48.94 93
48.96 118
48.98 81
49 79
49.02 86
49.04 109
49.06 91
49.08 76
49.1 98
49.12 79
49.14 95
49.16 100
49.18 84
49.2 71
49.22 91
49.24 105
49.26 92
49.28 97
49.3 87
49.32 93
49.34 81
49.36 87
49.38 108
49.4 96
49.42 96
49.44 107
49.46 100
49.48 82
49.5 92
49.52 90
49.54 95
49.56 108
49.58 95
49.6 103
49.62 82
49.64 95
49.66 92
49.68 72
49.7 107
49.72 87
49.74 97
49.76 94
49.78 93
49.8 89
49.82 95
49.84 98
49.86 84
49.88 70
49.9 100
49.92 84
49.94 98
49.96 76
49.98 97
50 98
50.02 88
50.04 96
50.06 87
50.08 99
50.1 94
50.12 81
50.14 78
50.16 86
50.18 94
50.2 98
50.22 96
50.24 86
50.26 91
50.28 83
50.3 71
50.32 91
50.34 73
50.36 96
50.38 101
50.4 80
50.42 91
50.44 88
50.46 98
50.48 110
50.5 112
50.52 88
50.54 82
50.56 79
50.58 91
50.6 94
50.62 83
50.64 89
50.66 99
50.68 85
50.7 106
50.72 90
50.74 73
50.76 95
50.78 74
50.8 99
50.82 99
50.84 72
50.86 106
50.88 94
50.9 81
50.92 100
50.94 105
50.96 102
50.98 76
51 90
51.02 102
51.04 93
51.06 90
51.08 100
51.1 84
51.12 115
51.14 92
51.16 109
51.18 92
51.2 74
51.22 84
51.24 76
51.26 89
51.28 93
51.3 94
51.32 100
51.34 75
51.36 76
51.38 89
51.4 102
51.42 85
51.44 75
51.46 90
51.48 88
51.5 97
51.52 73
51.54 87
51.56 91
51.58 93
51.6 72
51.62 91
51.64 81
51.66 95
51.68 86
51.7 94
51.72 82
51.74 72
51.76 102
51.78 80
51.8 86
51.82 99
51.84 95
51.86 84
51.88 102
51.9 92
51.92 85
51.94 80
51.96 87
51.98 91
52 83
52.02 78
52.04 86
52.06 80
52.08 80
52.1 80
52.12 100
52.14 85
52.16 93
52.18 96
52.2 88
52.22 94
52.24 85
52.26 89
52.28 75
52.3 90
52.32 84
52.34 78
52.36 86
52.38 99
52.4 91
52.42 103
52.44 72
52.46 90
52.48 82
52.5 100
52.52 94
52.54 92
52.56 83
52.58 93
52.6 92
52.62 89
52.64 81
52.66 81
52.68 86
52.7 75
52.72 87
52.74 80
52.76 86
52.78 91
52.8 74
52.82 88
52.84 93
52.86 84
52.88 99
52.9 89
52.92 73
52.94 76
52.96 78
52.98 96
53 78
53.02 75
53.04 76
53.06 87
53.08 92
53.1 90
53.12 93
53.14 69
53.16 82
53.18 88
53.2 88
53.22 104
53.24 90
53.26 83
53.28 90
53.3 81
53.32 90
53.34 89
53.36 74
53.38 89
53.4 109
53.42 87
53.44 90
53.46 86
53.48 87
53.5 76
53.52 101
53.54 94
53.56 91
53.58 98
53.6 90
53.62 93
53.64 100
53.66 102
53.68 94
53.7 90
53.72 78
53.74 98
53.76 79
53.78 94
53.8 91
53.82 83
53.84 93
53.86 92
53.88 87
53.9 96
53.92 76
53.94 105
53.96 97
53.98 105
54 96
54.02 91
54.04 117
54.06 91
54.08 85
54.1 97
54.12 98
54.14 96
54.16 96
54.18 80
54.2 96
54.22 92
54.24 86
54.26 80
54.28 87
54.3 81
54.32 92
54.34 81
54.36 78
54.38 67
54.4 100
54.42 76
54.44 94
54.46 86
54.48 87
54.5 93
54.52 87
54.54 76
54.56 90
54.58 85
54.6 72
54.62 76
54.64 85
54.66 92
54.68 96
54.7 82
54.72 79
54.74 80
54.76 90
54.78 91
54.8 76
54.82 102
54.84 79
54.86 79
54.88 82
54.9 62
54.92 89
54.94 70
54.96 103
54.98 90
55 91
55.02 82
55.04 83
55.06 95
55.08 96
55.1 84
55.12 81
55.14 88
55.16 87
55.18 86
55.2 84
55.22 84
55.24 95
55.26 106
55.28 87
55.3 77
55.32 90
55.34 81
55.36 94
55.38 92
55.4 95
55.42 76
55.44 82
55.46 78
55.48 103
55.5 80
55.52 76
55.54 95
55.56 95
55.58 100
55.6 78
55.62 91
55.64 70
55.66 90
55.68 87
55.7 83
55.72 91
55.74 69
55.76 85
55.78 102
55.8 81
55.82 107
55.84 87
55.86 103
55.88 99
55.9 89
55.92 89
55.94 90
55.96 82
55.98 84
56 91
56.02 82
56.04 99
56.06 75
56.08 81
56.1 85
56.12 79
56.14 102
56.16 103
56.18 71
56.2 91
56.22 102
56.24 108
56.26 89
56.28 101
56.3 82
56.32 90
56.34 97
56.36 108
56.38 96
56.4 86
56.42 86
56.44 81
56.46 71
56.48 90
56.5 83
56.52 79
56.54 101
56.56 92
56.58 104
56.6 88
56.62 88
56.64 90
56.66 87
56.68 82
56.7 83
56.72 81
56.74 68
56.76 75
56.78 93
56.8 95
56.82 87
56.84 92
56.86 81
56.88 88
56.9 85
56.92 88
56.94 94
56.96 98
56.98 89
57 102
57.02 91
57.04 84
57.06 92
57.08 92
57.1 109
57.12 85
57.14 100
57.16 95
57.18 88
57.2 67
57.22 82
57.24 76
57.26 82
57.28 106
57.3 89
57.32 97
57.34 93
57.36 89
57.38 90
57.4 99
57.42 91
57.44 88
57.46 94
57.48 86
57.5 107
57.52 96
57.54 73
57.56 87
57.58 84
57.6 96
57.62 86
57.64 99
57.66 99
57.68 80
57.7 111
57.72 94
57.74 83
57.76 95
57.78 94
57.8 74
57.82 73
57.84 86
57.86 94
57.88 83
57.9 85
57.92 111
57.94 81
57.96 83
57.98 74
58 92
58.02 110
58.04 89
58.06 86
58.08 93
58.1 91
58.12 83
58.14 94
58.16 88
58.18 79
58.2 79
58.22 95
58.24 84
58.26 87
58.28 99
58.3 79
58.32 95
58.34 81
58.36 83
58.38 98
58.4 78
58.42 89
58.44 76
58.46 85
58.48 96
58.5 98
58.52 89
58.54 92
58.56 96
58.58 87
58.6 81
58.62 88
58.64 82
58.66 83
58.68 87
58.7 78
58.72 78
58.74 90
58.76 96
58.78 90
58.8 95
58.82 94
58.84 92
58.86 99
58.88 78
58.9 89
58.92 99
58.94 87
58.96 83
58.98 82
59 103
59.02 75
59.04 88
59.06 96
59.08 97
59.1 81
59.12 88
59.14 88
59.16 78
59.18 101
59.2 94
59.22 93
59.24 87
59.26 81
59.28 87
59.3 78
59.32 87
59.34 69
59.36 91
59.38 85
59.4 88
59.42 89
59.44 84
59.46 87
59.48 82
59.5 93
59.52 99
59.54 99
59.56 92
59.58 79
59.6 83
59.62 106
59.64 93
59.66 94
59.68 108
59.7 95
59.72 87
59.74 79
59.76 85
59.78 82
59.8 83
59.82 98
59.84 106
59.86 99
59.88 104
59.9 98
59.92 93
59.94 101
59.96 85
59.98 103
60 85
60.02 90
60.04 77
60.06 87
60.08 105
60.1 89
60.12 87
60.14 83
60.16 83
60.18 70
60.2 100
60.22 89
60.24 78
60.26 104
60.28 98
60.3 92
60.32 90
60.34 96
60.36 81
60.38 84
60.4 95
60.42 75
60.44 96
60.46 78
60.48 93
60.5 78
60.52 86
60.54 90
60.56 84
60.58 84
60.6 87
60.62 94
60.64 87
60.66 85
60.68 84
60.7 88
60.72 71
60.74 89
60.76 94
60.78 93
60.8 107
60.82 94
60.84 81
60.86 98
60.88 68
60.9 82
60.92 95
60.94 83
60.96 92
60.98 90
61 103
61.02 66
61.04 97
61.06 89
61.08 78
61.1 85
61.12 81
61.14 77
61.16 103
61.18 79
61.2 100
61.22 69
61.24 75
61.26 90
61.28 94
61.3 96
61.32 92
61.34 92
61.36 86
61.38 72
61.4 87
61.42 73
61.44 91
61.46 86
61.48 83
61.5 75
61.52 94
61.54 79
61.56 74
61.58 78
61.6 101
61.62 81
61.64 87
61.66 96
61.68 96
61.7 72
61.72 90
61.74 95
61.76 97
61.78 83
61.8 87
61.82 91
61.84 91
61.86 108
61.88 90
61.9 63
61.92 93
61.94 81
61.96 87
61.98 71
62 108
62.02 90
62.04 80
62.06 78
62.08 95
62.1 88
62.12 80
62.14 79
62.16 91
62.18 75
62.2 80
62.22 83
62.24 77
62.26 88
62.28 75
62.3 94
62.32 75
62.34 64
62.36 86
62.38 79
62.4 75
62.42 88
62.44 94
62.46 86
62.48 106
62.5 81
62.52 101
62.54 78
62.56 73
62.58 82
62.6 93
62.62 97
62.64 76
62.66 91
62.68 77
62.7 98
62.72 93
62.74 75
62.76 77
62.78 90
62.8 86
62.82 100
62.84 78
62.86 92
62.88 80
62.9 89
62.92 85
62.94 101
62.96 92
62.98 96
63 75
63.02 87
63.04 72
63.06 90
63.08 87
63.1 100
63.12 73
63.14 79
63.16 75
63.18 76
63.2 85
63.22 88
63.24 94
63.26 91
63.28 81
63.3 86
63.32 89
63.34 79
63.36 73
63.38 91
63.4 97
63.42 84
63.44 78
63.46 73
63.48 74
63.5 79
63.52 85
63.54 111
63.56 81
63.58 78
63.6 92
63.62 90
63.64 72
63.66 100
63.68 88
63.7 71
63.72 106
63.74 79
63.76 74
63.78 77
63.8 72
63.82 78
63.84 72
63.86 79
63.88 77
63.9 77
63.92 83
63.94 84
63.96 84
63.98 106
64 83
64.02 82
64.04 63
64.06 80
64.08 82
64.1 84
64.12 87
64.14 74
64.16 98
64.18 84
64.2 107
64.22 73
64.24 72
64.26 79
64.28 78
64.3 90
64.32 81
64.34 90
64.36 93
64.38 92
64.4 82
64.42 79
64.44 78
64.46 87
64.48 83
64.5 83
64.52 83
64.54 81
64.56 91
64.58 82
64.6 73
64.62 75
64.64 88
64.66 76
64.68 91
64.7 92
64.72 76
64.74 77
64.76 95
64.78 67
64.8 80
64.82 70
64.84 64
64.86 80
64.88 81
64.9 79
64.92 65
64.94 82
64.96 65
64.98 95
65 90
65.02 73
65.04 76
65.06 79
65.08 89
65.1 81
65.12 77
65.14 82
65.16 97
65.18 76
65.2 82
65.22 86
65.24 82
65.26 77
65.28 97
65.3 79
65.32 73
65.34 87
65.36 77
65.38 91
65.4 75
65.42 80
65.44 86
65.46 70
65.48 79
65.5 79
65.52 86
65.54 72
65.56 85
65.58 92
65.6 76
65.62 84
65.64 70
65.66 83
65.68 74
65.7 77
65.72 84
65.74 80
65.76 72
65.78 80
65.8 77
65.82 87
65.84 84
65.86 73
65.88 91
65.9 86
65.92 97
65.94 95
65.96 97
65.98 93
66 76
66.02 77
66.04 75
66.06 84
66.08 86
66.1 76
66.12 93
66.14 87
66.16 98
66.18 92
66.2 96
66.22 94
66.24 63
66.26 69
66.28 79
66.3 84
66.32 70
66.34 65
66.36 92
66.38 85
66.4 81
66.42 84
66.44 87
66.46 84
66.48 71
66.5 91
66.52 79
66.54 65
66.56 75
66.58 88
66.6 75
66.62 75
66.64 75
66.66 64
66.68 63
66.7 89
66.72 70
66.74 63
66.76 82
66.78 69
66.8 85
66.82 93
66.84 75
66.86 74
66.88 83
66.9 73
66.92 65
66.94 75
66.96 78
66.98 86
67 68
67.02 77
67.04 73
67.06 68
67.08 81
67.1 67
67.12 68
67.14 77
67.16 66
67.18 66
67.2 82
67.22 71
67.24 79
67.26 78
67.28 60
67.3 63
67.32 94
67.34 58
67.36 83
67.38 71
67.4 85
67.42 89
67.44 73
67.46 61
67.48 78
67.5 73
67.52 68
67.54 60
67.56 76
67.58 72
67.6 68
67.62 71
67.64 84
67.66 73
67.68 81
67.7 64
67.72 75
67.74 72
67.76 73
67.78 84
67.8 71
67.82 76
67.84 88
67.86 68
67.88 80
67.9 86
67.92 57
67.94 87
67.96 96
67.98 70
68 83
68.02 69
68.04 58
68.06 78
68.08 77
68.1 70
68.12 69
68.14 85
68.16 75
68.18 80
68.2 62
68.22 65
68.24 90
68.26 74
68.28 65
68.3 67
68.32 79
68.34 71
68.36 88
68.38 75
68.4 65
68.42 71
68.44 78
68.46 74
68.48 80
68.5 75
68.52 73
68.54 76
68.56 63
68.58 69
68.6 84
68.62 61
68.64 71
68.66 90
68.68 70
68.7 77
68.72 67
68.74 81
68.76 75
68.78 68
68.8 76
68.82 79
68.84 74
68.86 74
68.88 80
68.9 76
68.92 62
68.94 85
68.96 76
68.98 70
69 73
69.02 64
69.04 69
69.06 76
69.08 62
69.1 88
69.12 79
69.14 72
69.16 74
69.18 66
69.2 89
69.22 64
69.24 73
69.26 58
69.28 70
69.3 70
69.32 82
69.34 68
69.36 68
69.38 63
69.4 77
69.42 64
69.44 73
69.46 68
69.48 76
69.5 81
69.52 81
69.54 76
69.56 71
69.58 83
69.6 69
69.62 67
69.64 83
69.66 73
69.68 70
69.7 60
69.72 92
69.74 67
69.76 76
69.78 68
69.8 99
69.82 58
69.84 88
69.86 66
69.88 58
69.9 60
69.92 63
69.94 60
69.96 82
69.98 62
70 66
70.02 61
70.04 84
70.06 68
70.08 68
70.1 77
70.12 75
70.14 71
70.16 88
70.18 71
70.2 66
70.22 66
70.24 73
70.26 59
70.28 77
70.3 71
70.32 69
70.34 74
70.36 61
70.38 75
70.4 79
70.42 62
70.44 71
70.46 71
70.48 61
70.5 82
70.52 65
70.54 72
70.56 65
70.58 54
70.6 72
70.62 69
70.64 75
70.66 58
70.68 80
70.7 72
70.72 69
70.74 65
70.76 66
70.78 66
70.8 65
70.82 69
70.84 70
70.86 60
70.88 80
70.9 65
70.92 73
70.94 67
70.96 75
70.98 77
71 74
71.02 79
71.04 93
71.06 74
71.08 77
71.1 66
71.12 66
71.14 58
71.16 75
71.18 73
71.2 74
71.22 72
71.24 65
71.26 68
71.28 74
71.3 78
71.32 71
71.34 66
71.36 71
71.38 84
71.4 57
71.42 64
71.44 72
71.46 76
71.48 91
71.5 84
71.52 81
71.54 66
71.56 58
71.58 62
71.6 75
71.62 65
71.64 74
71.66 57
71.68 67
71.7 57
71.72 71
71.74 61
71.76 81
71.78 73
71.8 74
71.82 71
71.84 51
71.86 68
71.88 72
71.9 72
71.92 75
71.94 63
71.96 63
71.98 73
72 70
72.02 65
72.04 68
72.06 70
72.08 79
72.1 61
72.12 75
72.14 60
72.16 78
72.18 61
72.2 66
72.22 78
72.24 84
72.26 67
72.28 58
72.3 63
72.32 73
72.34 74
72.36 80
72.38 69
72.4 69
72.42 60
72.44 77
72.46 77
72.48 67
72.5 74
72.52 76
72.54 73
72.56 74
72.58 70
72.6 63
72.62 66
72.64 78
72.66 59
72.68 71
72.7 66
72.72 65
72.74 79
72.76 77
72.78 66
72.8 79
72.82 64
72.84 74
72.86 83
72.88 60
72.9 63
72.92 70
72.94 67
72.96 57
72.98 66
73 71
73.02 57
73.04 67
73.06 67
73.08 69
73.1 73
73.12 75
73.14 53
73.16 64
73.18 65
73.2 61
73.22 77
73.24 72
73.26 67
73.28 63
73.3 63
73.32 63
73.34 69
73.36 74
73.38 59
73.4 76
73.42 69
73.44 68
73.46 64
73.48 81
73.5 73
73.52 59
73.54 60
73.56 62
73.58 62
73.6 65
73.62 75
73.64 70
73.66 57
73.68 78
73.7 79
73.72 53
73.74 56
73.76 64
73.78 62
73.8 79
73.82 72
73.84 73
73.86 80
73.88 79
73.9 64
73.92 82
73.94 69
73.96 60
73.98 66
74 66
74.02 52
74.04 63
74.06 64
74.08 69
74.1 70
74.12 58
74.14 78
74.16 61
74.18 67
74.2 68
74.22 59
74.24 87
74.26 63
74.28 66
74.3 60
74.32 53
74.34 70
74.36 60
74.38 67
74.4 57
74.42 60
74.44 65
74.46 78
74.48 61
74.5 66
74.52 72
74.54 70
74.56 70
74.58 69
74.6 77
74.62 78
74.64 75
74.66 51
74.68 71
74.7 65
74.72 89
74.74 62
74.76 56
74.78 68
74.8 61
74.82 77
74.84 72
74.86 67
74.88 65
74.9 53
74.92 65
74.94 58
74.96 75
74.98 70
75 68
75.02 77
75.04 69
75.06 57
75.08 91
75.1 62
75.12 61
75.14 64
75.16 67
75.18 61
75.2 66
75.22 75
75.24 54
75.26 54
75.28 80
75.3 64
75.32 67
75.34 72
75.36 54
75.38 79
75.4 62
75.42 72
75.44 66
75.46 58
75.48 56
75.5 60
75.52 64
75.54 61
75.56 66
75.58 49
75.6 61
75.62 55
75.64 65
75.66 67
75.68 62
75.7 76
75.72 75
75.74 73
75.76 52
75.78 67
75.8 67
75.82 68
75.84 71
75.86 56
75.88 72
75.9 66
75.92 69
75.94 76
75.96 68
75.98 58
76 69
76.02 65
76.04 58
76.06 56
76.08 75
76.1 66
76.12 65
76.14 69
76.16 69
76.18 82
76.2 57
76.22 56
76.24 46
76.26 83
76.28 61
76.3 67
76.32 60
76.34 59
76.36 66
76.38 78
76.4 63
76.42 71
76.44 61
76.46 53
76.48 75
76.5 65
76.52 55
76.54 78
76.56 68
76.58 63
76.6 56
76.62 69
76.64 63
76.66 60
76.68 45
76.7 67
76.72 65
76.74 67
76.76 53
76.78 62
76.8 67
76.82 51
76.84 70
76.86 67
76.88 51
76.9 58
76.92 73
76.94 64
76.96 55
76.98 64
77 61
77.02 61
77.04 61
77.06 62
77.08 55
77.1 68
77.12 65
77.14 50
77.16 79
77.18 59
77.2 73
77.22 66
77.24 58
77.26 48
77.28 69
77.3 76
77.32 63
77.34 75
77.36 56
77.38 66
77.4 72
77.42 72
77.44 62
77.46 59
77.48 64
77.5 62
77.52 65
77.54 62
77.56 61
77.58 52
77.6 57
77.62 61
77.64 63
77.66 70
77.68 47
77.7 53
77.72 54
77.74 57
77.76 61
77.78 46
77.8 56
77.82 60
77.84 50
77.86 53
77.88 63
77.9 76
77.92 80
77.94 68
77.96 56
77.98 64
78 59
78.02 57
78.04 58
78.06 69
78.08 76
78.1 45
78.12 65
78.14 65
78.16 73
78.18 58
78.2 66
78.22 56
78.24 61
78.26 65
78.28 66
78.3 68
78.32 56
78.34 49
78.36 60
78.38 69
78.4 60
78.42 55
78.44 59
78.46 54
78.48 42
78.5 68
78.52 47
78.54 64
78.56 50
78.58 52
78.6 62
78.62 50
78.64 50
78.66 71
78.68 74
78.7 59
78.72 62
78.74 42
78.76 63
78.78 61
78.8 52
78.82 67
78.84 63
78.86 53
78.88 62
78.9 65
78.92 50
78.94 56
78.96 66
78.98 59
79 66
79.02 65
79.04 73
79.06 75
79.08 67
79.1 55
79.12 61
79.14 51
79.16 57
79.18 46
79.2 59
79.22 49
79.24 61
79.26 53
79.28 65
79.3 63
79.32 59
79.34 68
79.36 60
79.38 53
79.4 65
79.42 51
79.44 66
79.46 77
79.48 60
79.5 59
79.52 49
79.54 62
79.56 68
79.58 63
79.6 61
79.62 68
79.64 52
79.66 60
79.68 49
79.7 81
79.72 40
79.74 59
79.76 50
79.78 64
79.8 47
79.82 74
79.84 65
79.86 66
79.88 66
79.9 52
79.92 55
79.94 48
79.96 47
79.98 59
80 49
80.02 58
80.04 50
80.06 63
80.08 57
80.1 71
80.12 64
80.14 53
80.16 59
80.18 44
80.2 77
80.22 56
80.24 63
80.26 54
80.28 43
80.3 52
80.32 52
80.34 56
80.36 47
80.38 67
80.4 49
80.42 66
80.44 59
80.46 63
80.48 54
80.5 61
80.52 67
80.54 68
80.56 59
80.58 69
80.6 58
80.62 59
80.64 72
80.66 65
80.68 47
80.7 49
80.72 51
80.74 58
80.76 64
80.78 54
80.8 60
80.82 54
80.84 53
80.86 54
80.88 50
80.9 56
80.92 55
80.94 64
80.96 63
80.98 50
81 57
81.02 47
81.04 62
81.06 59
81.08 53
81.1 55
81.12 59
81.14 49
81.16 61
81.18 49
81.2 67
81.22 52
81.24 47
81.26 59
81.28 47
81.3 44
81.32 57
81.34 67
81.36 47
81.38 66
81.4 57
81.42 60
81.44 63
81.46 55
81.48 54
81.5 53
81.52 68
81.54 49
81.56 67
81.58 60
81.6 61
81.62 65
81.64 51
81.66 50
81.68 63
81.7 63
81.72 73
81.74 59
81.76 55
81.78 64
81.8 53
81.82 59
81.84 58
81.86 52
81.88 60
81.9 70
81.92 58
81.94 60
81.96 53
81.98 43
82 64
82.02 57
82.04 53
82.06 56
82.08 54
82.1 55
82.12 60
82.14 61
82.16 57
82.18 53
82.2 59
82.22 60
82.24 48
82.26 57
82.28 56
82.3 61
82.32 48
82.34 48
82.36 55
82.38 38
82.4 59
82.42 58
82.44 50
82.46 54
82.48 52
82.5 52
82.52 51
82.54 68
82.56 55
82.58 61
82.6 57
82.62 42
82.64 53
82.66 44
82.68 47
82.7 39
82.72 54
82.74 57
82.76 64
82.78 53
82.8 54
82.82 52
82.84 53
82.86 48
82.88 50
82.9 59
82.92 60
82.94 54
82.96 53
82.98 42
83 57
83.02 48
83.04 57
83.06 47
83.08 56
83.1 57
83.12 57
83.14 63
83.16 52
83.18 52
83.2 50
83.22 54
83.24 49
83.26 58
83.28 65
83.3 47
83.32 55
83.34 48
83.36 52
83.38 69
83.4 43
83.42 49
83.44 61
83.46 46
83.48 58
83.5 47
83.52 52
83.54 55
83.56 59
83.58 70
83.6 52
83.62 66
83.64 53
83.66 57
83.68 51
83.7 55
83.72 54
83.74 62
83.76 50
83.78 58
83.8 52
83.82 49
83.84 59
83.86 65
83.88 51
83.9 69
83.92 58
83.94 58
83.96 42
83.98 53
84 59
84.02 65
84.04 56
84.06 59
84.08 54
84.1 60
84.12 43
84.14 42
84.16 48
84.18 50
84.2 52
84.22 62
84.24 47
84.26 49
84.28 58
84.3 53
84.32 49
84.34 49
84.36 64
84.38 60
84.4 54
84.42 55
84.44 51
84.46 47
84.48 56
84.5 44
84.52 59
84.54 46
84.56 57
84.58 52
84.6 47
84.62 54
84.64 61
84.66 55
84.68 54
84.7 47
84.72 46
84.74 52
84.76 52
84.78 48
84.8 61
84.82 57
84.84 49
84.86 66
84.88 53
84.9 52
84.92 66
84.94 52
84.96 50
84.98 52
85 54
85.02 53
85.04 56
85.06 45
85.08 60
85.1 57
85.12 55
85.14 63
85.16 54
85.18 44
85.2 60
85.22 54
85.24 44
85.26 62
85.28 45
85.3 63
85.32 49
85.34 47
85.36 53
85.38 42
85.4 48
85.42 49
85.44 53
85.46 47
85.48 42
85.5 55
85.52 64
85.54 47
85.56 60
85.58 66
85.6 46
85.62 57
85.64 57
85.66 62
85.68 40
85.7 48
85.72 49
85.74 50
85.76 44
85.78 43
85.8 57
85.82 51
85.84 40
85.86 51
85.88 47
85.9 48
85.92 50
85.94 39
85.96 59
85.98 47
86 43
86.02 52
86.04 48
86.06 48
86.08 55
86.1 61
86.12 56
86.14 60
86.16 46
86.18 39
86.2 54
86.22 61
86.24 58
86.26 52
86.28 49
86.3 41
86.32 54
86.34 56
86.36 59
86.38 41
86.4 53
86.42 58
86.44 59
86.46 49
86.48 65
86.5 48
86.52 40
86.54 59
86.56 45
86.58 60
86.6 60
86.62 51
86.64 55
86.66 39
86.68 50
86.7 44
86.72 46
86.74 60
86.76 50
86.78 50
86.8 63
86.82 57
86.84 55
86.86 47
86.88 46
86.9 59
86.92 64
86.94 54
86.96 61
86.98 41
87 60
87.02 51
87.04 44
87.06 54
87.08 65
87.1 49
87.12 44
87.14 60
87.16 48
87.18 52
87.2 51
87.22 39
87.24 42
87.26 60
87.28 53
87.3 52
87.32 40
87.34 49
87.36 41
87.38 66
87.4 55
87.42 60
87.44 68
87.46 35
87.48 50
87.5 53
87.52 45
87.54 52
87.56 47
87.58 59
87.6 43
87.62 49
87.64 44
87.66 47
87.68 40
87.7 58
87.72 46
87.74 60
87.76 53
87.78 40
87.8 48
87.82 45
87.84 56
87.86 48
87.88 51
87.9 59
87.92 38
87.94 47
87.96 59
87.98 61
88 76
88.02 43
88.04 47
88.06 51
88.08 45
88.1 52
88.12 58
88.14 54
88.16 55
88.18 55
88.2 63
88.22 58
88.24 62
88.26 55
88.28 60
88.3 59
88.32 63
88.34 57
88.36 50
88.38 58
88.4 42
88.42 49
88.44 50
88.46 53
88.48 58
88.5 53
88.52 57
88.54 57
88.56 54
88.58 64
88.6 50
88.62 65
88.64 66
88.66 54
88.68 62
88.7 62
88.72 39
88.74 60
88.76 58
88.78 65
88.8 57
88.82 62
88.84 48
88.86 56
88.88 49
88.9 54
88.92 68
88.94 49
88.96 60
88.98 64
89 51
89.02 77
89.04 58
89.06 57
89.08 78
89.1 67
89.12 68
89.14 59
89.16 56
89.18 70
89.2 57
89.22 86
89.24 57
89.26 59
89.28 75
89.3 65
89.32 63
89.34 52
89.36 66
89.38 66
89.4 68
89.42 97
89.44 98
89.46 74
89.48 75
89.5 81
89.52 74
89.54 69
89.56 85
89.58 92
89.6 93
89.62 74
89.64 86
89.66 81
89.68 93
89.7 113
89.72 95
89.74 123
89.76 125
89.78 123
89.8 142
89.82 130
89.84 156
89.86 175
89.88 189
89.9 161
89.92 162
89.94 175
89.96 171
89.98 199
90 214
