Sample glass_reference
Comments rapid
Filename C:\WINDMAX\DATA\SHIMANO\XRD20190306\glass_reference.raw
Goniometer TTRáV êÖïΩ∫ﬁ∆µ“∞¿(Tsé≤éËìÆ,ADS)
Attachment ïWèÄééóøŒŸ¿ﬁ∞
Monochromater å≈íË”…∏€“∞¿
ScanningMode 2Theta/Theta
ScanningType Continuos Scanning
X-Ray 40kV/300mA
î≠éUΩÿØƒ 2/3Åã
î≠éUècêßå¿ΩÿØƒ 2mm
éUóêΩÿØƒ 2/3Åã
éÛåıΩÿØƒ 0.3mm
±Ø√»∞¿ äJï˙
”…∏€éÛåıΩÿØƒ 0.8mm
Start 10
Stop 90
Step 0.02
10 35
10.02 34
10.04 26
10.06 36
10.08 46
10.1 38
10.12 33
10.14 36
10.16 26
10.18 46
10.2 32
10.22 37
10.24 30
10.26 37
10.28 31
10.3 27
10.32 36
10.34 34
10.36 33
10.38 43
10.4 39
10.42 31
10.44 30
10.46 41
10.48 38
10.5 27
10.52 30
10.54 42
10.56 36
10.58 30
10.6 27
10.62 42
10.64 32
10.66 27
10.68 40
10.7 33
10.72 34
10.74 34
10.76 30
10.78 37
10.8 38
10.82 31
10.84 33
10.86 35
10.88 39
10.9 40
10.92 37
10.94 40
10.96 39
10.98 36
11 41
11.02 25
11.04 34
11.06 30
11.08 27
11.1 34
11.12 34
11.14 37
11.16 36
11.18 42
11.2 39
11.22 25
11.24 30
11.26 37
11.28 27
11.3 37
11.32 45
11.34 26
11.36 30
11.38 47
11.4 31
11.42 42
11.44 28
11.46 37
11.48 31
11.5 42
11.52 37
11.54 30
11.56 45
11.58 32
11.6 50
11.62 45
11.64 35
11.66 33
11.68 32
11.7 40
11.72 35
11.74 29
11.76 37
11.78 39
11.8 45
11.82 45
11.84 27
11.86 26
11.88 32
11.9 32
11.92 45
11.94 32
11.96 33
11.98 26
12 30
12.02 29
12.04 41
12.06 32
12.08 42
12.1 36
12.12 28
12.14 40
12.16 34
12.18 37
12.2 28
12.22 27
12.24 31
12.26 40
12.28 34
12.3 34
12.32 30
12.34 33
12.36 24
12.38 33
12.4 21
12.42 35
12.44 39
12.46 37
12.48 39
12.5 42
12.52 38
12.54 26
12.56 33
12.58 39
12.6 34
12.62 35
12.64 30
12.66 26
12.68 32
12.7 46
12.72 30
12.74 40
12.76 33
12.78 36
12.8 39
12.82 30
12.84 28
12.86 30
12.88 40
12.9 32
12.92 32
12.94 37
12.96 31
12.98 41
13 31
13.02 21
13.04 36
13.06 55
13.08 32
13.1 40
13.12 39
13.14 30
13.16 51
13.18 38
13.2 32
13.22 30
13.24 35
13.26 30
13.28 35
13.3 33
13.32 34
13.34 33
13.36 45
13.38 34
13.4 33
13.42 18
13.44 46
13.46 44
13.48 42
13.5 35
13.52 30
13.54 38
13.56 36
13.58 29
13.6 27
13.62 39
13.64 35
13.66 29
13.68 42
13.7 46
13.72 35
13.74 32
13.76 39
13.78 35
13.8 36
13.82 28
13.84 33
13.86 41
13.88 42
13.9 29
13.92 39
13.94 33
13.96 33
13.98 32
14 46
14.02 32
14.04 33
14.06 42
14.08 39
14.1 37
14.12 40
14.14 46
14.16 34
14.18 36
14.2 45
14.22 51
14.24 38
14.26 38
14.28 24
14.3 40
14.32 31
14.34 43
14.36 39
14.38 38
14.4 48
14.42 45
14.44 41
14.46 32
14.48 35
14.5 44
14.52 46
14.54 34
14.56 48
14.58 28
14.6 39
14.62 35
14.64 39
14.66 39
14.68 35
14.7 50
14.72 37
14.74 30
14.76 38
14.78 42
14.8 39
14.82 34
14.84 47
14.86 47
14.88 35
14.9 33
14.92 27
14.94 40
14.96 41
14.98 31
15 43
15.02 35
15.04 30
15.06 47
15.08 37
15.1 42
15.12 36
15.14 41
15.16 35
15.18 48
15.2 41
15.22 32
15.24 40
15.26 34
15.28 45
15.3 45
15.32 39
15.34 34
15.36 39
15.38 33
15.4 45
15.42 35
15.44 40
15.46 36
15.48 41
15.5 49
15.52 38
15.54 42
15.56 36
15.58 43
15.6 43
15.62 38
15.64 31
15.66 37
15.68 44
15.7 52
15.72 41
15.74 39
15.76 41
15.78 46
15.8 53
15.82 35
15.84 37
15.86 49
15.88 34
15.9 56
15.92 48
15.94 50
15.96 49
15.98 38
16 37
16.02 43
16.04 46
16.06 57
16.08 40
16.1 57
16.12 42
16.14 45
16.16 40
16.18 41
16.2 39
16.22 54
16.24 35
16.26 43
16.28 45
16.3 43
16.32 47
16.34 59
16.36 46
16.38 43
16.4 42
16.42 49
16.44 33
16.46 46
16.48 41
16.5 57
16.52 52
16.54 47
16.56 35
16.58 58
16.6 43
16.62 55
16.64 48
16.66 39
16.68 50
16.7 43
16.72 59
16.74 48
16.76 46
16.78 50
16.8 46
16.82 36
16.84 55
16.86 48
16.88 47
16.9 53
16.92 47
16.94 48
16.96 46
16.98 49
17 53
17.02 45
17.04 43
17.06 46
17.08 38
17.1 55
17.12 65
17.14 49
17.16 40
17.18 52
17.2 66
17.22 65
17.24 58
17.26 52
17.28 57
17.3 56
17.32 49
17.34 51
17.36 53
17.38 65
17.4 60
17.42 54
17.44 52
17.46 45
17.48 48
17.5 53
17.52 54
17.54 56
17.56 57
17.58 50
17.6 47
17.62 60
17.64 52
17.66 51
17.68 55
17.7 42
17.72 53
17.74 48
17.76 52
17.78 54
17.8 37
17.82 54
17.84 53
17.86 60
17.88 51
17.9 58
17.92 66
17.94 47
17.96 51
17.98 54
18 51
18.02 55
18.04 54
18.06 51
18.08 53
18.1 55
18.12 50
18.14 50
18.16 48
18.18 63
18.2 54
18.22 55
18.24 50
18.26 66
18.28 54
18.3 64
18.32 53
18.34 55
18.36 60
18.38 60
18.4 76
18.42 58
18.44 53
18.46 48
18.48 62
18.5 48
18.52 48
18.54 57
18.56 61
18.58 63
18.6 57
18.62 60
18.64 50
18.66 60
18.68 61
18.7 58
18.72 60
18.74 64
18.76 73
18.78 70
18.8 66
18.82 60
18.84 55
18.86 58
18.88 71
18.9 61
18.92 72
18.94 63
18.96 66
18.98 68
19 77
19.02 72
19.04 84
19.06 64
19.08 55
19.1 64
19.12 54
19.14 70
19.16 66
19.18 61
19.2 54
19.22 41
19.24 47
19.26 83
19.28 56
19.3 81
19.32 49
19.34 65
19.36 66
19.38 54
19.4 75
19.42 59
19.44 71
19.46 87
19.48 64
19.5 64
19.52 64
19.54 76
19.56 59
19.58 70
19.6 70
19.62 57
19.64 53
19.66 80
19.68 72
19.7 79
19.72 74
19.74 75
19.76 70
19.78 64
19.8 82
19.82 69
19.84 61
19.86 68
19.88 54
19.9 58
19.92 77
19.94 64
19.96 67
19.98 56
20 64
20.02 67
20.04 69
20.06 67
20.08 59
20.1 79
20.12 62
20.14 78
20.16 83
20.18 77
20.2 59
20.22 70
20.24 81
20.26 68
20.28 58
20.3 74
20.32 70
20.34 60
20.36 75
20.38 93
20.4 77
20.42 77
20.44 69
20.46 93
20.48 67
20.5 62
20.52 72
20.54 81
20.56 73
20.58 72
20.6 73
20.62 87
20.64 90
20.66 71
20.68 84
20.7 76
20.72 82
20.74 87
20.76 76
20.78 87
20.8 72
20.82 61
20.84 96
20.86 97
20.88 81
20.9 78
20.92 70
20.94 74
20.96 74
20.98 90
21 67
21.02 86
21.04 75
21.06 74
21.08 91
21.1 90
21.12 82
21.14 88
21.16 88
21.18 89
21.2 81
21.22 79
21.24 92
21.26 89
21.28 74
21.3 88
21.32 70
21.34 88
21.36 69
21.38 82
21.4 78
21.42 81
21.44 64
21.46 95
21.48 84
21.5 77
21.52 82
21.54 84
21.56 95
21.58 89
21.6 94
21.62 98
21.64 72
21.66 100
21.68 99
21.7 100
21.72 71
21.74 92
21.76 72
21.78 91
21.8 90
21.82 90
21.84 94
21.86 99
21.88 86
21.9 83
21.92 95
21.94 100
21.96 92
21.98 79
22 104
22.02 80
22.04 84
22.06 92
22.08 90
22.1 65
22.12 71
22.14 96
22.16 74
22.18 97
22.2 87
22.22 86
22.24 75
22.26 92
22.28 95
22.3 87
22.32 80
22.34 105
22.36 96
22.38 93
22.4 83
22.42 82
22.44 88
22.46 100
22.48 96
22.5 93
22.52 93
22.54 102
22.56 87
22.58 91
22.6 97
22.62 90
22.64 80
22.66 93
22.68 111
22.7 101
22.72 107
22.74 117
22.76 101
22.78 86
22.8 99
22.82 100
22.84 99
22.86 86
22.88 83
22.9 112
22.92 101
22.94 99
22.96 80
22.98 107
23 89
23.02 98
23.04 90
23.06 84
23.08 94
23.1 107
23.12 87
23.14 101
23.16 107
23.18 92
23.2 101
23.22 94
23.24 110
23.26 88
23.28 85
23.3 88
23.32 76
23.34 100
23.36 94
23.38 87
23.4 103
23.42 109
23.44 101
23.46 94
23.48 87
23.5 102
23.52 89
23.54 102
23.56 97
23.58 74
23.6 95
23.62 72
23.64 106
23.66 101
23.68 101
23.7 82
23.72 88
23.74 114
23.76 97
23.78 90
23.8 97
23.82 98
23.84 87
23.86 102
23.88 105
23.9 95
23.92 96
23.94 87
23.96 77
23.98 95
24 108
24.02 101
24.04 105
24.06 85
24.08 101
24.1 80
24.12 93
24.14 100
24.16 118
24.18 95
24.2 99
24.22 112
24.24 122
24.26 96
24.28 90
24.3 86
24.32 90
24.34 99
24.36 77
24.38 93
24.4 107
24.42 113
24.44 111
24.46 95
24.48 103
24.5 89
24.52 96
24.54 102
24.56 106
24.58 88
24.6 102
24.62 91
24.64 86
24.66 83
24.68 91
24.7 81
24.72 110
24.74 100
24.76 96
24.78 104
24.8 90
24.82 91
24.84 98
24.86 95
24.88 109
24.9 96
24.92 101
24.94 94
24.96 87
24.98 105
25 83
25.02 93
25.04 87
25.06 88
25.08 93
25.1 88
25.12 90
25.14 93
25.16 107
25.18 89
25.2 81
25.22 100
25.24 86
25.26 107
25.28 76
25.3 93
25.32 101
25.34 75
25.36 95
25.38 99
25.4 96
25.42 102
25.44 103
25.46 99
25.48 96
25.5 89
25.52 92
25.54 96
25.56 96
25.58 89
25.6 100
25.62 91
25.64 86
25.66 89
25.68 98
25.7 97
25.72 79
25.74 91
25.76 97
25.78 91
25.8 103
25.82 90
25.84 93
25.86 89
25.88 84
25.9 95
25.92 103
25.94 85
25.96 94
25.98 92
26 88
26.02 97
26.04 94
26.06 104
26.08 92
26.1 94
26.12 104
26.14 87
26.16 87
26.18 88
26.2 90
26.22 92
26.24 89
26.26 80
26.28 100
26.3 75
26.32 85
26.34 85
26.36 91
26.38 112
26.4 86
26.42 87
26.44 103
26.46 98
26.48 91
26.5 82
26.52 95
26.54 82
26.56 99
26.58 96
26.6 81
26.62 87
26.64 91
26.66 91
26.68 90
26.7 74
26.72 82
26.74 79
26.76 91
26.78 78
26.8 87
26.82 96
26.84 107
26.86 77
26.88 81
26.9 92
26.92 93
26.94 97
26.96 101
26.98 88
27 105
27.02 85
27.04 78
27.06 84
27.08 85
27.1 101
27.12 86
27.14 99
27.16 75
27.18 88
27.2 95
27.22 83
27.24 110
27.26 83
27.28 90
27.3 89
27.32 87
27.34 80
27.36 84
27.38 83
27.4 72
27.42 89
27.44 91
27.46 87
27.48 112
27.5 87
27.52 77
27.54 77
27.56 85
27.58 86
27.6 92
27.62 92
27.64 78
27.66 77
27.68 105
27.7 67
27.72 84
27.74 84
27.76 79
27.78 86
27.8 75
27.82 86
27.84 73
27.86 91
27.88 87
27.9 73
27.92 101
27.94 100
27.96 84
27.98 77
28 92
28.02 89
28.04 86
28.06 93
28.08 87
28.1 85
28.12 78
28.14 79
28.16 92
28.18 79
28.2 94
28.22 83
28.24 78
28.26 88
28.28 81
28.3 86
28.32 75
28.34 81
28.36 101
28.38 80
28.4 87
28.42 102
28.44 95
28.46 93
28.48 90
28.5 61
28.52 93
28.54 79
28.56 92
28.58 75
28.6 80
28.62 84
28.64 85
28.66 79
28.68 67
28.7 71
28.72 73
28.74 82
28.76 89
28.78 80
28.8 87
28.82 76
28.84 74
28.86 78
28.88 90
28.9 68
28.92 100
28.94 84
28.96 67
28.98 85
29 84
29.02 96
29.04 76
29.06 81
29.08 87
29.1 68
29.12 92
29.14 93
29.16 91
29.18 79
29.2 82
29.22 93
29.24 82
29.26 71
29.28 73
29.3 87
29.32 76
29.34 63
29.36 80
29.38 85
29.4 72
29.42 97
29.44 77
29.46 82
29.48 83
29.5 89
29.52 84
29.54 74
29.56 95
29.58 82
29.6 80
29.62 86
29.64 80
29.66 75
29.68 85
29.7 74
29.72 79
29.74 88
29.76 85
29.78 83
29.8 94
29.82 73
29.84 97
29.86 82
29.88 74
29.9 70
29.92 87
29.94 78
29.96 80
29.98 77
30 65
30.02 70
30.04 84
30.06 86
30.08 70
30.1 89
30.12 71
30.14 69
30.16 78
30.18 79
30.2 82
30.22 74
30.24 89
30.26 85
30.28 84
30.3 84
30.32 60
30.34 81
30.36 86
30.38 75
30.4 77
30.42 74
30.44 57
30.46 93
30.48 79
30.5 87
30.52 75
30.54 69
30.56 82
30.58 93
30.6 71
30.62 61
30.64 87
30.66 70
30.68 79
30.7 78
30.72 76
30.74 85
30.76 77
30.78 74
30.8 66
30.82 67
30.84 91
30.86 66
30.88 86
30.9 85
30.92 87
30.94 77
30.96 80
30.98 79
31 77
31.02 70
31.04 80
31.06 82
31.08 63
31.1 76
31.12 85
31.14 69
31.16 76
31.18 81
31.2 69
31.22 69
31.24 78
31.26 76
31.28 99
31.3 63
31.32 82
31.34 61
31.36 75
31.38 59
31.4 80
31.42 69
31.44 67
31.46 58
31.48 68
31.5 71
31.52 79
31.54 75
31.56 85
31.58 68
31.6 82
31.62 74
31.64 65
31.66 72
31.68 68
31.7 73
31.72 74
31.74 73
31.76 94
31.78 80
31.8 70
31.82 69
31.84 67
31.86 67
31.88 58
31.9 75
31.92 73
31.94 68
31.96 80
31.98 80
32 80
32.02 69
32.04 71
32.06 72
32.08 83
32.1 60
32.12 60
32.14 69
32.16 64
32.18 74
32.2 74
32.22 78
32.24 69
32.26 63
32.28 81
32.3 66
32.32 75
32.34 81
32.36 77
32.38 61
32.4 72
32.42 87
32.44 72
32.46 58
32.48 71
32.5 80
32.52 70
32.54 78
32.56 76
32.58 63
32.6 73
32.62 67
32.64 84
32.66 61
32.68 59
32.7 56
32.72 74
32.74 75
32.76 56
32.78 66
32.8 70
32.82 66
32.84 74
32.86 84
32.88 63
32.9 52
32.92 55
32.94 49
32.96 57
32.98 65
33 78
33.02 69
33.04 73
33.06 60
33.08 61
33.1 61
33.12 70
33.14 61
33.16 65
33.18 52
33.2 65
33.22 60
33.24 64
33.26 57
33.28 49
33.3 78
33.32 66
33.34 62
33.36 82
33.38 73
33.4 70
33.42 57
33.44 58
33.46 54
33.48 68
33.5 69
33.52 57
33.54 61
33.56 58
33.58 86
33.6 66
33.62 74
33.64 58
33.66 51
33.68 63
33.7 50
33.72 79
33.74 74
33.76 50
33.78 57
33.8 60
33.82 74
33.84 52
33.86 70
33.88 70
33.9 63
33.92 59
33.94 60
33.96 56
33.98 52
34 62
34.02 59
34.04 73
34.06 62
34.08 64
34.1 50
34.12 50
34.14 59
34.16 63
34.18 49
34.2 53
34.22 63
34.24 64
34.26 62
34.28 58
34.3 53
34.32 49
34.34 60
34.36 63
34.38 53
34.4 54
34.42 54
34.44 56
34.46 63
34.48 59
34.5 48
34.52 43
34.54 65
34.56 60
34.58 58
34.6 46
34.62 58
34.64 64
34.66 55
34.68 63
34.7 64
34.72 57
34.74 57
34.76 58
34.78 62
34.8 70
34.82 55
34.84 54
34.86 58
34.88 46
34.9 66
34.92 54
34.94 42
34.96 59
34.98 49
35 47
35.02 65
35.04 49
35.06 58
35.08 66
35.1 53
35.12 56
35.14 42
35.16 40
35.18 40
35.2 44
35.22 38
35.24 49
35.26 56
35.28 59
35.3 45
35.32 48
35.34 53
35.36 49
35.38 46
35.4 47
35.42 45
35.44 46
35.46 60
35.48 49
35.5 43
35.52 43
35.54 57
35.56 68
35.58 49
35.6 49
35.62 50
35.64 54
35.66 52
35.68 52
35.7 47
35.72 53
35.74 41
35.76 62
35.78 33
35.8 57
35.82 40
35.84 58
35.86 53
35.88 57
35.9 51
35.92 57
35.94 55
35.96 41
35.98 46
36 42
36.02 59
36.04 37
36.06 49
36.08 66
36.1 55
36.12 53
36.14 45
36.16 53
36.18 54
36.2 39
36.22 53
36.24 41
36.26 39
36.28 50
36.3 50
36.32 57
36.34 29
36.36 42
36.38 50
36.4 49
36.42 46
36.44 42
36.46 48
36.48 38
36.5 47
36.52 41
36.54 48
36.56 43
36.58 45
36.6 38
36.62 39
36.64 35
36.66 56
36.68 35
36.7 44
36.72 48
36.74 55
36.76 44
36.78 48
36.8 39
36.82 47
36.84 51
36.86 52
36.88 51
36.9 37
36.92 43
36.94 44
36.96 48
36.98 49
37 47
37.02 43
37.04 41
37.06 40
37.08 39
37.1 57
37.12 53
37.14 39
37.16 39
37.18 34
37.2 45
37.22 38
37.24 57
37.26 33
37.28 37
37.3 36
37.32 48
37.34 37
37.36 44
37.38 40
37.4 42
37.42 39
37.44 41
37.46 36
37.48 45
37.5 29
37.52 41
37.54 42
37.56 50
37.58 52
37.6 39
37.62 32
37.64 37
37.66 37
37.68 51
37.7 39
37.72 35
37.74 44
37.76 37
37.78 43
37.8 39
37.82 47
37.84 45
37.86 40
37.88 40
37.9 44
37.92 45
37.94 38
37.96 49
37.98 30
38 54
38.02 41
38.04 39
38.06 34
38.08 40
38.1 45
38.12 36
38.14 40
38.16 42
38.18 42
38.2 34
38.22 38
38.24 35
38.26 33
38.28 30
38.3 37
38.32 44
38.34 40
38.36 51
38.38 39
38.4 33
38.42 39
38.44 42
38.46 44
38.48 44
38.5 44
38.52 55
38.54 47
38.56 41
38.58 40
38.6 45
38.62 38
38.64 39
38.66 43
38.68 31
38.7 34
38.72 24
38.74 35
38.76 37
38.78 41
38.8 38
38.82 42
38.84 43
38.86 33
38.88 42
38.9 40
38.92 45
38.94 35
38.96 31
38.98 41
39 38
39.02 36
39.04 39
39.06 36
39.08 50
39.1 37
39.12 42
39.14 40
39.16 34
39.18 40
39.2 34
39.22 38
39.24 33
39.26 35
39.28 38
39.3 41
39.32 39
39.34 55
39.36 32
39.38 29
39.4 41
39.42 31
39.44 43
39.46 33
39.48 31
39.5 22
39.52 40
39.54 39
39.56 44
39.58 47
39.6 36
39.62 33
39.64 38
39.66 47
39.68 33
39.7 35
39.72 43
39.74 36
39.76 44
39.78 38
39.8 37
39.82 39
39.84 38
39.86 47
39.88 26
39.9 25
39.92 53
39.94 28
39.96 31
39.98 42
40 41
40.02 36
40.04 42
40.06 35
40.08 38
40.1 34
40.12 39
40.14 46
40.16 32
40.18 34
40.2 36
40.22 38
40.24 34
40.26 33
40.28 35
40.3 40
40.32 39
40.34 25
40.36 33
40.38 30
40.4 46
40.42 38
40.44 22
40.46 37
40.48 33
40.5 33
40.52 38
40.54 42
40.56 28
40.58 41
40.6 35
40.62 33
40.64 34
40.66 44
40.68 39
40.7 45
40.72 38
40.74 45
40.76 36
40.78 29
40.8 32
40.82 45
40.84 46
40.86 35
40.88 33
40.9 42
40.92 36
40.94 34
40.96 43
40.98 45
41 41
41.02 40
41.04 43
41.06 27
41.08 39
41.1 36
41.12 50
41.14 30
41.16 41
41.18 40
41.2 36
41.22 37
41.24 45
41.26 32
41.28 28
41.3 43
41.32 34
41.34 39
41.36 36
41.38 36
41.4 40
41.42 44
41.44 46
41.46 46
41.48 35
41.5 39
41.52 35
41.54 30
41.56 38
41.58 27
41.6 42
41.62 32
41.64 37
41.66 33
41.68 28
41.7 38
41.72 38
41.74 47
41.76 46
41.78 29
41.8 33
41.82 37
41.84 30
41.86 27
41.88 36
41.9 46
41.92 42
41.94 33
41.96 43
41.98 33
42 41
42.02 37
42.04 39
42.06 26
42.08 41
42.1 35
42.12 40
42.14 38
42.16 42
42.18 36
42.2 35
42.22 30
42.24 43
42.26 42
42.28 29
42.3 31
42.32 46
42.34 38
42.36 41
42.38 41
42.4 50
42.42 39
42.44 37
42.46 41
42.48 37
42.5 38
42.52 38
42.54 43
42.56 48
42.58 43
42.6 35
42.62 39
42.64 42
42.66 27
42.68 38
42.7 38
42.72 44
42.74 40
42.76 30
42.78 46
42.8 43
42.82 40
42.84 48
42.86 33
42.88 29
42.9 33
42.92 35
42.94 43
42.96 39
42.98 44
43 43
43.02 32
43.04 31
43.06 28
43.08 38
43.1 32
43.12 40
43.14 33
43.16 43
43.18 33
43.2 30
43.22 33
43.24 36
43.26 36
43.28 39
43.3 44
43.32 36
43.34 36
43.36 32
43.38 43
43.4 36
43.42 39
43.44 30
43.46 46
43.48 34
43.5 58
43.52 46
43.54 28
43.56 41
43.58 23
43.6 38
43.62 53
43.64 27
43.66 24
43.68 35
43.7 33
43.72 31
43.74 38
43.76 40
43.78 37
43.8 31
43.82 43
43.84 42
43.86 26
43.88 36
43.9 37
43.92 38
43.94 38
43.96 32
43.98 34
44 38
44.02 29
44.04 40
44.06 29
44.08 42
44.1 31
44.12 37
44.14 49
44.16 38
44.18 39
44.2 39
44.22 34
44.24 42
44.26 39
44.28 31
44.3 45
44.32 29
44.34 41
44.36 37
44.38 42
44.4 47
44.42 34
44.44 40
44.46 44
44.48 39
44.5 44
44.52 38
44.54 48
44.56 49
44.58 40
44.6 47
44.62 39
44.64 40
44.66 24
44.68 32
44.7 42
44.72 40
44.74 43
44.76 46
44.78 35
44.8 29
44.82 34
44.84 33
44.86 40
44.88 42
44.9 37
44.92 42
44.94 26
44.96 36
44.98 38
45 33
45.02 52
45.04 42
45.06 35
45.08 34
45.1 31
45.12 37
45.14 36
45.16 37
45.18 44
45.2 41
45.22 42
45.24 28
45.26 40
45.28 46
45.3 38
45.32 34
45.34 33
45.36 36
45.38 33
45.4 35
45.42 37
45.44 28
45.46 26
45.48 42
45.5 38
45.52 35
45.54 27
45.56 38
45.58 46
45.6 34
45.62 35
45.64 34
45.66 39
45.68 39
45.7 42
45.72 29
45.74 39
45.76 36
45.78 33
45.8 25
45.82 37
45.84 41
45.86 30
45.88 44
45.9 28
45.92 33
45.94 39
45.96 41
45.98 33
46 33
46.02 32
46.04 32
46.06 32
46.08 26
46.1 39
46.12 33
46.14 30
46.16 36
46.18 30
46.2 31
46.22 33
46.24 25
46.26 29
46.28 38
46.3 32
46.32 30
46.34 44
46.36 26
46.38 37
46.4 38
46.42 35
46.44 41
46.46 38
46.48 32
46.5 34
46.52 32
46.54 32
46.56 33
46.58 29
46.6 36
46.62 28
46.64 38
46.66 40
46.68 28
46.7 42
46.72 39
46.74 40
46.76 33
46.78 34
46.8 30
46.82 38
46.84 34
46.86 31
46.88 34
46.9 32
46.92 37
46.94 30
46.96 27
46.98 27
47 32
47.02 46
47.04 27
47.06 31
47.08 34
47.1 45
47.12 33
47.14 41
47.16 48
47.18 39
47.2 33
47.22 40
47.24 21
47.26 32
47.28 33
47.3 46
47.32 40
47.34 34
47.36 36
47.38 27
47.4 28
47.42 34
47.44 33
47.46 32
47.48 48
47.5 34
47.52 37
47.54 32
47.56 29
47.58 26
47.6 33
47.62 48
47.64 35
47.66 38
47.68 39
47.7 31
47.72 30
47.74 41
47.76 24
47.78 32
47.8 47
47.82 31
47.84 28
47.86 33
47.88 29
47.9 35
47.92 31
47.94 29
47.96 32
47.98 37
48 27
48.02 41
48.04 28
48.06 34
48.08 27
48.1 40
48.12 43
48.14 37
48.16 38
48.18 32
48.2 26
48.22 32
48.24 25
48.26 29
48.28 35
48.3 36
48.32 44
48.34 27
48.36 27
48.38 33
48.4 29
48.42 39
48.44 42
48.46 33
48.48 37
48.5 41
48.52 36
48.54 37
48.56 24
48.58 33
48.6 42
48.62 37
48.64 32
48.66 29
48.68 23
48.7 23
48.72 38
48.74 31
48.76 42
48.78 29
48.8 42
48.82 40
48.84 41
48.86 40
48.88 30
48.9 35
48.92 39
48.94 32
48.96 37
48.98 29
49 23
49.02 33
49.04 34
49.06 38
49.08 38
49.1 49
49.12 35
49.14 38
49.16 24
49.18 34
49.2 32
49.22 35
49.24 24
49.26 34
49.28 29
49.3 38
49.32 32
49.34 37
49.36 29
49.38 28
49.4 17
49.42 36
49.44 27
49.46 31
49.48 40
49.5 33
49.52 32
49.54 34
49.56 41
49.58 23
49.6 26
49.62 33
49.64 36
49.66 31
49.68 28
49.7 27
49.72 26
49.74 23
49.76 31
49.78 24
49.8 25
49.82 30
49.84 30
49.86 34
49.88 33
49.9 32
49.92 27
49.94 30
49.96 34
49.98 24
50 32
50.02 21
50.04 35
50.06 34
50.08 31
50.1 38
50.12 27
50.14 33
50.16 35
50.18 38
50.2 25
50.22 32
50.24 38
50.26 41
50.28 34
50.3 37
50.32 30
50.34 34
50.36 36
50.38 36
50.4 33
50.42 38
50.44 25
50.46 26
50.48 32
50.5 34
50.52 25
50.54 42
50.56 38
50.58 31
50.6 30
50.62 32
50.64 35
50.66 31
50.68 38
50.7 31
50.72 30
50.74 26
50.76 27
50.78 29
50.8 31
50.82 34
50.84 32
50.86 40
50.88 36
50.9 34
50.92 31
50.94 26
50.96 23
50.98 30
51 29
51.02 29
51.04 33
51.06 34
51.08 28
51.1 34
51.12 34
51.14 29
51.16 24
51.18 28
51.2 32
51.22 25
51.24 34
51.26 31
51.28 34
51.3 35
51.32 38
51.34 35
51.36 36
51.38 22
51.4 32
51.42 21
51.44 25
51.46 30
51.48 33
51.5 21
51.52 28
51.54 38
51.56 25
51.58 33
51.6 26
51.62 28
51.64 25
51.66 30
51.68 31
51.7 28
51.72 32
51.74 31
51.76 31
51.78 29
51.8 30
51.82 24
51.84 30
51.86 34
51.88 34
51.9 28
51.92 20
51.94 30
51.96 39
51.98 21
52 34
52.02 32
52.04 30
52.06 37
52.08 34
52.1 20
52.12 38
52.14 29
52.16 33
52.18 33
52.2 28
52.22 23
52.24 35
52.26 29
52.28 44
52.3 30
52.32 34
52.34 36
52.36 36
52.38 30
52.4 29
52.42 33
52.44 29
52.46 22
52.48 26
52.5 27
52.52 31
52.54 27
52.56 37
52.58 30
52.6 32
52.62 37
52.64 26
52.66 34
52.68 35
52.7 30
52.72 27
52.74 34
52.76 33
52.78 33
52.8 36
52.82 22
52.84 27
52.86 35
52.88 32
52.9 33
52.92 38
52.94 32
52.96 27
52.98 45
53 32
53.02 35
53.04 43
53.06 33
53.08 28
53.1 36
53.12 36
53.14 37
53.16 38
53.18 35
53.2 31
53.22 30
53.24 25
53.26 36
53.28 26
53.3 25
53.32 32
53.34 21
53.36 32
53.38 32
53.4 43
53.42 36
53.44 28
53.46 29
53.48 38
53.5 34
53.52 40
53.54 29
53.56 39
53.58 32
53.6 27
53.62 31
53.64 31
53.66 25
53.68 26
53.7 32
53.72 33
53.74 37
53.76 37
53.78 30
53.8 36
53.82 23
53.84 31
53.86 32
53.88 29
53.9 29
53.92 23
53.94 26
53.96 33
53.98 26
54 41
54.02 23
54.04 31
54.06 41
54.08 31
54.1 27
54.12 28
54.14 21
54.16 37
54.18 43
54.2 26
54.22 41
54.24 22
54.26 34
54.28 35
54.3 36
54.32 33
54.34 26
54.36 28
54.38 33
54.4 32
54.42 35
54.44 36
54.46 40
54.48 35
54.5 21
54.52 32
54.54 48
54.56 28
54.58 30
54.6 22
54.62 27
54.64 31
54.66 27
54.68 37
54.7 29
54.72 25
54.74 29
54.76 27
54.78 29
54.8 32
54.82 25
54.84 34
54.86 32
54.88 24
54.9 41
54.92 30
54.94 33
54.96 26
54.98 39
55 39
55.02 27
55.04 27
55.06 20
55.08 30
55.1 32
55.12 37
55.14 29
55.16 27
55.18 30
55.2 33
55.22 30
55.24 29
55.26 33
55.28 34
55.3 32
55.32 29
55.34 34
55.36 31
55.38 30
55.4 29
55.42 28
55.44 36
55.46 35
55.48 29
55.5 31
55.52 39
55.54 37
55.56 29
55.58 34
55.6 30
55.62 26
55.64 38
55.66 41
55.68 29
55.7 34
55.72 29
55.74 27
55.76 39
55.78 34
55.8 28
55.82 37
55.84 39
55.86 38
55.88 40
55.9 35
55.92 36
55.94 37
55.96 35
55.98 28
56 33
56.02 28
56.04 34
56.06 25
56.08 34
56.1 36
56.12 20
56.14 27
56.16 34
56.18 25
56.2 29
56.22 39
56.24 33
56.26 36
56.28 33
56.3 44
56.32 21
56.34 28
56.36 30
56.38 30
56.4 29
56.42 40
56.44 27
56.46 30
56.48 28
56.5 26
56.52 29
56.54 33
56.56 36
56.58 33
56.6 28
56.62 38
56.64 33
56.66 37
56.68 30
56.7 29
56.72 30
56.74 32
56.76 29
56.78 30
56.8 38
56.82 31
56.84 27
56.86 38
56.88 37
56.9 25
56.92 30
56.94 30
56.96 42
56.98 42
57 42
57.02 31
57.04 42
57.06 34
57.08 35
57.1 27
57.12 28
57.14 20
57.16 30
57.18 32
57.2 38
57.22 36
57.24 31
57.26 37
57.28 30
57.3 29
57.32 31
57.34 32
57.36 28
57.38 30
57.4 32
57.42 30
57.44 34
57.46 33
57.48 27
57.5 34
57.52 32
57.54 33
57.56 36
57.58 33
57.6 42
57.62 35
57.64 32
57.66 26
57.68 34
57.7 34
57.72 33
57.74 34
57.76 24
57.78 30
57.8 29
57.82 29
57.84 26
57.86 38
57.88 28
57.9 36
57.92 36
57.94 42
57.96 26
57.98 31
58 35
58.02 35
58.04 30
58.06 28
58.08 37
58.1 28
58.12 37
58.14 26
58.16 33
58.18 37
58.2 37
58.22 39
58.24 41
58.26 35
58.28 34
58.3 35
58.32 44
58.34 37
58.36 45
58.38 25
58.4 42
58.42 28
58.44 30
58.46 26
58.48 30
58.5 35
58.52 32
58.54 38
58.56 29
58.58 31
58.6 34
58.62 37
58.64 37
58.66 28
58.68 32
58.7 25
58.72 35
58.74 28
58.76 32
58.78 28
58.8 29
58.82 37
58.84 34
58.86 34
58.88 36
58.9 26
58.92 30
58.94 33
58.96 31
58.98 42
59 24
59.02 20
59.04 27
59.06 28
59.08 26
59.1 33
59.12 38
59.14 41
59.16 35
59.18 26
59.2 28
59.22 29
59.24 30
59.26 27
59.28 30
59.3 36
59.32 40
59.34 33
59.36 36
59.38 22
59.4 28
59.42 29
59.44 29
59.46 21
59.48 33
59.5 35
59.52 44
59.54 24
59.56 35
59.58 41
59.6 32
59.62 40
59.64 34
59.66 38
59.68 27
59.7 38
59.72 26
59.74 35
59.76 26
59.78 27
59.8 35
59.82 32
59.84 36
59.86 31
59.88 37
59.9 36
59.92 34
59.94 24
59.96 35
59.98 32
60 30
60.02 35
60.04 31
60.06 26
60.08 24
60.1 33
60.12 37
60.14 39
60.16 34
60.18 34
60.2 34
60.22 29
60.24 30
60.26 37
60.28 39
60.3 30
60.32 31
60.34 32
60.36 25
60.38 32
60.4 26
60.42 23
60.44 36
60.46 42
60.48 27
60.5 44
60.52 25
60.54 34
60.56 31
60.58 35
60.6 33
60.62 34
60.64 30
60.66 28
60.68 24
60.7 40
60.72 39
60.74 28
60.76 33
60.78 38
60.8 23
60.82 29
60.84 22
60.86 33
60.88 28
60.9 34
60.92 34
60.94 28
60.96 38
60.98 24
61 32
61.02 27
61.04 37
61.06 28
61.08 44
61.1 37
61.12 28
61.14 29
61.16 38
61.18 41
61.2 40
61.22 32
61.24 37
61.26 42
61.28 33
61.3 37
61.32 19
61.34 32
61.36 24
61.38 32
61.4 44
61.42 39
61.44 31
61.46 28
61.48 26
61.5 30
61.52 23
61.54 31
61.56 41
61.58 37
61.6 36
61.62 37
61.64 36
61.66 42
61.68 33
61.7 31
61.72 28
61.74 39
61.76 28
61.78 25
61.8 30
61.82 36
61.84 28
61.86 31
61.88 27
61.9 35
61.92 31
61.94 18
61.96 27
61.98 31
62 40
62.02 33
62.04 30
62.06 34
62.08 36
62.1 30
62.12 27
62.14 35
62.16 24
62.18 24
62.2 35
62.22 30
62.24 24
62.26 26
62.28 35
62.3 26
62.32 27
62.34 37
62.36 31
62.38 35
62.4 39
62.42 37
62.44 31
62.46 25
62.48 28
62.5 26
62.52 27
62.54 41
62.56 29
62.58 32
62.6 34
62.62 36
62.64 25
62.66 20
62.68 23
62.7 35
62.72 34
62.74 34
62.76 36
62.78 38
62.8 29
62.82 42
62.84 30
62.86 24
62.88 27
62.9 24
62.92 38
62.94 31
62.96 38
62.98 32
63 32
63.02 27
63.04 32
63.06 23
63.08 25
63.1 30
63.12 23
63.14 32
63.16 30
63.18 30
63.2 31
63.22 28
63.24 35
63.26 31
63.28 30
63.3 32
63.32 30
63.34 33
63.36 34
63.38 25
63.4 19
63.42 24
63.44 34
63.46 32
63.48 25
63.5 37
63.52 24
63.54 27
63.56 39
63.58 24
63.6 31
63.62 34
63.64 32
63.66 31
63.68 37
63.7 38
63.72 25
63.74 24
63.76 33
63.78 28
63.8 29
63.82 30
63.84 22
63.86 29
63.88 31
63.9 28
63.92 35
63.94 38
63.96 29
63.98 33
64 38
64.02 37
64.04 23
64.06 27
64.08 36
64.1 25
64.12 33
64.14 29
64.16 34
64.18 30
64.2 36
64.22 31
64.24 34
64.26 32
64.28 32
64.3 33
64.32 25
64.34 30
64.36 32
64.38 39
64.4 25
64.42 32
64.44 33
64.46 31
64.48 28
64.5 29
64.52 31
64.54 27
64.56 40
64.58 36
64.6 31
64.62 36
64.64 26
64.66 35
64.68 19
64.7 33
64.72 36
64.74 30
64.76 26
64.78 25
64.8 22
64.82 31
64.84 21
64.86 40
64.88 33
64.9 38
64.92 27
64.94 37
64.96 29
64.98 24
65 35
65.02 23
65.04 33
65.06 17
65.08 35
65.1 23
65.12 31
65.14 38
65.16 29
65.18 36
65.2 29
65.22 21
65.24 26
65.26 36
65.28 37
65.3 24
65.32 38
65.34 30
65.36 29
65.38 24
65.4 36
65.42 35
65.44 34
65.46 24
65.48 30
65.5 30
65.52 29
65.54 27
65.56 41
65.58 25
65.6 34
65.62 22
65.64 22
65.66 26
65.68 30
65.7 16
65.72 26
65.74 25
65.76 31
65.78 39
65.8 28
65.82 26
65.84 21
65.86 35
65.88 24
65.9 24
65.92 34
65.94 36
65.96 31
65.98 36
66 28
66.02 23
66.04 32
66.06 29
66.08 35
66.1 23
66.12 24
66.14 30
66.16 37
66.18 29
66.2 26
66.22 31
66.24 31
66.26 44
66.28 30
66.3 22
66.32 32
66.34 26
66.36 35
66.38 17
66.4 31
66.42 32
66.44 34
66.46 42
66.48 26
66.5 27
66.52 27
66.54 31
66.56 36
66.58 30
66.6 36
66.62 32
66.64 33
66.66 27
66.68 30
66.7 26
66.72 30
66.74 39
66.76 27
66.78 38
66.8 28
66.82 22
66.84 37
66.86 34
66.88 34
66.9 32
66.92 24
66.94 29
66.96 29
66.98 23
67 18
67.02 34
67.04 35
67.06 29
67.08 31
67.1 23
67.12 29
67.14 30
67.16 26
67.18 28
67.2 30
67.22 34
67.24 22
67.26 30
67.28 23
67.3 35
67.32 31
67.34 28
67.36 25
67.38 25
67.4 37
67.42 36
67.44 25
67.46 29
67.48 29
67.5 36
67.52 24
67.54 25
67.56 23
67.58 29
67.6 24
67.62 24
67.64 35
67.66 29
67.68 24
67.7 21
67.72 24
67.74 28
67.76 36
67.78 23
67.8 20
67.82 20
67.84 23
67.86 24
67.88 32
67.9 29
67.92 29
67.94 29
67.96 23
67.98 25
68 32
68.02 29
68.04 24
68.06 20
68.08 33
68.1 21
68.12 29
68.14 32
68.16 38
68.18 25
68.2 37
68.22 33
68.24 28
68.26 30
68.28 36
68.3 26
68.32 28
68.34 38
68.36 26
68.38 31
68.4 23
68.42 30
68.44 29
68.46 29
68.48 24
68.5 34
68.52 31
68.54 22
68.56 21
68.58 19
68.6 22
68.62 38
68.64 29
68.66 29
68.68 32
68.7 28
68.72 29
68.74 33
68.76 28
68.78 26
68.8 25
68.82 30
68.84 24
68.86 27
68.88 28
68.9 28
68.92 34
68.94 30
68.96 25
68.98 27
69 24
69.02 20
69.04 40
69.06 35
69.08 23
69.1 28
69.12 23
69.14 35
69.16 26
69.18 23
69.2 26
69.22 22
69.24 25
69.26 19
69.28 23
69.3 23
69.32 27
69.34 27
69.36 20
69.38 23
69.4 24
69.42 26
69.44 26
69.46 28
69.48 11
69.5 32
69.52 17
69.54 32
69.56 28
69.58 23
69.6 27
69.62 32
69.64 34
69.66 23
69.68 24
69.7 36
69.72 25
69.74 36
69.76 36
69.78 30
69.8 27
69.82 22
69.84 27
69.86 21
69.88 20
69.9 34
69.92 22
69.94 23
69.96 23
69.98 27
70 15
70.02 27
70.04 25
70.06 22
70.08 24
70.1 28
70.12 35
70.14 26
70.16 31
70.18 25
70.2 28
70.22 21
70.24 33
70.26 25
70.28 32
70.3 29
70.32 25
70.34 30
70.36 31
70.38 33
70.4 22
70.42 31
70.44 31
70.46 18
70.48 32
70.5 23
70.52 25
70.54 36
70.56 34
70.58 40
70.6 27
70.62 34
70.64 23
70.66 25
70.68 31
70.7 19
70.72 26
70.74 31
70.76 21
70.78 31
70.8 27
70.82 36
70.84 24
70.86 27
70.88 21
70.9 32
70.92 29
70.94 30
70.96 28
70.98 28
71 27
71.02 26
71.04 28
71.06 26
71.08 28
71.1 28
71.12 29
71.14 27
71.16 40
71.18 24
71.2 31
71.22 25
71.24 21
71.26 23
71.28 25
71.3 26
71.32 26
71.34 27
71.36 23
71.38 24
71.4 26
71.42 18
71.44 27
71.46 26
71.48 25
71.5 28
71.52 22
71.54 27
71.56 19
71.58 32
71.6 35
71.62 27
71.64 24
71.66 27
71.68 27
71.7 30
71.72 26
71.74 34
71.76 33
71.78 20
71.8 37
71.82 24
71.84 26
71.86 29
71.88 13
71.9 24
71.92 20
71.94 35
71.96 33
71.98 34
72 23
72.02 28
72.04 24
72.06 29
72.08 29
72.1 24
72.12 26
72.14 23
72.16 27
72.18 30
72.2 23
72.22 38
72.24 34
72.26 33
72.28 21
72.3 30
72.32 23
72.34 25
72.36 28
72.38 20
72.4 26
72.42 24
72.44 26
72.46 25
72.48 21
72.5 35
72.52 27
72.54 25
72.56 24
72.58 24
72.6 21
72.62 32
72.64 37
72.66 21
72.68 20
72.7 23
72.72 30
72.74 28
72.76 29
72.78 21
72.8 26
72.82 24
72.84 20
72.86 20
72.88 20
72.9 35
72.92 26
72.94 25
72.96 19
72.98 14
73 32
73.02 24
73.04 29
73.06 27
73.08 21
73.1 28
73.12 26
73.14 31
73.16 31
73.18 22
73.2 21
73.22 24
73.24 23
73.26 22
73.28 20
73.3 18
73.32 30
73.34 27
73.36 21
73.38 20
73.4 26
73.42 20
73.44 24
73.46 19
73.48 26
73.5 21
73.52 25
73.54 27
73.56 21
73.58 23
73.6 18
73.62 31
73.64 24
73.66 29
73.68 18
73.7 28
73.72 25
73.74 22
73.76 20
73.78 24
73.8 20
73.82 22
73.84 21
73.86 23
73.88 26
73.9 21
73.92 23
73.94 22
73.96 31
73.98 16
74 27
74.02 20
74.04 30
74.06 27
74.08 27
74.1 21
74.12 26
74.14 17
74.16 20
74.18 31
74.2 26
74.22 28
74.24 22
74.26 28
74.28 23
74.3 35
74.32 25
74.34 19
74.36 26
74.38 19
74.4 15
74.42 17
74.44 26
74.46 23
74.48 26
74.5 25
74.52 24
74.54 26
74.56 20
74.58 19
74.6 24
74.62 21
74.64 25
74.66 30
74.68 32
74.7 21
74.72 27
74.74 21
74.76 27
74.78 19
74.8 25
74.82 21
74.84 24
74.86 22
74.88 24
74.9 17
74.92 18
74.94 27
74.96 23
74.98 25
75 20
75.02 20
75.04 26
75.06 25
75.08 26
75.1 22
75.12 21
75.14 21
75.16 28
75.18 19
75.2 24
75.22 19
75.24 33
75.26 23
75.28 23
75.3 32
75.32 27
75.34 24
75.36 25
75.38 26
75.4 27
75.42 32
75.44 20
75.46 22
75.48 27
75.5 22
75.52 27
75.54 31
75.56 22
75.58 30
75.6 27
75.62 28
75.64 25
75.66 24
75.68 21
75.7 23
75.72 38
75.74 24
75.76 21
75.78 15
75.8 20
75.82 23
75.84 29
75.86 21
75.88 20
75.9 16
75.92 17
75.94 17
75.96 18
75.98 14
76 22
76.02 24
76.04 20
76.06 24
76.08 32
76.1 28
76.12 25
76.14 18
76.16 17
76.18 20
76.2 10
76.22 23
76.24 24
76.26 22
76.28 26
76.3 20
76.32 21
76.34 18
76.36 28
76.38 18
76.4 26
76.42 27
76.44 22
76.46 25
76.48 23
76.5 22
76.52 29
76.54 19
76.56 23
76.58 23
76.6 26
76.62 18
76.64 26
76.66 30
76.68 12
76.7 29
76.72 18
76.74 21
76.76 26
76.78 13
76.8 28
76.82 36
76.84 30
76.86 16
76.88 25
76.9 29
76.92 19
76.94 21
76.96 26
76.98 21
77 22
77.02 23
77.04 18
77.06 27
77.08 25
77.1 22
77.12 24
77.14 14
77.16 21
77.18 19
77.2 29
77.22 22
77.24 26
77.26 19
77.28 26
77.3 34
77.32 20
77.34 30
77.36 21
77.38 17
77.4 21
77.42 26
77.44 27
77.46 18
77.48 29
77.5 19
77.52 25
77.54 27
77.56 19
77.58 13
77.6 25
77.62 27
77.64 22
77.66 21
77.68 21
77.7 18
77.72 18
77.74 27
77.76 28
77.78 24
77.8 22
77.82 17
77.84 26
77.86 27
77.88 30
77.9 20
77.92 19
77.94 32
77.96 24
77.98 32
78 21
78.02 16
78.04 17
78.06 22
78.08 20
78.1 34
78.12 20
78.14 16
78.16 18
78.18 23
78.2 19
78.22 21
78.24 27
78.26 19
78.28 22
78.3 21
78.32 23
78.34 24
78.36 19
78.38 17
78.4 25
78.42 21
78.44 18
78.46 35
78.48 19
78.5 23
78.52 17
78.54 20
78.56 27
78.58 28
78.6 22
78.62 17
78.64 19
78.66 29
78.68 29
78.7 24
78.72 19
78.74 17
78.76 18
78.78 19
78.8 24
78.82 20
78.84 25
78.86 21
78.88 21
78.9 20
78.92 9
78.94 18
78.96 22
78.98 23
79 20
79.02 27
79.04 18
79.06 19
79.08 24
79.1 22
79.12 28
79.14 23
79.16 18
79.18 16
79.2 22
79.22 18
79.24 15
79.26 22
79.28 18
79.3 24
79.32 23
79.34 20
79.36 16
79.38 18
79.4 16
79.42 25
79.44 15
79.46 21
79.48 30
79.5 20
79.52 18
79.54 16
79.56 18
79.58 25
79.6 20
79.62 23
79.64 17
79.66 31
79.68 19
79.7 20
79.72 23
79.74 15
79.76 20
79.78 19
79.8 18
79.82 16
79.84 23
79.86 24
79.88 16
79.9 22
79.92 20
79.94 30
79.96 20
79.98 23
80 11
80.02 21
80.04 16
80.06 15
80.08 19
80.1 21
80.12 25
80.14 30
80.16 25
80.18 18
80.2 17
80.22 21
80.24 32
80.26 24
80.28 26
80.3 16
80.32 19
80.34 15
80.36 19
80.38 23
80.4 15
80.42 18
80.44 23
80.46 17
80.48 22
80.5 23
80.52 27
80.54 19
80.56 21
80.58 25
80.6 15
80.62 22
80.64 20
80.66 21
80.68 19
80.7 26
80.72 25
80.74 20
80.76 22
80.78 17
80.8 28
80.82 25
80.84 20
80.86 23
80.88 21
80.9 18
80.92 23
80.94 19
80.96 15
80.98 19
81 23
81.02 10
81.04 15
81.06 19
81.08 26
81.1 26
81.12 24
81.14 19
81.16 23
81.18 17
81.2 17
81.22 14
81.24 19
81.26 24
81.28 18
81.3 15
81.32 30
81.34 30
81.36 9
81.38 14
81.4 17
81.42 23
81.44 20
81.46 21
81.48 20
81.5 13
81.52 11
81.54 21
81.56 24
81.58 11
81.6 20
81.62 20
81.64 22
81.66 20
81.68 15
81.7 15
81.72 26
81.74 21
81.76 21
81.78 18
81.8 20
81.82 24
81.84 24
81.86 14
81.88 16
81.9 14
81.92 13
81.94 19
81.96 19
81.98 15
82 29
82.02 12
82.04 26
82.06 14
82.08 21
82.1 14
82.12 22
82.14 16
82.16 23
82.18 23
82.2 20
82.22 18
82.24 22
82.26 15
82.28 23
82.3 11
82.32 18
82.34 14
82.36 23
82.38 19
82.4 19
82.42 20
82.44 17
82.46 23
82.48 25
82.5 16
82.52 23
82.54 17
82.56 18
82.58 23
82.6 21
82.62 27
82.64 24
82.66 23
82.68 17
82.7 15
82.72 21
82.74 15
82.76 23
82.78 21
82.8 18
82.82 24
82.84 20
82.86 13
82.88 15
82.9 25
82.92 24
82.94 25
82.96 11
82.98 26
83 17
83.02 21
83.04 15
83.06 21
83.08 23
83.1 21
83.12 17
83.14 20
83.16 25
83.18 14
83.2 18
83.22 16
83.24 18
83.26 28
83.28 19
83.3 23
83.32 25
83.34 23
83.36 22
83.38 19
83.4 21
83.42 22
83.44 9
83.46 14
83.48 18
83.5 28
83.52 8
83.54 16
83.56 16
83.58 17
83.6 18
83.62 17
83.64 13
83.66 15
83.68 15
83.7 16
83.72 19
83.74 23
83.76 24
83.78 17
83.8 17
83.82 20
83.84 13
83.86 17
83.88 22
83.9 24
83.92 25
83.94 25
83.96 23
83.98 20
84 9
84.02 21
84.04 19
84.06 21
84.08 18
84.1 27
84.12 16
84.14 16
84.16 20
84.18 29
84.2 18
84.22 22
84.24 20
84.26 21
84.28 22
84.3 22
84.32 24
84.34 12
84.36 13
84.38 24
84.4 15
84.42 19
84.44 17
84.46 18
84.48 15
84.5 13
84.52 16
84.54 18
84.56 16
84.58 14
84.6 15
84.62 18
84.64 14
84.66 10
84.68 23
84.7 18
84.72 14
84.74 23
84.76 21
84.78 25
84.8 17
84.82 15
84.84 17
84.86 20
84.88 20
84.9 15
84.92 10
84.94 20
84.96 19
84.98 17
85 19
85.02 19
85.04 26
85.06 25
85.08 16
85.1 15
85.12 13
85.14 13
85.16 21
85.18 15
85.2 13
85.22 24
85.24 11
85.26 19
85.28 19
85.3 13
85.32 24
85.34 18
85.36 22
85.38 18
85.4 23
85.42 19
85.44 20
85.46 20
85.48 18
85.5 22
85.52 23
85.54 17
85.56 16
85.58 18
85.6 17
85.62 17
85.64 21
85.66 23
85.68 14
85.7 23
85.72 10
85.74 15
85.76 15
85.78 22
85.8 20
85.82 10
85.84 16
85.86 13
85.88 16
85.9 19
85.92 15
85.94 18
85.96 18
85.98 19
86 16
86.02 13
86.04 13
86.06 21
86.08 24
86.1 15
86.12 17
86.14 16
86.16 14
86.18 22
86.2 19
86.22 12
86.24 21
86.26 31
86.28 13
86.3 24
86.32 18
86.34 12
86.36 15
86.38 15
86.4 18
86.42 18
86.44 19
86.46 9
86.48 21
86.5 20
86.52 19
86.54 27
86.56 18
86.58 14
86.6 21
86.62 20
86.64 13
86.66 15
86.68 17
86.7 12
86.72 22
86.74 16
86.76 20
86.78 12
86.8 7
86.82 13
86.84 6
86.86 9
86.88 12
86.9 17
86.92 20
86.94 20
86.96 17
86.98 12
87 18
87.02 17
87.04 18
87.06 12
87.08 21
87.1 19
87.12 11
87.14 23
87.16 22
87.18 13
87.2 23
87.22 18
87.24 16
87.26 9
87.28 13
87.3 13
87.32 16
87.34 18
87.36 16
87.38 20
87.4 18
87.42 14
87.44 15
87.46 15
87.48 20
87.5 12
87.52 9
87.54 24
87.56 21
87.58 25
87.6 20
87.62 4
87.64 15
87.66 21
87.68 15
87.7 20
87.72 15
87.74 20
87.76 14
87.78 13
87.8 10
87.82 16
87.84 26
87.86 19
87.88 14
87.9 17
87.92 18
87.94 19
87.96 17
87.98 14
88 14
88.02 22
88.04 15
88.06 11
88.08 18
88.1 10
88.12 15
88.14 18
88.16 16
88.18 21
88.2 15
88.22 21
88.24 13
88.26 8
88.28 27
88.3 14
88.32 20
88.34 16
88.36 8
88.38 18
88.4 17
88.42 23
88.44 18
88.46 17
88.48 20
88.5 17
88.52 16
88.54 11
88.56 20
88.58 11
88.6 18
88.62 14
88.64 15
88.66 15
88.68 12
88.7 14
88.72 18
88.74 14
88.76 15
88.78 18
88.8 17
88.82 17
88.84 11
88.86 17
88.88 14
88.9 19
88.92 17
88.94 20
88.96 18
88.98 21
89 7
89.02 12
89.04 15
89.06 18
89.08 13
89.1 22
89.12 15
89.14 13
89.16 14
89.18 18
89.2 8
89.22 17
89.24 15
89.26 15
89.28 10
89.3 15
89.32 16
89.34 16
89.36 11
89.38 15
89.4 25
89.42 15
89.44 13
89.46 16
89.48 17
89.5 14
89.52 11
89.54 14
89.56 16
89.58 19
89.6 24
89.62 15
89.64 11
89.66 20
89.68 11
89.7 12
89.72 14
89.74 18
89.76 21
89.78 11
89.8 23
89.82 20
89.84 16
89.86 16
89.88 8
89.9 17
89.92 16
89.94 19
89.96 18
89.98 16
90 14
