Sample Si-wefer-2
Comments medium
Filename C:\WINDMAX\DATA\SHIMANO\XRD20190306\Si-wefer-2_20190122_mid.raw
Goniometer TTRáV êÖïΩ∫ﬁ∆µ“∞¿(Tsé≤éËìÆ,ADS)
Attachment ïWèÄééóøŒŸ¿ﬁ∞
Monochromater å≈íË”…∏€“∞¿
ScanningMode 2Theta/Theta
ScanningType Continuos Scanning
X-Ray 40kV/300mA
î≠éUΩÿØƒ 2/3Åã
î≠éUècêßå¿ΩÿØƒ 10mm
éUóêΩÿØƒ 2/3Åã
éÛåıΩÿØƒ 0.3mm
±Ø√»∞¿ äJï˙
”…∏€éÛåıΩÿØƒ 0.8mm
Start 10
Stop 90
Step 0.02
10 113
10.02 127
10.04 128
10.06 123
10.08 120
10.1 137
10.12 109
10.14 117
10.16 121
10.18 125
10.2 102
10.22 135
10.24 116
10.26 112
10.28 105
10.3 119
10.32 126
10.34 123
10.36 114
10.38 122
10.4 132
10.42 119
10.44 121
10.46 121
10.48 112
10.5 115
10.52 127
10.54 106
10.56 108
10.58 102
10.6 117
10.62 128
10.64 119
10.66 98
10.68 113
10.7 102
10.72 133
10.74 115
10.76 106
10.78 116
10.8 118
10.82 134
10.84 103
10.86 135
10.88 110
10.9 124
10.92 109
10.94 135
10.96 111
10.98 111
11 102
11.02 141
11.04 123
11.06 108
11.08 131
11.1 115
11.12 94
11.14 116
11.16 111
11.18 105
11.2 114
11.22 109
11.24 102
11.26 104
11.28 121
11.3 100
11.32 132
11.34 101
11.36 93
11.38 107
11.4 100
11.42 107
11.44 100
11.46 128
11.48 105
11.5 109
11.52 115
11.54 98
11.56 118
11.58 130
11.6 112
11.62 103
11.64 125
11.66 107
11.68 112
11.7 114
11.72 109
11.74 109
11.76 97
11.78 97
11.8 110
11.82 111
11.84 111
11.86 117
11.88 113
11.9 97
11.92 106
11.94 115
11.96 115
11.98 109
12 113
12.02 98
12.04 95
12.06 103
12.08 115
12.1 103
12.12 104
12.14 118
12.16 112
12.18 96
12.2 96
12.22 98
12.24 85
12.26 85
12.28 118
12.3 101
12.32 102
12.34 96
12.36 121
12.38 101
12.4 108
12.42 87
12.44 106
12.46 97
12.48 102
12.5 111
12.52 113
12.54 103
12.56 95
12.58 108
12.6 87
12.62 100
12.64 110
12.66 102
12.68 89
12.7 111
12.72 102
12.74 120
12.76 81
12.78 97
12.8 96
12.82 88
12.84 97
12.86 106
12.88 99
12.9 119
12.92 110
12.94 101
12.96 104
12.98 104
13 102
13.02 92
13.04 99
13.06 121
13.08 94
13.1 93
13.12 94
13.14 87
13.16 90
13.18 102
13.2 86
13.22 76
13.24 98
13.26 97
13.28 82
13.3 92
13.32 93
13.34 111
13.36 105
13.38 92
13.4 85
13.42 96
13.44 90
13.46 95
13.48 93
13.5 100
13.52 98
13.54 94
13.56 101
13.58 88
13.6 87
13.62 95
13.64 108
13.66 84
13.68 87
13.7 99
13.72 98
13.74 83
13.76 90
13.78 96
13.8 104
13.82 98
13.84 116
13.86 95
13.88 81
13.9 79
13.92 90
13.94 83
13.96 110
13.98 94
14 89
14.02 85
14.04 92
14.06 78
14.08 87
14.1 87
14.12 99
14.14 87
14.16 85
14.18 82
14.2 64
14.22 94
14.24 106
14.26 101
14.28 91
14.3 87
14.32 99
14.34 97
14.36 99
14.38 93
14.4 89
14.42 89
14.44 105
14.46 93
14.48 82
14.5 93
14.52 87
14.54 92
14.56 102
14.58 81
14.6 85
14.62 69
14.64 78
14.66 76
14.68 98
14.7 88
14.72 120
14.74 86
14.76 94
14.78 86
14.8 72
14.82 95
14.84 99
14.86 98
14.88 91
14.9 87
14.92 90
14.94 86
14.96 84
14.98 77
15 103
15.02 91
15.04 98
15.06 81
15.08 86
15.1 86
15.12 88
15.14 97
15.16 92
15.18 98
15.2 89
15.22 95
15.24 82
15.26 112
15.28 103
15.3 83
15.32 86
15.34 96
15.36 96
15.38 85
15.4 82
15.42 95
15.44 103
15.46 82
15.48 84
15.5 100
15.52 86
15.54 97
15.56 81
15.58 71
15.6 89
15.62 90
15.64 92
15.66 89
15.68 77
15.7 84
15.72 86
15.74 100
15.76 81
15.78 97
15.8 93
15.82 86
15.84 80
15.86 78
15.88 90
15.9 90
15.92 88
15.94 96
15.96 88
15.98 92
16 75
16.02 94
16.04 74
16.06 105
16.08 84
16.1 73
16.12 69
16.14 80
16.16 91
16.18 80
16.2 89
16.22 80
16.24 84
16.26 91
16.28 93
16.3 90
16.32 80
16.34 78
16.36 86
16.38 81
16.4 99
16.42 85
16.44 78
16.46 92
16.48 84
16.5 82
16.52 78
16.54 75
16.56 85
16.58 68
16.6 73
16.62 82
16.64 65
16.66 82
16.68 101
16.7 93
16.72 68
16.74 87
16.76 95
16.78 99
16.8 87
16.82 75
16.84 92
16.86 75
16.88 100
16.9 89
16.92 87
16.94 93
16.96 94
16.98 78
17 72
17.02 95
17.04 88
17.06 93
17.08 91
17.1 82
17.12 89
17.14 87
17.16 79
17.18 83
17.2 70
17.22 88
17.24 94
17.26 88
17.28 83
17.3 101
17.32 80
17.34 91
17.36 97
17.38 96
17.4 81
17.42 86
17.44 91
17.46 90
17.48 82
17.5 76
17.52 97
17.54 77
17.56 74
17.58 85
17.6 78
17.62 80
17.64 91
17.66 91
17.68 85
17.7 75
17.72 89
17.74 82
17.76 92
17.78 99
17.8 86
17.82 85
17.84 85
17.86 82
17.88 89
17.9 81
17.92 90
17.94 71
17.96 97
17.98 75
18 78
18.02 89
18.04 75
18.06 98
18.08 86
18.1 89
18.12 89
18.14 81
18.16 80
18.18 71
18.2 66
18.22 82
18.24 93
18.26 88
18.28 102
18.3 74
18.32 82
18.34 90
18.36 81
18.38 85
18.4 88
18.42 76
18.44 77
18.46 88
18.48 95
18.5 85
18.52 76
18.54 88
18.56 78
18.58 84
18.6 78
18.62 85
18.64 80
18.66 81
18.68 84
18.7 78
18.72 73
18.74 90
18.76 110
18.78 60
18.8 82
18.82 93
18.84 77
18.86 90
18.88 80
18.9 74
18.92 86
18.94 97
18.96 75
18.98 77
19 82
19.02 72
19.04 79
19.06 86
19.08 85
19.1 94
19.12 86
19.14 79
19.16 100
19.18 83
19.2 79
19.22 73
19.24 84
19.26 94
19.28 91
19.3 88
19.32 89
19.34 95
19.36 86
19.38 85
19.4 94
19.42 77
19.44 78
19.46 82
19.48 78
19.5 88
19.52 85
19.54 75
19.56 88
19.58 91
19.6 84
19.62 81
19.64 91
19.66 93
19.68 81
19.7 90
19.72 89
19.74 76
19.76 97
19.78 107
19.8 86
19.82 92
19.84 75
19.86 91
19.88 85
19.9 78
19.92 69
19.94 92
19.96 94
19.98 83
20 75
20.02 78
20.04 104
20.06 91
20.08 87
20.1 96
20.12 87
20.14 97
20.16 103
20.18 72
20.2 88
20.22 68
20.24 98
20.26 92
20.28 93
20.3 75
20.32 77
20.34 91
20.36 82
20.38 89
20.4 75
20.42 77
20.44 91
20.46 83
20.48 88
20.5 87
20.52 86
20.54 81
20.56 97
20.58 89
20.6 73
20.62 71
20.64 81
20.66 103
20.68 69
20.7 75
20.72 76
20.74 82
20.76 90
20.78 96
20.8 71
20.82 76
20.84 84
20.86 76
20.88 73
20.9 87
20.92 74
20.94 89
20.96 73
20.98 78
21 94
21.02 93
21.04 85
21.06 73
21.08 92
21.1 86
21.12 93
21.14 81
21.16 92
21.18 99
21.2 96
21.22 75
21.24 90
21.26 90
21.28 77
21.3 83
21.32 83
21.34 89
21.36 80
21.38 85
21.4 71
21.42 86
21.44 85
21.46 91
21.48 102
21.5 105
21.52 84
21.54 83
21.56 75
21.58 81
21.6 78
21.62 68
21.64 70
21.66 77
21.68 97
21.7 68
21.72 69
21.74 72
21.76 84
21.78 83
21.8 90
21.82 85
21.84 95
21.86 86
21.88 88
21.9 84
21.92 106
21.94 94
21.96 85
21.98 85
22 71
22.02 90
22.04 76
22.06 93
22.08 80
22.1 93
22.12 69
22.14 80
22.16 87
22.18 96
22.2 79
22.22 95
22.24 90
22.26 89
22.28 76
22.3 90
22.32 79
22.34 86
22.36 89
22.38 103
22.4 101
22.42 85
22.44 81
22.46 84
22.48 80
22.5 100
22.52 78
22.54 99
22.56 77
22.58 58
22.6 104
22.62 96
22.64 86
22.66 100
22.68 89
22.7 97
22.72 61
22.74 93
22.76 105
22.78 88
22.8 105
22.82 94
22.84 90
22.86 96
22.88 91
22.9 87
22.92 90
22.94 94
22.96 79
22.98 95
23 81
23.02 91
23.04 98
23.06 99
23.08 87
23.1 89
23.12 115
23.14 81
23.16 86
23.18 107
23.2 78
23.22 84
23.24 103
23.26 88
23.28 77
23.3 94
23.32 80
23.34 88
23.36 94
23.38 97
23.4 86
23.42 95
23.44 107
23.46 91
23.48 101
23.5 97
23.52 97
23.54 80
23.56 65
23.58 111
23.6 87
23.62 103
23.64 91
23.66 104
23.68 95
23.7 93
23.72 98
23.74 79
23.76 118
23.78 99
23.8 96
23.82 101
23.84 100
23.86 84
23.88 100
23.9 104
23.92 98
23.94 100
23.96 99
23.98 90
24 98
24.02 111
24.04 86
24.06 77
24.08 85
24.1 109
24.12 106
24.14 84
24.16 112
24.18 89
24.2 102
24.22 114
24.24 94
24.26 82
24.28 113
24.3 102
24.32 91
24.34 87
24.36 105
24.38 81
24.4 110
24.42 100
24.44 99
24.46 98
24.48 87
24.5 98
24.52 101
24.54 88
24.56 114
24.58 95
24.6 103
24.62 98
24.64 91
24.66 100
24.68 82
24.7 101
24.72 110
24.74 100
24.76 92
24.78 89
24.8 118
24.82 104
24.84 104
24.86 86
24.88 78
24.9 94
24.92 99
24.94 101
24.96 105
24.98 100
25 86
25.02 94
25.04 116
25.06 98
25.08 92
25.1 92
25.12 95
25.14 106
25.16 86
25.18 100
25.2 93
25.22 75
25.24 104
25.26 96
25.28 105
25.3 98
25.32 127
25.34 122
25.36 101
25.38 89
25.4 95
25.42 98
25.44 90
25.46 75
25.48 103
25.5 98
25.52 95
25.54 96
25.56 113
25.58 105
25.6 84
25.62 90
25.64 74
25.66 93
25.68 112
25.7 104
25.72 98
25.74 118
25.76 96
25.78 90
25.8 84
25.82 102
25.84 83
25.86 118
25.88 112
25.9 110
25.92 106
25.94 105
25.96 110
25.98 90
26 95
26.02 88
26.04 102
26.06 107
26.08 95
26.1 93
26.12 89
26.14 92
26.16 108
26.18 97
26.2 90
26.22 118
26.24 84
26.26 79
26.28 103
26.3 95
26.32 96
26.34 108
26.36 109
26.38 100
26.4 103
26.42 108
26.44 92
26.46 121
26.48 116
26.5 89
26.52 112
26.54 93
26.56 105
26.58 97
26.6 107
26.62 106
26.64 101
26.66 105
26.68 125
26.7 97
26.72 102
26.74 110
26.76 119
26.78 100
26.8 110
26.82 96
26.84 105
26.86 109
26.88 124
26.9 115
26.92 95
26.94 92
26.96 120
26.98 105
27 98
27.02 105
27.04 86
27.06 82
27.08 88
27.1 104
27.12 109
27.14 107
27.16 128
27.18 117
27.2 106
27.22 124
27.24 82
27.26 116
27.28 122
27.3 105
27.32 107
27.34 100
27.36 110
27.38 104
27.4 108
27.42 101
27.44 120
27.46 104
27.48 92
27.5 99
27.52 110
27.54 92
27.56 89
27.58 109
27.6 106
27.62 95
27.64 104
27.66 92
27.68 93
27.7 96
27.72 97
27.74 102
27.76 100
27.78 100
27.8 96
27.82 98
27.84 107
27.86 126
27.88 105
27.9 107
27.92 108
27.94 121
27.96 93
27.98 103
28 94
28.02 83
28.04 99
28.06 94
28.08 105
28.1 87
28.12 95
28.14 116
28.16 97
28.18 99
28.2 97
28.22 110
28.24 108
28.26 91
28.28 98
28.3 129
28.32 105
28.34 116
28.36 92
28.38 103
28.4 96
28.42 116
28.44 103
28.46 119
28.48 110
28.5 103
28.52 111
28.54 111
28.56 90
28.58 88
28.6 105
28.62 105
28.64 109
28.66 113
28.68 107
28.7 100
28.72 108
28.74 101
28.76 96
28.78 103
28.8 100
28.82 97
28.84 88
28.86 135
28.88 124
28.9 109
28.92 91
28.94 121
28.96 106
28.98 99
29 120
29.02 107
29.04 111
29.06 105
29.08 116
29.1 96
29.12 112
29.14 98
29.16 115
29.18 116
29.2 104
29.22 89
29.24 108
29.26 117
29.28 95
29.3 120
29.32 96
29.34 105
29.36 103
29.38 106
29.4 102
29.42 114
29.44 111
29.46 122
29.48 107
29.5 105
29.52 111
29.54 103
29.56 102
29.58 103
29.6 82
29.62 121
29.64 93
29.66 114
29.68 116
29.7 90
29.72 104
29.74 108
29.76 120
29.78 106
29.8 92
29.82 101
29.84 83
29.86 118
29.88 92
29.9 95
29.92 113
29.94 116
29.96 90
29.98 100
30 87
30.02 108
30.04 98
30.06 109
30.08 95
30.1 100
30.12 105
30.14 111
30.16 96
30.18 107
30.2 104
30.22 119
30.24 91
30.26 127
30.28 114
30.3 121
30.32 112
30.34 108
30.36 114
30.38 95
30.4 100
30.42 112
30.44 111
30.46 106
30.48 102
30.5 95
30.52 102
30.54 111
30.56 102
30.58 109
30.6 111
30.62 108
30.64 95
30.66 102
30.68 104
30.7 113
30.72 110
30.74 110
30.76 105
30.78 111
30.8 107
30.82 93
30.84 111
30.86 113
30.88 102
30.9 95
30.92 86
30.94 106
30.96 113
30.98 101
31 99
31.02 111
31.04 111
31.06 107
31.08 104
31.1 115
31.12 118
31.14 101
31.16 109
31.18 101
31.2 102
31.22 97
31.24 96
31.26 107
31.28 90
31.3 116
31.32 103
31.34 109
31.36 111
31.38 94
31.4 100
31.42 106
31.44 96
31.46 93
31.48 93
31.5 104
31.52 115
31.54 92
31.56 110
31.58 99
31.6 112
31.62 111
31.64 110
31.66 119
31.68 117
31.7 95
31.72 111
31.74 112
31.76 92
31.78 102
31.8 106
31.82 101
31.84 110
31.86 106
31.88 91
31.9 92
31.92 116
31.94 125
31.96 106
31.98 92
32 99
32.02 106
32.04 80
32.06 87
32.08 93
32.1 96
32.12 89
32.14 102
32.16 115
32.18 90
32.2 101
32.22 93
32.24 96
32.26 96
32.28 99
32.3 110
32.32 114
32.34 116
32.36 94
32.38 90
32.4 97
32.42 106
32.44 94
32.46 102
32.48 90
32.5 113
32.52 98
32.54 95
32.56 102
32.58 99
32.6 92
32.62 102
32.64 95
32.66 107
32.68 87
32.7 101
32.72 78
32.74 105
32.76 89
32.78 88
32.8 88
32.82 102
32.84 88
32.86 105
32.88 112
32.9 97
32.92 104
32.94 113
32.96 104
32.98 95
33 88
33.02 92
33.04 100
33.06 86
33.08 116
33.1 100
33.12 81
33.14 103
33.16 107
33.18 102
33.2 97
33.22 110
33.24 113
33.26 103
33.28 98
33.3 102
33.32 91
33.34 100
33.36 85
33.38 98
33.4 84
33.42 100
33.44 105
33.46 97
33.48 90
33.5 94
33.52 104
33.54 89
33.56 81
33.58 96
33.6 92
33.62 114
33.64 75
33.66 97
33.68 105
33.7 73
33.72 95
33.74 100
33.76 75
33.78 83
33.8 96
33.82 78
33.84 100
33.86 98
33.88 90
33.9 68
33.92 109
33.94 85
33.96 97
33.98 110
34 96
34.02 79
34.04 78
34.06 92
34.08 87
34.1 91
34.12 98
34.14 104
34.16 94
34.18 78
34.2 81
34.22 82
34.24 97
34.26 84
34.28 93
34.3 80
34.32 105
34.34 73
34.36 81
34.38 90
34.4 84
34.42 83
34.44 91
34.46 71
34.48 103
34.5 88
34.52 80
34.54 87
34.56 89
34.58 94
34.6 85
34.62 81
34.64 96
34.66 79
34.68 91
34.7 93
34.72 83
34.74 82
34.76 86
34.78 84
34.8 81
34.82 82
34.84 84
34.86 74
34.88 85
34.9 81
34.92 81
34.94 93
34.96 94
34.98 93
35 67
35.02 84
35.04 91
35.06 80
35.08 99
35.1 76
35.12 87
35.14 84
35.16 86
35.18 79
35.2 88
35.22 70
35.24 62
35.26 98
35.28 85
35.3 75
35.32 78
35.34 89
35.36 65
35.38 75
35.4 73
35.42 84
35.44 90
35.46 88
35.48 100
35.5 85
35.52 75
35.54 74
35.56 103
35.58 69
35.6 99
35.62 74
35.64 90
35.66 77
35.68 81
35.7 86
35.72 79
35.74 70
35.76 85
35.78 82
35.8 89
35.82 76
35.84 73
35.86 85
35.88 51
35.9 63
35.92 72
35.94 80
35.96 79
35.98 88
36 75
36.02 86
36.04 71
36.06 76
36.08 69
36.1 60
36.12 66
36.14 63
36.16 82
36.18 68
36.2 66
36.22 62
36.24 56
36.26 85
36.28 73
36.3 67
36.32 84
36.34 74
36.36 74
36.38 68
36.4 88
36.42 56
36.44 74
36.46 56
36.48 66
36.5 70
36.52 81
36.54 72
36.56 92
36.58 75
36.6 79
36.62 76
36.64 66
36.66 62
36.68 74
36.7 72
36.72 67
36.74 75
36.76 65
36.78 81
36.8 72
36.82 62
36.84 71
36.86 55
36.88 66
36.9 63
36.92 85
36.94 74
36.96 63
36.98 71
37 76
37.02 64
37.04 63
37.06 67
37.08 61
37.1 67
37.12 69
37.14 44
37.16 63
37.18 53
37.2 62
37.22 82
37.24 73
37.26 77
37.28 62
37.3 81
37.32 64
37.34 75
37.36 75
37.38 71
37.4 72
37.42 76
37.44 63
37.46 57
37.48 80
37.5 68
37.52 64
37.54 49
37.56 71
37.58 60
37.6 66
37.62 48
37.64 57
37.66 58
37.68 56
37.7 58
37.72 64
37.74 65
37.76 68
37.78 63
37.8 76
37.82 61
37.84 68
37.86 72
37.88 64
37.9 69
37.92 63
37.94 54
37.96 45
37.98 61
38 64
38.02 64
38.04 66
38.06 62
38.08 62
38.1 64
38.12 54
38.14 50
38.16 65
38.18 61
38.2 63
38.22 78
38.24 56
38.26 69
38.28 62
38.3 57
38.32 70
38.34 69
38.36 69
38.38 75
38.4 58
38.42 57
38.44 66
38.46 67
38.48 75
38.5 68
38.52 72
38.54 63
38.56 59
38.58 76
38.6 50
38.62 68
38.64 59
38.66 60
38.68 50
38.7 59
38.72 57
38.74 72
38.76 58
38.78 47
38.8 61
38.82 57
38.84 75
38.86 48
38.88 62
38.9 67
38.92 63
38.94 46
38.96 51
38.98 49
39 57
39.02 48
39.04 64
39.06 62
39.08 58
39.1 61
39.12 50
39.14 57
39.16 79
39.18 64
39.2 52
39.22 64
39.24 57
39.26 49
39.28 63
39.3 57
39.32 59
39.34 62
39.36 54
39.38 66
39.4 56
39.42 72
39.44 65
39.46 67
39.48 60
39.5 74
39.52 62
39.54 61
39.56 47
39.58 61
39.6 63
39.62 54
39.64 51
39.66 59
39.68 71
39.7 60
39.72 62
39.74 53
39.76 48
39.78 61
39.8 65
39.82 58
39.84 64
39.86 58
39.88 62
39.9 65
39.92 51
39.94 79
39.96 64
39.98 66
40 59
40.02 61
40.04 64
40.06 62
40.08 63
40.1 56
40.12 65
40.14 60
40.16 55
40.18 60
40.2 51
40.22 51
40.24 55
40.26 48
40.28 53
40.3 50
40.32 59
40.34 47
40.36 70
40.38 63
40.4 71
40.42 58
40.44 69
40.46 60
40.48 67
40.5 50
40.52 53
40.54 74
40.56 60
40.58 68
40.6 53
40.62 71
40.64 61
40.66 40
40.68 50
40.7 45
40.72 62
40.74 59
40.76 78
40.78 57
40.8 50
40.82 52
40.84 60
40.86 74
40.88 65
40.9 68
40.92 51
40.94 59
40.96 43
40.98 56
41 65
41.02 54
41.04 72
41.06 63
41.08 57
41.1 61
41.12 49
41.14 60
41.16 65
41.18 48
41.2 45
41.22 58
41.24 55
41.26 63
41.28 64
41.3 60
41.32 48
41.34 64
41.36 55
41.38 64
41.4 67
41.42 48
41.44 53
41.46 59
41.48 65
41.5 62
41.52 53
41.54 73
41.56 61
41.58 51
41.6 58
41.62 60
41.64 40
41.66 67
41.68 50
41.7 68
41.72 66
41.74 44
41.76 58
41.78 62
41.8 68
41.82 49
41.84 54
41.86 51
41.88 58
41.9 62
41.92 51
41.94 68
41.96 57
41.98 57
42 60
42.02 60
42.04 56
42.06 62
42.08 70
42.1 65
42.12 55
42.14 45
42.16 75
42.18 50
42.2 45
42.22 50
42.24 59
42.26 63
42.28 52
42.3 63
42.32 60
42.34 49
42.36 53
42.38 57
42.4 57
42.42 56
42.44 59
42.46 58
42.48 56
42.5 43
42.52 46
42.54 61
42.56 56
42.58 54
42.6 60
42.62 65
42.64 46
42.66 68
42.68 54
42.7 58
42.72 61
42.74 62
42.76 53
42.78 51
42.8 49
42.82 56
42.84 62
42.86 67
42.88 53
42.9 53
42.92 66
42.94 70
42.96 44
42.98 67
43 47
43.02 69
43.04 50
43.06 60
43.08 64
43.1 53
43.12 74
43.14 52
43.16 52
43.18 58
43.2 48
43.22 67
43.24 55
43.26 41
43.28 54
43.3 56
43.32 54
43.34 48
43.36 64
43.38 34
43.4 53
43.42 52
43.44 54
43.46 51
43.48 58
43.5 49
43.52 57
43.54 54
43.56 40
43.58 57
43.6 55
43.62 59
43.64 53
43.66 51
43.68 44
43.7 54
43.72 51
43.74 57
43.76 61
43.78 44
43.8 54
43.82 57
43.84 42
43.86 61
43.88 44
43.9 47
43.92 47
43.94 69
43.96 50
43.98 52
44 61
44.02 51
44.04 57
44.06 42
44.08 47
44.1 53
44.12 50
44.14 55
44.16 53
44.18 64
44.2 49
44.22 57
44.24 50
44.26 48
44.28 59
44.3 53
44.32 53
44.34 57
44.36 54
44.38 54
44.4 57
44.42 58
44.44 61
44.46 62
44.48 66
44.5 51
44.52 59
44.54 59
44.56 67
44.58 63
44.6 62
44.62 52
44.64 49
44.66 60
44.68 37
44.7 60
44.72 54
44.74 43
44.76 57
44.78 57
44.8 52
44.82 59
44.84 50
44.86 49
44.88 56
44.9 60
44.92 63
44.94 54
44.96 52
44.98 57
45 61
45.02 71
45.04 42
45.06 53
45.08 54
45.1 56
45.12 49
45.14 52
45.16 57
45.18 49
45.2 49
45.22 52
45.24 52
45.26 42
45.28 59
45.3 46
45.32 48
45.34 51
45.36 55
45.38 38
45.4 51
45.42 48
45.44 41
45.46 51
45.48 44
45.5 51
45.52 48
45.54 60
45.56 58
45.58 46
45.6 57
45.62 49
45.64 53
45.66 51
45.68 58
45.7 44
45.72 46
45.74 50
45.76 46
45.78 47
45.8 52
45.82 53
45.84 46
45.86 57
45.88 54
45.9 51
45.92 45
45.94 42
45.96 60
45.98 46
46 45
46.02 54
46.04 59
46.06 45
46.08 45
46.1 57
46.12 42
46.14 45
46.16 62
46.18 40
46.2 45
46.22 56
46.24 59
46.26 60
46.28 56
46.3 57
46.32 56
46.34 44
46.36 56
46.38 52
46.4 60
46.42 48
46.44 45
46.46 43
46.48 42
46.5 38
46.52 39
46.54 40
46.56 54
46.58 35
46.6 59
46.62 55
46.64 45
46.66 44
46.68 53
46.7 37
46.72 52
46.74 49
46.76 52
46.78 54
46.8 69
46.82 53
46.84 58
46.86 41
46.88 58
46.9 47
46.92 53
46.94 42
46.96 47
46.98 46
47 56
47.02 55
47.04 57
47.06 54
47.08 49
47.1 46
47.12 55
47.14 54
47.16 65
47.18 67
47.2 86
47.22 71
47.24 54
47.26 57
47.28 60
47.3 66
47.32 84
47.34 77
47.36 63
47.38 51
47.4 42
47.42 61
47.44 61
47.46 40
47.48 54
47.5 49
47.52 51
47.54 51
47.56 45
47.58 53
47.6 52
47.62 46
47.64 55
47.66 60
47.68 43
47.7 49
47.72 46
47.74 53
47.76 38
47.78 59
47.8 43
47.82 46
47.84 37
47.86 41
47.88 55
47.9 41
47.92 42
47.94 42
47.96 53
47.98 55
48 47
48.02 42
48.04 46
48.06 42
48.08 49
48.1 50
48.12 58
48.14 59
48.16 56
48.18 50
48.2 37
48.22 57
48.24 54
48.26 39
48.28 41
48.3 55
48.32 50
48.34 54
48.36 41
48.38 55
48.4 43
48.42 46
48.44 53
48.46 46
48.48 39
48.5 51
48.52 41
48.54 47
48.56 58
48.58 53
48.6 46
48.62 57
48.64 51
48.66 42
48.68 51
48.7 44
48.72 42
48.74 39
48.76 47
48.78 42
48.8 52
48.82 31
48.84 45
48.86 40
48.88 51
48.9 46
48.92 41
48.94 56
48.96 60
48.98 48
49 53
49.02 50
49.04 42
49.06 58
49.08 51
49.1 47
49.12 51
49.14 44
49.16 41
49.18 53
49.2 40
49.22 49
49.24 42
49.26 38
49.28 57
49.3 43
49.32 40
49.34 43
49.36 47
49.38 37
49.4 48
49.42 49
49.44 46
49.46 41
49.48 48
49.5 42
49.52 51
49.54 47
49.56 45
49.58 55
49.6 41
49.62 50
49.64 60
49.66 47
49.68 43
49.7 44
49.72 49
49.74 42
49.76 36
49.78 40
49.8 43
49.82 34
49.84 42
49.86 45
49.88 41
49.9 38
49.92 47
49.94 37
49.96 53
49.98 39
50 55
50.02 54
50.04 63
50.06 36
50.08 44
50.1 37
50.12 42
50.14 38
50.16 55
50.18 38
50.2 40
50.22 50
50.24 45
50.26 45
50.28 44
50.3 43
50.32 49
50.34 39
50.36 41
50.38 51
50.4 43
50.42 47
50.44 39
50.46 47
50.48 36
50.5 39
50.52 52
50.54 41
50.56 46
50.58 37
50.6 61
50.62 44
50.64 43
50.66 42
50.68 40
50.7 48
50.72 46
50.74 53
50.76 42
50.78 38
50.8 50
50.82 41
50.84 32
50.86 53
50.88 40
50.9 37
50.92 40
50.94 49
50.96 46
50.98 56
51 45
51.02 39
51.04 43
51.06 57
51.08 54
51.1 50
51.12 46
51.14 53
51.16 54
51.18 44
51.2 42
51.22 28
51.24 36
51.26 40
51.28 32
51.3 35
51.32 44
51.34 49
51.36 42
51.38 37
51.4 47
51.42 41
51.44 48
51.46 43
51.48 44
51.5 43
51.52 41
51.54 36
51.56 40
51.58 56
51.6 45
51.62 56
51.64 53
51.66 44
51.68 49
51.7 33
51.72 40
51.74 39
51.76 34
51.78 46
51.8 40
51.82 44
51.84 30
51.86 36
51.88 44
51.9 38
51.92 44
51.94 52
51.96 49
51.98 38
52 45
52.02 49
52.04 44
52.06 39
52.08 32
52.1 40
52.12 46
52.14 38
52.16 47
52.18 47
52.2 43
52.22 40
52.24 45
52.26 42
52.28 46
52.3 41
52.32 38
52.34 46
52.36 52
52.38 52
52.4 41
52.42 41
52.44 35
52.46 36
52.48 38
52.5 46
52.52 28
52.54 39
52.56 33
52.58 47
52.6 38
52.62 42
52.64 37
52.66 51
52.68 47
52.7 49
52.72 36
52.74 42
52.76 30
52.78 53
52.8 45
52.82 46
52.84 42
52.86 47
52.88 46
52.9 37
52.92 36
52.94 38
52.96 43
52.98 54
53 38
53.02 40
53.04 37
53.06 53
53.08 41
53.1 44
53.12 35
53.14 45
53.16 32
53.18 40
53.2 50
53.22 40
53.24 39
53.26 42
53.28 34
53.3 39
53.32 32
53.34 38
53.36 56
53.38 46
53.4 42
53.42 28
53.44 46
53.46 55
53.48 46
53.5 38
53.52 44
53.54 34
53.56 37
53.58 46
53.6 46
53.62 38
53.64 39
53.66 36
53.68 53
53.7 41
53.72 51
53.74 29
53.76 42
53.78 50
53.8 44
53.82 49
53.84 44
53.86 34
53.88 47
53.9 47
53.92 39
53.94 32
53.96 40
53.98 43
54 32
54.02 31
54.04 37
54.06 48
54.08 31
54.1 39
54.12 33
54.14 45
54.16 48
54.18 31
54.2 39
54.22 42
54.24 45
54.26 42
54.28 38
54.3 41
54.32 26
54.34 46
54.36 42
54.38 36
54.4 42
54.42 51
54.44 48
54.46 35
54.48 41
54.5 44
54.52 41
54.54 38
54.56 32
54.58 41
54.6 33
54.62 40
54.64 44
54.66 36
54.68 35
54.7 43
54.72 41
54.74 44
54.76 37
54.78 52
54.8 27
54.82 36
54.84 36
54.86 40
54.88 49
54.9 46
54.92 36
54.94 39
54.96 54
54.98 54
55 43
55.02 41
55.04 38
55.06 32
55.08 47
55.1 40
55.12 40
55.14 38
55.16 38
55.18 37
55.2 42
55.22 31
55.24 41
55.26 39
55.28 41
55.3 48
55.32 37
55.34 52
55.36 36
55.38 44
55.4 45
55.42 47
55.44 34
55.46 37
55.48 38
55.5 43
55.52 39
55.54 44
55.56 34
55.58 45
55.6 48
55.62 39
55.64 40
55.66 37
55.68 38
55.7 54
55.72 46
55.74 26
55.76 42
55.78 53
55.8 44
55.82 45
55.84 47
55.86 39
55.88 26
55.9 43
55.92 45
55.94 35
55.96 42
55.98 43
56 35
56.02 45
56.04 48
56.06 39
56.08 34
56.1 41
56.12 31
56.14 46
56.16 39
56.18 41
56.2 42
56.22 33
56.24 43
56.26 47
56.28 42
56.3 28
56.32 37
56.34 45
56.36 42
56.38 48
56.4 40
56.42 39
56.44 42
56.46 37
56.48 33
56.5 41
56.52 30
56.54 36
56.56 50
56.58 31
56.6 38
56.62 50
56.64 41
56.66 28
56.68 36
56.7 40
56.72 40
56.74 50
56.76 41
56.78 39
56.8 39
56.82 39
56.84 39
56.86 31
56.88 41
56.9 40
56.92 46
56.94 48
56.96 38
56.98 42
57 38
57.02 40
57.04 36
57.06 38
57.08 51
57.1 32
57.12 47
57.14 41
57.16 35
57.18 48
57.2 40
57.22 38
57.24 48
57.26 45
57.28 32
57.3 42
57.32 35
57.34 48
57.36 38
57.38 41
57.4 30
57.42 38
57.44 36
57.46 39
57.48 40
57.5 39
57.52 33
57.54 43
57.56 55
57.58 40
57.6 26
57.62 46
57.64 40
57.66 42
57.68 39
57.7 41
57.72 50
57.74 48
57.76 44
57.78 47
57.8 47
57.82 43
57.84 45
57.86 37
57.88 36
57.9 36
57.92 46
57.94 38
57.96 28
57.98 51
58 42
58.02 40
58.04 43
58.06 40
58.08 36
58.1 36
58.12 39
58.14 47
58.16 44
58.18 45
58.2 45
58.22 43
58.24 32
58.26 36
58.28 38
58.3 40
58.32 41
58.34 42
58.36 35
58.38 33
58.4 40
58.42 39
58.44 43
58.46 34
58.48 37
58.5 41
58.52 44
58.54 42
58.56 37
58.58 51
58.6 49
58.62 41
58.64 37
58.66 33
58.68 46
58.7 39
58.72 42
58.74 47
58.76 39
58.78 44
58.8 37
58.82 36
58.84 45
58.86 44
58.88 50
58.9 41
58.92 51
58.94 51
58.96 55
58.98 44
59 46
59.02 40
59.04 41
59.06 43
59.08 34
59.1 39
59.12 34
59.14 39
59.16 49
59.18 44
59.2 41
59.22 44
59.24 53
59.26 43
59.28 47
59.3 40
59.32 45
59.34 46
59.36 39
59.38 42
59.4 42
59.42 37
59.44 46
59.46 38
59.48 27
59.5 43
59.52 41
59.54 48
59.56 40
59.58 41
59.6 42
59.62 56
59.64 48
59.66 31
59.68 40
59.7 49
59.72 49
59.74 47
59.76 25
59.78 41
59.8 41
59.82 42
59.84 45
59.86 28
59.88 52
59.9 36
59.92 57
59.94 41
59.96 48
59.98 42
60 37
60.02 29
60.04 42
60.06 31
60.08 32
60.1 48
60.12 47
60.14 51
60.16 32
60.18 52
60.2 29
60.22 43
60.24 48
60.26 46
60.28 35
60.3 46
60.32 44
60.34 32
60.36 40
60.38 38
60.4 36
60.42 38
60.44 45
60.46 35
60.48 37
60.5 37
60.52 54
60.54 39
60.56 41
60.58 44
60.6 46
60.62 38
60.64 31
60.66 38
60.68 46
60.7 32
60.72 56
60.74 33
60.76 59
60.78 39
60.8 44
60.82 41
60.84 43
60.86 37
60.88 43
60.9 42
60.92 37
60.94 37
60.96 44
60.98 44
61 44
61.02 39
61.04 46
61.06 43
61.08 34
61.1 34
61.12 32
61.14 34
61.16 59
61.18 41
61.2 37
61.22 39
61.24 37
61.26 41
61.28 40
61.3 38
61.32 36
61.34 49
61.36 49
61.38 42
61.4 44
61.42 43
61.44 34
61.46 41
61.48 37
61.5 53
61.52 37
61.54 49
61.56 38
61.58 58
61.6 46
61.62 41
61.64 44
61.66 51
61.68 43
61.7 42
61.72 27
61.74 49
61.76 41
61.78 38
61.8 38
61.82 43
61.84 45
61.86 44
61.88 53
61.9 42
61.92 34
61.94 51
61.96 36
61.98 33
62 47
62.02 43
62.04 44
62.06 41
62.08 39
62.1 29
62.12 34
62.14 36
62.16 51
62.18 37
62.2 37
62.22 41
62.24 38
62.26 38
62.28 40
62.3 48
62.32 35
62.34 31
62.36 38
62.38 39
62.4 53
62.42 49
62.44 42
62.46 46
62.48 35
62.5 27
62.52 45
62.54 38
62.56 36
62.58 33
62.6 44
62.62 47
62.64 55
62.66 33
62.68 48
62.7 40
62.72 45
62.74 45
62.76 48
62.78 50
62.8 49
62.82 34
62.84 44
62.86 30
62.88 47
62.9 49
62.92 52
62.94 48
62.96 44
62.98 37
63 42
63.02 50
63.04 47
63.06 44
63.08 40
63.1 56
63.12 46
63.14 59
63.16 38
63.18 43
63.2 44
63.22 44
63.24 33
63.26 42
63.28 60
63.3 47
63.32 50
63.34 43
63.36 43
63.38 42
63.4 46
63.42 52
63.44 43
63.46 46
63.48 46
63.5 50
63.52 45
63.54 45
63.56 50
63.58 53
63.6 46
63.62 30
63.64 39
63.66 46
63.68 39
63.7 47
63.72 51
63.74 43
63.76 44
63.78 48
63.8 52
63.82 48
63.84 46
63.86 62
63.88 37
63.9 40
63.92 47
63.94 46
63.96 49
63.98 59
64 46
64.02 45
64.04 37
64.06 52
64.08 48
64.1 54
64.12 52
64.14 36
64.16 56
64.18 54
64.2 45
64.22 57
64.24 50
64.26 57
64.28 49
64.3 45
64.32 52
64.34 37
64.36 56
64.38 46
64.4 58
64.42 54
64.44 65
64.46 59
64.48 61
64.5 62
64.52 49
64.54 63
64.56 51
64.58 50
64.6 49
64.62 49
64.64 50
64.66 55
64.68 40
64.7 54
64.72 49
64.74 57
64.76 63
64.78 47
64.8 58
64.82 50
64.84 43
64.86 63
64.88 61
64.9 59
64.92 39
64.94 48
64.96 61
64.98 63
65 59
65.02 57
65.04 65
65.06 67
65.08 55
65.1 50
65.12 53
65.14 51
65.16 51
65.18 53
65.2 63
65.22 67
65.24 59
65.26 53
65.28 58
65.3 69
65.32 60
65.34 50
65.36 68
65.38 63
65.4 55
65.42 57
65.44 45
65.46 74
65.48 54
65.5 72
65.52 55
65.54 62
65.56 59
65.58 70
65.6 66
65.62 71
65.64 76
65.66 60
65.68 61
65.7 84
65.72 67
65.74 76
65.76 62
65.78 63
65.8 71
65.82 77
65.84 72
65.86 80
65.88 73
65.9 74
65.92 78
65.94 64
65.96 73
65.98 70
66 82
66.02 92
66.04 74
66.06 70
66.08 77
66.1 78
66.12 81
66.14 75
66.16 73
66.18 72
66.2 89
66.22 87
66.24 104
66.26 93
66.28 65
66.3 85
66.32 77
66.34 80
66.36 90
66.38 88
66.4 100
66.42 91
66.44 84
66.46 90
66.48 100
66.5 103
66.52 86
66.54 80
66.56 92
66.58 105
66.6 105
66.62 97
66.64 89
66.66 98
66.68 101
66.7 76
66.72 100
66.74 101
66.76 117
66.78 93
66.8 107
66.82 94
66.84 97
66.86 96
66.88 129
66.9 115
66.92 108
66.94 128
66.96 105
66.98 87
67 117
67.02 102
67.04 114
67.06 106
67.08 128
67.1 99
67.12 101
67.14 119
67.16 120
67.18 129
67.2 131
67.22 119
67.24 119
67.26 135
67.28 121
67.3 120
67.32 127
67.34 135
67.36 136
67.38 150
67.4 137
67.42 138
67.44 122
67.46 137
67.48 115
67.5 153
67.52 154
67.54 140
67.56 159
67.58 141
67.6 171
67.62 154
67.64 154
67.66 157
67.68 175
67.7 151
67.72 161
67.74 159
67.76 172
67.78 179
67.8 179
67.82 146
67.84 155
67.86 185
67.88 184
67.9 165
67.92 166
67.94 169
67.96 171
67.98 188
68 201
68.02 200
68.04 174
68.06 203
68.08 218
68.1 200
68.12 199
68.14 226
68.16 204
68.18 222
68.2 216
68.22 189
68.24 181
68.26 227
68.28 224
68.3 232
68.32 194
68.34 203
68.36 205
68.38 246
68.4 236
68.42 246
68.44 234
68.46 243
68.48 232
68.5 215
68.52 259
68.54 244
68.56 258
68.58 252
68.6 237
68.62 260
68.64 260
68.66 266
68.68 284
68.7 319
68.72 300
68.74 326
68.76 330
68.78 329
68.8 304
68.82 373
68.84 366
68.86 373
68.88 431
68.9 466
68.92 520
68.94 611
68.96 783
68.98 971
69 1243
69.02 1744
69.04 2459
69.06 3546
69.08 4174
69.1 3975
69.12 2892
69.14 1959
69.16 1303
69.18 1054
69.2 1083
69.22 1203
69.24 1603
69.26 1996
69.28 2427
69.3 2185
69.32 1718
69.34 1116
69.36 729
69.38 533
69.4 470
69.42 411
69.44 378
69.46 325
69.48 331
69.5 283
69.52 299
69.54 304
69.56 290
69.58 274
69.6 267
69.62 238
69.64 279
69.66 244
69.68 276
69.7 221
69.72 233
69.74 246
69.76 226
69.78 238
69.8 246
69.82 239
69.84 227
69.86 235
69.88 231
69.9 221
69.92 192
69.94 236
69.96 205
69.98 224
70 231
70.02 199
70.04 194
70.06 238
70.08 212
70.1 225
70.12 208
70.14 200
70.16 189
70.18 205
70.2 184
70.22 184
70.24 199
70.26 195
70.28 191
70.3 206
70.32 186
70.34 200
70.36 186
70.38 194
70.4 158
70.42 179
70.44 179
70.46 178
70.48 171
70.5 186
70.52 193
70.54 179
70.56 183
70.58 174
70.6 175
70.62 172
70.64 153
70.66 166
70.68 178
70.7 166
70.72 136
70.74 135
70.76 175
70.78 158
70.8 156
70.82 146
70.84 149
70.86 160
70.88 153
70.9 123
70.92 152
70.94 148
70.96 144
70.98 137
71 134
71.02 139
71.04 125
71.06 142
71.08 119
71.1 127
71.12 119
71.14 125
71.16 128
71.18 121
71.2 142
71.22 140
71.24 115
71.26 120
71.28 117
71.3 146
71.32 118
71.34 126
71.36 116
71.38 113
71.4 102
71.42 108
71.44 104
71.46 123
71.48 106
71.5 113
71.52 110
71.54 91
71.56 95
71.58 103
71.6 99
71.62 105
71.64 97
71.66 88
71.68 102
71.7 84
71.72 97
71.74 90
71.76 100
71.78 92
71.8 88
71.82 100
71.84 95
71.86 86
71.88 84
71.9 97
71.92 89
71.94 92
71.96 96
71.98 77
72 97
72.02 91
72.04 89
72.06 76
72.08 78
72.1 68
72.12 73
72.14 77
72.16 72
72.18 66
72.2 63
72.22 67
72.24 71
72.26 75
72.28 81
72.3 68
72.32 78
72.34 93
72.36 74
72.38 70
72.4 81
72.42 73
72.44 71
72.46 69
72.48 70
72.5 66
72.52 65
72.54 70
72.56 67
72.58 71
72.6 65
72.62 58
72.64 69
72.66 64
72.68 76
72.7 57
72.72 67
72.74 69
72.76 84
72.78 72
72.8 66
72.82 63
72.84 60
72.86 62
72.88 58
72.9 52
72.92 61
72.94 54
72.96 50
72.98 61
73 47
73.02 66
73.04 51
73.06 59
73.08 58
73.1 48
73.12 55
73.14 61
73.16 38
73.18 61
73.2 44
73.22 60
73.24 62
73.26 63
73.28 56
73.3 53
73.32 44
73.34 49
73.36 53
73.38 47
73.4 51
73.42 51
73.44 59
73.46 55
73.48 65
73.5 40
73.52 46
73.54 44
73.56 56
73.58 50
73.6 43
73.62 44
73.64 47
73.66 59
73.68 43
73.7 38
73.72 56
73.74 58
73.76 50
73.78 51
73.8 54
73.82 56
73.84 39
73.86 49
73.88 48
73.9 49
73.92 50
73.94 43
73.96 51
73.98 48
74 47
74.02 50
74.04 45
74.06 52
74.08 37
74.1 44
74.12 58
74.14 36
74.16 47
74.18 43
74.2 60
74.22 55
74.24 46
74.26 37
74.28 47
74.3 42
74.32 43
74.34 54
74.36 49
74.38 50
74.4 42
74.42 46
74.44 51
74.46 50
74.48 52
74.5 44
74.52 43
74.54 49
74.56 39
74.58 38
74.6 37
74.62 39
74.64 40
74.66 54
74.68 34
74.7 33
74.72 45
74.74 40
74.76 36
74.78 48
74.8 39
74.82 33
74.84 30
74.86 37
74.88 28
74.9 36
74.92 36
74.94 32
74.96 48
74.98 35
75 36
75.02 43
75.04 31
75.06 44
75.08 40
75.1 37
75.12 43
75.14 29
75.16 39
75.18 53
75.2 29
75.22 38
75.24 38
75.26 29
75.28 48
75.3 39
75.32 24
75.34 41
75.36 31
75.38 38
75.4 39
75.42 31
75.44 23
75.46 32
75.48 35
75.5 43
75.52 40
75.54 37
75.56 31
75.58 30
75.6 27
75.62 34
75.64 48
75.66 39
75.68 46
75.7 18
75.72 28
75.74 37
75.76 31
75.78 31
75.8 42
75.82 23
75.84 40
75.86 35
75.88 36
75.9 37
75.92 23
75.94 28
75.96 31
75.98 34
76 35
76.02 31
76.04 30
76.06 32
76.08 25
76.1 27
76.12 18
76.14 32
76.16 37
76.18 30
76.2 37
76.22 36
76.24 32
76.26 41
76.28 30
76.3 36
76.32 30
76.34 32
76.36 33
76.38 34
76.4 29
76.42 20
76.44 31
76.46 38
76.48 32
76.5 22
76.52 23
76.54 30
76.56 33
76.58 41
76.6 35
76.62 27
76.64 33
76.66 25
76.68 29
76.7 33
76.72 31
76.74 33
76.76 27
76.78 39
76.8 33
76.82 42
76.84 29
76.86 27
76.88 29
76.9 30
76.92 39
76.94 23
76.96 35
76.98 31
77 34
77.02 26
77.04 23
77.06 35
77.08 34
77.1 26
77.12 40
77.14 22
77.16 26
77.18 32
77.2 29
77.22 34
77.24 33
77.26 28
77.28 39
77.3 35
77.32 33
77.34 30
77.36 22
77.38 32
77.4 26
77.42 21
77.44 34
77.46 21
77.48 21
77.5 35
77.52 26
77.54 23
77.56 39
77.58 32
77.6 26
77.62 21
77.64 27
77.66 24
77.68 26
77.7 43
77.72 23
77.74 27
77.76 19
77.78 25
77.8 24
77.82 37
77.84 30
77.86 24
77.88 20
77.9 17
77.92 28
77.94 22
77.96 29
77.98 27
78 32
78.02 18
78.04 36
78.06 23
78.08 31
78.1 20
78.12 24
78.14 19
78.16 25
78.18 29
78.2 27
78.22 34
78.24 21
78.26 19
78.28 21
78.3 20
78.32 28
78.34 25
78.36 28
78.38 16
78.4 29
78.42 24
78.44 15
78.46 36
78.48 29
78.5 34
78.52 21
78.54 21
78.56 30
78.58 26
78.6 30
78.62 24
78.64 17
78.66 38
78.68 16
78.7 24
78.72 17
78.74 20
78.76 22
78.78 24
78.8 34
78.82 22
78.84 29
78.86 23
78.88 16
78.9 21
78.92 20
78.94 13
78.96 28
78.98 35
79 27
79.02 31
79.04 32
79.06 28
79.08 26
79.1 28
79.12 21
79.14 22
79.16 15
79.18 17
79.2 24
79.22 26
79.24 24
79.26 25
79.28 20
79.3 27
79.32 21
79.34 20
79.36 17
79.38 33
79.4 24
79.42 18
79.44 28
79.46 33
79.48 16
79.5 28
79.52 34
79.54 18
79.56 25
79.58 35
79.6 25
79.62 23
79.64 22
79.66 30
79.68 18
79.7 20
79.72 33
79.74 17
79.76 26
79.78 18
79.8 22
79.82 25
79.84 13
79.86 23
79.88 23
79.9 31
79.92 24
79.94 21
79.96 26
79.98 19
80 19
80.02 30
80.04 23
80.06 34
80.08 18
80.1 16
80.12 24
80.14 16
80.16 19
80.18 21
80.2 21
80.22 24
80.24 24
80.26 27
80.28 19
80.3 20
80.32 23
80.34 21
80.36 24
80.38 25
80.4 25
80.42 17
80.44 18
80.46 20
80.48 26
80.5 21
80.52 29
80.54 20
80.56 15
80.58 16
80.6 20
80.62 30
80.64 18
80.66 18
80.68 21
80.7 22
80.72 21
80.74 20
80.76 19
80.78 20
80.8 21
80.82 18
80.84 26
80.86 25
80.88 19
80.9 33
80.92 22
80.94 22
80.96 18
80.98 25
81 33
81.02 23
81.04 17
81.06 21
81.08 27
81.1 20
81.12 15
81.14 19
81.16 20
81.18 22
81.2 17
81.22 24
81.24 19
81.26 32
81.28 23
81.3 20
81.32 18
81.34 28
81.36 31
81.38 18
81.4 25
81.42 18
81.44 16
81.46 27
81.48 24
81.5 24
81.52 22
81.54 34
81.56 22
81.58 19
81.6 16
81.62 21
81.64 18
81.66 16
81.68 19
81.7 11
81.72 14
81.74 17
81.76 17
81.78 20
81.8 21
81.82 23
81.84 19
81.86 19
81.88 21
81.9 25
81.92 22
81.94 26
81.96 18
81.98 13
82 14
82.02 29
82.04 24
82.06 20
82.08 27
82.1 25
82.12 19
82.14 21
82.16 23
82.18 18
82.2 23
82.22 18
82.24 20
82.26 24
82.28 25
82.3 25
82.32 15
82.34 28
82.36 13
82.38 10
82.4 20
82.42 16
82.44 12
82.46 25
82.48 17
82.5 17
82.52 22
82.54 13
82.56 14
82.58 14
82.6 21
82.62 14
82.64 18
82.66 19
82.68 15
82.7 23
82.72 16
82.74 18
82.76 16
82.78 14
82.8 24
82.82 15
82.84 21
82.86 20
82.88 29
82.9 18
82.92 19
82.94 20
82.96 19
82.98 23
83 24
83.02 23
83.04 16
83.06 30
83.08 20
83.1 19
83.12 15
83.14 25
83.16 23
83.18 16
83.2 25
83.22 20
83.24 18
83.26 16
83.28 20
83.3 26
83.32 25
83.34 24
83.36 26
83.38 11
83.4 13
83.42 12
83.44 18
83.46 21
83.48 22
83.5 18
83.52 19
83.54 26
83.56 14
83.58 17
83.6 20
83.62 21
83.64 22
83.66 18
83.68 19
83.7 24
83.72 25
83.74 11
83.76 17
83.78 25
83.8 20
83.82 13
83.84 21
83.86 15
83.88 22
83.9 9
83.92 20
83.94 15
83.96 17
83.98 14
84 16
84.02 16
84.04 14
84.06 20
84.08 20
84.1 21
84.12 20
84.14 21
84.16 18
84.18 19
84.2 15
84.22 19
84.24 17
84.26 17
84.28 25
84.3 20
84.32 23
84.34 17
84.36 17
84.38 25
84.4 24
84.42 16
84.44 20
84.46 18
84.48 13
84.5 17
84.52 30
84.54 16
84.56 19
84.58 22
84.6 10
84.62 29
84.64 19
84.66 20
84.68 18
84.7 24
84.72 23
84.74 18
84.76 15
84.78 18
84.8 15
84.82 20
84.84 16
84.86 13
84.88 19
84.9 19
84.92 28
84.94 18
84.96 17
84.98 23
85 12
85.02 17
85.04 18
85.06 16
85.08 18
85.1 18
85.12 12
85.14 9
85.16 16
85.18 18
85.2 21
85.22 17
85.24 18
85.26 21
85.28 23
85.3 25
85.32 19
85.34 23
85.36 17
85.38 12
85.4 20
85.42 18
85.44 21
85.46 11
85.48 14
85.5 8
85.52 18
85.54 15
85.56 13
85.58 25
85.6 19
85.62 13
85.64 17
85.66 16
85.68 15
85.7 18
85.72 21
85.74 20
85.76 20
85.78 16
85.8 16
85.82 26
85.84 8
85.86 13
85.88 15
85.9 20
85.92 17
85.94 10
85.96 14
85.98 19
86 22
86.02 13
86.04 20
86.06 16
86.08 23
86.1 16
86.12 20
86.14 16
86.16 17
86.18 20
86.2 14
86.22 19
86.24 16
86.26 12
86.28 18
86.3 20
86.32 20
86.34 15
86.36 20
86.38 22
86.4 18
86.42 16
86.44 20
86.46 16
86.48 8
86.5 11
86.52 16
86.54 19
86.56 24
86.58 13
86.6 18
86.62 19
86.64 11
86.66 8
86.68 13
86.7 21
86.72 12
86.74 19
86.76 15
86.78 14
86.8 16
86.82 30
86.84 19
86.86 25
86.88 21
86.9 15
86.92 19
86.94 16
86.96 15
86.98 16
87 20
87.02 25
87.04 14
87.06 18
87.08 22
87.1 12
87.12 17
87.14 13
87.16 20
87.18 16
87.2 12
87.22 13
87.24 26
87.26 13
87.28 15
87.3 7
87.32 15
87.34 11
87.36 9
87.38 19
87.4 15
87.42 14
87.44 21
87.46 16
87.48 21
87.5 16
87.52 17
87.54 18
87.56 16
87.58 13
87.6 23
87.62 11
87.64 14
87.66 20
87.68 9
87.7 13
87.72 16
87.74 15
87.76 20
87.78 14
87.8 10
87.82 19
87.84 15
87.86 16
87.88 18
87.9 15
87.92 16
87.94 17
87.96 13
87.98 16
88 11
88.02 16
88.04 17
88.06 20
88.08 14
88.1 17
88.12 11
88.14 13
88.16 17
88.18 10
88.2 14
88.22 19
88.24 15
88.26 14
88.28 15
88.3 16
88.32 15
88.34 9
88.36 21
88.38 14
88.4 14
88.42 14
88.44 14
88.46 9
88.48 11
88.5 9
88.52 12
88.54 12
88.56 17
88.58 17
88.6 18
88.62 13
88.64 4
88.66 9
88.68 8
88.7 14
88.72 15
88.74 15
88.76 11
88.78 18
88.8 18
88.82 16
88.84 22
88.86 12
88.88 12
88.9 9
88.92 17
88.94 17
88.96 13
88.98 15
89 14
89.02 15
89.04 17
89.06 16
89.08 7
89.1 18
89.12 16
89.14 16
89.16 10
89.18 9
89.2 14
89.22 14
89.24 16
89.26 18
89.28 13
89.3 10
89.32 12
89.34 20
89.36 20
89.38 12
89.4 10
89.42 13
89.44 11
89.46 15
89.48 11
89.5 10
89.52 10
89.54 17
89.56 6
89.58 14
89.6 20
89.62 14
89.64 27
89.66 13
89.68 10
89.7 20
89.72 13
89.74 17
89.76 10
89.78 13
89.8 19
89.82 22
89.84 14
89.86 15
89.88 13
89.9 16
89.92 13
89.94 17
89.96 19
89.98 14
90 8
