Sample Si-wefer
Comments medium
Filename C:\WINDMAX\DATA\SHIMANO\XRD20190306\Si-wefer_20190122_mid.raw
Goniometer TTRáV êÖïΩ∫ﬁ∆µ“∞¿(Tsé≤éËìÆ,ADS)
Attachment ïWèÄééóøŒŸ¿ﬁ∞
Monochromater å≈íË”…∏€“∞¿
ScanningMode 2Theta/Theta
ScanningType Continuos Scanning
X-Ray 40kV/300mA
î≠éUΩÿØƒ 2/3Åã
î≠éUècêßå¿ΩÿØƒ 10mm
éUóêΩÿØƒ 2/3Åã
éÛåıΩÿØƒ 0.3mm
±Ø√»∞¿ äJï˙
”…∏€éÛåıΩÿØƒ 0.8mm
Start 10
Stop 90
Step 0.02
10 126
10.02 121
10.04 113
10.06 125
10.08 99
10.1 139
10.12 147
10.14 126
10.16 139
10.18 124
10.2 129
10.22 116
10.24 129
10.26 120
10.28 115
10.3 114
10.32 113
10.34 100
10.36 119
10.38 126
10.4 117
10.42 112
10.44 107
10.46 119
10.48 117
10.5 117
10.52 131
10.54 121
10.56 108
10.58 131
10.6 128
10.62 132
10.64 99
10.66 118
10.68 149
10.7 99
10.72 109
10.74 133
10.76 101
10.78 120
10.8 126
10.82 123
10.84 121
10.86 117
10.88 98
10.9 107
10.92 111
10.94 112
10.96 125
10.98 106
11 128
11.02 112
11.04 102
11.06 120
11.08 110
11.1 121
11.12 118
11.14 110
11.16 91
11.18 96
11.2 117
11.22 118
11.24 103
11.26 119
11.28 104
11.3 108
11.32 113
11.34 112
11.36 96
11.38 104
11.4 114
11.42 110
11.44 80
11.46 108
11.48 113
11.5 99
11.52 111
11.54 108
11.56 108
11.58 131
11.6 101
11.62 94
11.64 119
11.66 105
11.68 108
11.7 119
11.72 99
11.74 117
11.76 118
11.78 85
11.8 93
11.82 90
11.84 116
11.86 113
11.88 104
11.9 92
11.92 94
11.94 111
11.96 114
11.98 103
12 124
12.02 104
12.04 108
12.06 110
12.08 112
12.1 138
12.12 124
12.14 104
12.16 122
12.18 125
12.2 107
12.22 108
12.24 98
12.26 105
12.28 83
12.3 101
12.32 113
12.34 121
12.36 125
12.38 108
12.4 100
12.42 102
12.44 85
12.46 87
12.48 90
12.5 88
12.52 78
12.54 116
12.56 85
12.58 99
12.6 108
12.62 103
12.64 111
12.66 90
12.68 92
12.7 113
12.72 110
12.74 106
12.76 96
12.78 87
12.8 104
12.82 96
12.84 101
12.86 99
12.88 93
12.9 117
12.92 89
12.94 74
12.96 98
12.98 118
13 97
13.02 94
13.04 120
13.06 79
13.08 107
13.1 84
13.12 96
13.14 113
13.16 85
13.18 103
13.2 94
13.22 95
13.24 102
13.26 94
13.28 93
13.3 89
13.32 99
13.34 116
13.36 101
13.38 104
13.4 95
13.42 103
13.44 90
13.46 79
13.48 103
13.5 90
13.52 112
13.54 109
13.56 88
13.58 107
13.6 84
13.62 97
13.64 114
13.66 107
13.68 88
13.7 77
13.72 87
13.74 72
13.76 87
13.78 93
13.8 117
13.82 79
13.84 84
13.86 107
13.88 93
13.9 102
13.92 91
13.94 94
13.96 119
13.98 83
14 84
14.02 88
14.04 102
14.06 89
14.08 90
14.1 89
14.12 101
14.14 103
14.16 108
14.18 90
14.2 101
14.22 94
14.24 88
14.26 92
14.28 114
14.3 93
14.32 96
14.34 100
14.36 83
14.38 97
14.4 71
14.42 99
14.44 83
14.46 97
14.48 93
14.5 98
14.52 105
14.54 101
14.56 73
14.58 97
14.6 86
14.62 96
14.64 95
14.66 99
14.68 111
14.7 90
14.72 97
14.74 88
14.76 91
14.78 77
14.8 97
14.82 95
14.84 95
14.86 86
14.88 93
14.9 110
14.92 75
14.94 109
14.96 98
14.98 87
15 82
15.02 88
15.04 94
15.06 87
15.08 109
15.1 87
15.12 77
15.14 99
15.16 100
15.18 90
15.2 75
15.22 91
15.24 95
15.26 90
15.28 80
15.3 85
15.32 91
15.34 75
15.36 111
15.38 93
15.4 87
15.42 92
15.44 83
15.46 89
15.48 100
15.5 83
15.52 73
15.54 95
15.56 98
15.58 100
15.6 100
15.62 93
15.64 91
15.66 94
15.68 77
15.7 82
15.72 84
15.74 84
15.76 91
15.78 76
15.8 92
15.82 97
15.84 91
15.86 87
15.88 76
15.9 79
15.92 96
15.94 75
15.96 80
15.98 82
16 98
16.02 80
16.04 99
16.06 90
16.08 76
16.1 74
16.12 98
16.14 80
16.16 68
16.18 82
16.2 91
16.22 103
16.24 75
16.26 86
16.28 92
16.3 80
16.32 85
16.34 90
16.36 84
16.38 80
16.4 84
16.42 85
16.44 94
16.46 69
16.48 83
16.5 90
16.52 101
16.54 88
16.56 101
16.58 89
16.6 97
16.62 81
16.64 77
16.66 97
16.68 98
16.7 83
16.72 88
16.74 86
16.76 84
16.78 90
16.8 85
16.82 98
16.84 101
16.86 82
16.88 76
16.9 86
16.92 106
16.94 82
16.96 76
16.98 94
17 91
17.02 80
17.04 87
17.06 88
17.08 100
17.1 96
17.12 70
17.14 86
17.16 84
17.18 86
17.2 80
17.22 107
17.24 83
17.26 77
17.28 86
17.3 88
17.32 76
17.34 92
17.36 77
17.38 67
17.4 92
17.42 83
17.44 79
17.46 87
17.48 86
17.5 78
17.52 89
17.54 81
17.56 82
17.58 69
17.6 93
17.62 92
17.64 89
17.66 71
17.68 84
17.7 92
17.72 81
17.74 77
17.76 101
17.78 92
17.8 101
17.82 92
17.84 82
17.86 91
17.88 89
17.9 84
17.92 77
17.94 104
17.96 97
17.98 87
18 97
18.02 94
18.04 104
18.06 77
18.08 93
18.1 89
18.12 77
18.14 83
18.16 77
18.18 105
18.2 78
18.22 85
18.24 80
18.26 90
18.28 91
18.3 87
18.32 95
18.34 78
18.36 75
18.38 76
18.4 92
18.42 81
18.44 75
18.46 84
18.48 80
18.5 80
18.52 75
18.54 89
18.56 79
18.58 96
18.6 79
18.62 104
18.64 92
18.66 75
18.68 92
18.7 90
18.72 78
18.74 84
18.76 89
18.78 83
18.8 100
18.82 74
18.84 73
18.86 87
18.88 78
18.9 79
18.92 91
18.94 82
18.96 87
18.98 92
19 102
19.02 89
19.04 79
19.06 92
19.08 92
19.1 82
19.12 86
19.14 113
19.16 91
19.18 96
19.2 66
19.22 109
19.24 94
19.26 95
19.28 77
19.3 87
19.32 83
19.34 77
19.36 89
19.38 70
19.4 69
19.42 84
19.44 87
19.46 99
19.48 80
19.5 88
19.52 89
19.54 69
19.56 82
19.58 80
19.6 87
19.62 84
19.64 83
19.66 82
19.68 88
19.7 76
19.72 82
19.74 91
19.76 79
19.78 99
19.8 100
19.82 106
19.84 94
19.86 94
19.88 97
19.9 92
19.92 72
19.94 80
19.96 100
19.98 87
20 92
20.02 103
20.04 92
20.06 80
20.08 80
20.1 79
20.12 93
20.14 98
20.16 90
20.18 82
20.2 88
20.22 80
20.24 81
20.26 82
20.28 88
20.3 96
20.32 67
20.34 81
20.36 85
20.38 91
20.4 81
20.42 66
20.44 62
20.46 103
20.48 86
20.5 71
20.52 95
20.54 79
20.56 94
20.58 92
20.6 94
20.62 92
20.64 112
20.66 80
20.68 102
20.7 67
20.72 78
20.74 80
20.76 67
20.78 87
20.8 83
20.82 80
20.84 90
20.86 92
20.88 77
20.9 86
20.92 79
20.94 83
20.96 85
20.98 99
21 91
21.02 89
21.04 85
21.06 83
21.08 84
21.1 89
21.12 75
21.14 74
21.16 83
21.18 101
21.2 83
21.22 73
21.24 100
21.26 113
21.28 114
21.3 84
21.32 86
21.34 83
21.36 99
21.38 80
21.4 83
21.42 86
21.44 80
21.46 88
21.48 100
21.5 79
21.52 83
21.54 89
21.56 95
21.58 95
21.6 101
21.62 78
21.64 98
21.66 95
21.68 79
21.7 86
21.72 87
21.74 84
21.76 75
21.78 116
21.8 102
21.82 101
21.84 89
21.86 86
21.88 92
21.9 80
21.92 97
21.94 78
21.96 107
21.98 98
22 105
22.02 91
22.04 75
22.06 79
22.08 80
22.1 97
22.12 86
22.14 106
22.16 88
22.18 98
22.2 97
22.22 96
22.24 111
22.26 103
22.28 93
22.3 111
22.32 97
22.34 101
22.36 95
22.38 85
22.4 95
22.42 75
22.44 92
22.46 93
22.48 76
22.5 90
22.52 96
22.54 94
22.56 112
22.58 99
22.6 108
22.62 93
22.64 95
22.66 97
22.68 95
22.7 103
22.72 76
22.74 121
22.76 102
22.78 100
22.8 96
22.82 108
22.84 109
22.86 104
22.88 102
22.9 105
22.92 93
22.94 108
22.96 94
22.98 100
23 110
23.02 108
23.04 91
23.06 101
23.08 97
23.1 110
23.12 95
23.14 101
23.16 96
23.18 93
23.2 104
23.22 110
23.24 98
23.26 94
23.28 90
23.3 93
23.32 108
23.34 107
23.36 95
23.38 96
23.4 91
23.42 95
23.44 117
23.46 99
23.48 81
23.5 101
23.52 109
23.54 101
23.56 92
23.58 105
23.6 101
23.62 100
23.64 104
23.66 97
23.68 100
23.7 99
23.72 119
23.74 103
23.76 113
23.78 114
23.8 98
23.82 93
23.84 116
23.86 87
23.88 89
23.9 83
23.92 85
23.94 89
23.96 110
23.98 117
24 90
24.02 91
24.04 92
24.06 116
24.08 93
24.1 106
24.12 120
24.14 114
24.16 108
24.18 102
24.2 85
24.22 111
24.24 109
24.26 91
24.28 105
24.3 107
24.32 97
24.34 104
24.36 112
24.38 107
24.4 94
24.42 89
24.44 116
24.46 97
24.48 93
24.5 91
24.52 100
24.54 91
24.56 77
24.58 91
24.6 110
24.62 96
24.64 106
24.66 112
24.68 112
24.7 98
24.72 84
24.74 142
24.76 99
24.78 100
24.8 97
24.82 113
24.84 109
24.86 104
24.88 106
24.9 115
24.92 99
24.94 86
24.96 125
24.98 101
25 109
25.02 118
25.04 83
25.06 109
25.08 112
25.1 112
25.12 105
25.14 111
25.16 97
25.18 119
25.2 101
25.22 103
25.24 83
25.26 94
25.28 113
25.3 98
25.32 103
25.34 119
25.36 89
25.38 102
25.4 104
25.42 109
25.44 107
25.46 126
25.48 106
25.5 112
25.52 103
25.54 99
25.56 121
25.58 106
25.6 115
25.62 100
25.64 104
25.66 122
25.68 125
25.7 102
25.72 97
25.74 114
25.76 111
25.78 110
25.8 109
25.82 124
25.84 115
25.86 105
25.88 104
25.9 92
25.92 108
25.94 97
25.96 98
25.98 86
26 105
26.02 98
26.04 123
26.06 104
26.08 107
26.1 108
26.12 111
26.14 121
26.16 101
26.18 110
26.2 100
26.22 100
26.24 88
26.26 112
26.28 130
26.3 111
26.32 109
26.34 97
26.36 103
26.38 98
26.4 112
26.42 116
26.44 109
26.46 120
26.48 122
26.5 92
26.52 99
26.54 121
26.56 115
26.58 85
26.6 110
26.62 112
26.64 126
26.66 99
26.68 106
26.7 99
26.72 93
26.74 100
26.76 107
26.78 110
26.8 127
26.82 113
26.84 100
26.86 100
26.88 94
26.9 117
26.92 126
26.94 119
26.96 106
26.98 114
27 103
27.02 90
27.04 113
27.06 103
27.08 102
27.1 129
27.12 95
27.14 113
27.16 104
27.18 101
27.2 132
27.22 106
27.24 96
27.26 102
27.28 114
27.3 117
27.32 97
27.34 112
27.36 125
27.38 102
27.4 105
27.42 87
27.44 115
27.46 100
27.48 112
27.5 111
27.52 94
27.54 115
27.56 126
27.58 97
27.6 91
27.62 117
27.64 100
27.66 99
27.68 89
27.7 104
27.72 122
27.74 109
27.76 112
27.78 99
27.8 101
27.82 98
27.84 118
27.86 101
27.88 100
27.9 117
27.92 103
27.94 135
27.96 94
27.98 102
28 123
28.02 112
28.04 94
28.06 109
28.08 112
28.1 115
28.12 115
28.14 115
28.16 97
28.18 95
28.2 98
28.22 107
28.24 122
28.26 100
28.28 116
28.3 108
28.32 106
28.34 123
28.36 119
28.38 116
28.4 131
28.42 108
28.44 121
28.46 113
28.48 112
28.5 117
28.52 93
28.54 115
28.56 98
28.58 100
28.6 118
28.62 101
28.64 117
28.66 112
28.68 109
28.7 75
28.72 114
28.74 103
28.76 119
28.78 120
28.8 108
28.82 123
28.84 112
28.86 101
28.88 108
28.9 112
28.92 100
28.94 111
28.96 121
28.98 118
29 102
29.02 121
29.04 105
29.06 97
29.08 108
29.1 100
29.12 112
29.14 100
29.16 94
29.18 115
29.2 116
29.22 115
29.24 122
29.26 102
29.28 126
29.3 117
29.32 93
29.34 116
29.36 124
29.38 102
29.4 114
29.42 101
29.44 109
29.46 99
29.48 113
29.5 127
29.52 103
29.54 115
29.56 102
29.58 106
29.6 93
29.62 112
29.64 110
29.66 123
29.68 122
29.7 120
29.72 94
29.74 117
29.76 97
29.78 123
29.8 99
29.82 111
29.84 114
29.86 114
29.88 103
29.9 115
29.92 126
29.94 116
29.96 117
29.98 114
30 104
30.02 97
30.04 102
30.06 97
30.08 125
30.1 113
30.12 118
30.14 94
30.16 95
30.18 106
30.2 104
30.22 112
30.24 103
30.26 107
30.28 73
30.3 101
30.32 93
30.34 103
30.36 110
30.38 101
30.4 93
30.42 106
30.44 114
30.46 119
30.48 93
30.5 97
30.52 107
30.54 124
30.56 100
30.58 101
30.6 104
30.62 100
30.64 114
30.66 111
30.68 102
30.7 94
30.72 94
30.74 90
30.76 117
30.78 100
30.8 104
30.82 120
30.84 108
30.86 118
30.88 106
30.9 105
30.92 125
30.94 100
30.96 105
30.98 96
31 114
31.02 102
31.04 99
31.06 111
31.08 104
31.1 127
31.12 100
31.14 101
31.16 99
31.18 101
31.2 111
31.22 100
31.24 104
31.26 105
31.28 110
31.3 96
31.32 102
31.34 101
31.36 96
31.38 105
31.4 109
31.42 101
31.44 124
31.46 86
31.48 91
31.5 92
31.52 100
31.54 95
31.56 102
31.58 119
31.6 94
31.62 105
31.64 104
31.66 114
31.68 103
31.7 101
31.72 108
31.74 88
31.76 104
31.78 104
31.8 108
31.82 81
31.84 97
31.86 92
31.88 88
31.9 92
31.92 103
31.94 84
31.96 105
31.98 118
32 93
32.02 92
32.04 106
32.06 104
32.08 109
32.1 87
32.12 105
32.14 112
32.16 118
32.18 105
32.2 93
32.22 98
32.24 95
32.26 108
32.28 104
32.3 96
32.32 106
32.34 122
32.36 89
32.38 101
32.4 105
32.42 109
32.44 89
32.46 114
32.48 97
32.5 95
32.52 100
32.54 100
32.56 89
32.58 89
32.6 96
32.62 98
32.64 91
32.66 94
32.68 102
32.7 83
32.72 110
32.74 99
32.76 97
32.78 107
32.8 118
32.82 100
32.84 109
32.86 101
32.88 96
32.9 95
32.92 82
32.94 95
32.96 108
32.98 102
33 86
33.02 99
33.04 105
33.06 95
33.08 79
33.1 91
33.12 89
33.14 95
33.16 81
33.18 97
33.2 92
33.22 105
33.24 88
33.26 98
33.28 90
33.3 91
33.32 95
33.34 93
33.36 94
33.38 79
33.4 93
33.42 99
33.44 88
33.46 86
33.48 116
33.5 103
33.52 106
33.54 77
33.56 84
33.58 92
33.6 72
33.62 93
33.64 98
33.66 87
33.68 87
33.7 71
33.72 81
33.74 95
33.76 89
33.78 82
33.8 97
33.82 101
33.84 93
33.86 94
33.88 114
33.9 78
33.92 88
33.94 72
33.96 89
33.98 97
34 89
34.02 94
34.04 71
34.06 98
34.08 71
34.1 79
34.12 82
34.14 77
34.16 75
34.18 85
34.2 89
34.22 82
34.24 99
34.26 74
34.28 86
34.3 97
34.32 75
34.34 82
34.36 67
34.38 68
34.4 88
34.42 69
34.44 76
34.46 86
34.48 84
34.5 85
34.52 66
34.54 75
34.56 93
34.58 74
34.6 79
34.62 84
34.64 64
34.66 84
34.68 82
34.7 75
34.72 95
34.74 72
34.76 79
34.78 74
34.8 87
34.82 67
34.84 72
34.86 67
34.88 91
34.9 69
34.92 74
34.94 88
34.96 67
34.98 75
35 65
35.02 82
35.04 60
35.06 91
35.08 76
35.1 84
35.12 78
35.14 86
35.16 56
35.18 83
35.2 62
35.22 79
35.24 63
35.26 60
35.28 83
35.3 73
35.32 71
35.34 83
35.36 70
35.38 74
35.4 63
35.42 68
35.44 76
35.46 81
35.48 75
35.5 71
35.52 65
35.54 71
35.56 68
35.58 69
35.6 76
35.62 82
35.64 80
35.66 76
35.68 71
35.7 81
35.72 65
35.74 67
35.76 77
35.78 57
35.8 71
35.82 69
35.84 48
35.86 65
35.88 63
35.9 85
35.92 63
35.94 77
35.96 70
35.98 66
36 79
36.02 70
36.04 72
36.06 72
36.08 73
36.1 67
36.12 60
36.14 65
36.16 76
36.18 83
36.2 79
36.22 58
36.24 75
36.26 74
36.28 59
36.3 65
36.32 53
36.34 63
36.36 70
36.38 62
36.4 73
36.42 66
36.44 73
36.46 74
36.48 79
36.5 57
36.52 83
36.54 59
36.56 58
36.58 69
36.6 71
36.62 65
36.64 72
36.66 67
36.68 64
36.7 63
36.72 69
36.74 60
36.76 57
36.78 68
36.8 61
36.82 59
36.84 55
36.86 63
36.88 71
36.9 61
36.92 55
36.94 59
36.96 54
36.98 73
37 62
37.02 68
37.04 68
37.06 63
37.08 45
37.1 61
37.12 75
37.14 59
37.16 58
37.18 62
37.2 64
37.22 51
37.24 62
37.26 70
37.28 77
37.3 60
37.32 56
37.34 56
37.36 56
37.38 69
37.4 67
37.42 64
37.44 73
37.46 53
37.48 62
37.5 64
37.52 67
37.54 65
37.56 57
37.58 61
37.6 60
37.62 52
37.64 47
37.66 66
37.68 60
37.7 51
37.72 59
37.74 55
37.76 59
37.78 66
37.8 64
37.82 55
37.84 56
37.86 57
37.88 52
37.9 60
37.92 55
37.94 67
37.96 46
37.98 59
38 71
38.02 62
38.04 67
38.06 61
38.08 52
38.1 55
38.12 52
38.14 53
38.16 51
38.18 66
38.2 47
38.22 55
38.24 52
38.26 62
38.28 50
38.3 67
38.32 49
38.34 39
38.36 61
38.38 54
38.4 49
38.42 50
38.44 62
38.46 60
38.48 61
38.5 56
38.52 60
38.54 69
38.56 65
38.58 54
38.6 47
38.62 57
38.64 57
38.66 45
38.68 52
38.7 67
38.72 40
38.74 64
38.76 59
38.78 44
38.8 52
38.82 51
38.84 58
38.86 48
38.88 50
38.9 48
38.92 52
38.94 43
38.96 55
38.98 48
39 55
39.02 68
39.04 65
39.06 50
39.08 54
39.1 59
39.12 57
39.14 49
39.16 67
39.18 54
39.2 66
39.22 60
39.24 60
39.26 55
39.28 39
39.3 65
39.32 62
39.34 47
39.36 63
39.38 47
39.4 57
39.42 48
39.44 56
39.46 46
39.48 65
39.5 44
39.52 63
39.54 54
39.56 52
39.58 47
39.6 45
39.62 56
39.64 63
39.66 47
39.68 59
39.7 53
39.72 34
39.74 48
39.76 52
39.78 68
39.8 59
39.82 56
39.84 47
39.86 46
39.88 50
39.9 56
39.92 73
39.94 49
39.96 45
39.98 52
40 47
40.02 67
40.04 58
40.06 53
40.08 58
40.1 55
40.12 52
40.14 52
40.16 59
40.18 64
40.2 58
40.22 41
40.24 72
40.26 58
40.28 36
40.3 56
40.32 39
40.34 54
40.36 59
40.38 47
40.4 49
40.42 47
40.44 70
40.46 57
40.48 59
40.5 40
40.52 53
40.54 59
40.56 48
40.58 62
40.6 44
40.62 47
40.64 46
40.66 50
40.68 55
40.7 59
40.72 54
40.74 42
40.76 51
40.78 42
40.8 54
40.82 49
40.84 63
40.86 60
40.88 60
40.9 53
40.92 56
40.94 45
40.96 63
40.98 51
41 49
41.02 51
41.04 51
41.06 63
41.08 51
41.1 57
41.12 66
41.14 42
41.16 46
41.18 45
41.2 41
41.22 56
41.24 56
41.26 59
41.28 46
41.3 53
41.32 52
41.34 42
41.36 47
41.38 50
41.4 51
41.42 46
41.44 61
41.46 47
41.48 54
41.5 54
41.52 52
41.54 47
41.56 62
41.58 46
41.6 53
41.62 55
41.64 47
41.66 47
41.68 64
41.7 65
41.72 42
41.74 58
41.76 40
41.78 45
41.8 53
41.82 50
41.84 62
41.86 45
41.88 51
41.9 62
41.92 70
41.94 38
41.96 56
41.98 53
42 57
42.02 53
42.04 78
42.06 48
42.08 57
42.1 56
42.12 49
42.14 51
42.16 46
42.18 53
42.2 61
42.22 61
42.24 30
42.26 42
42.28 52
42.3 41
42.32 55
42.34 48
42.36 45
42.38 41
42.4 57
42.42 52
42.44 51
42.46 57
42.48 58
42.5 44
42.52 55
42.54 47
42.56 55
42.58 46
42.6 49
42.62 62
42.64 50
42.66 45
42.68 55
42.7 56
42.72 60
42.74 42
42.76 59
42.78 47
42.8 45
42.82 58
42.84 41
42.86 51
42.88 44
42.9 56
42.92 39
42.94 59
42.96 52
42.98 56
43 44
43.02 40
43.04 40
43.06 59
43.08 40
43.1 39
43.12 48
43.14 44
43.16 44
43.18 62
43.2 58
43.22 44
43.24 50
43.26 42
43.28 52
43.3 38
43.32 44
43.34 46
43.36 44
43.38 52
43.4 48
43.42 55
43.44 45
43.46 49
43.48 41
43.5 58
43.52 47
43.54 46
43.56 50
43.58 56
43.6 52
43.62 55
43.64 60
43.66 42
43.68 38
43.7 48
43.72 45
43.74 48
43.76 53
43.78 54
43.8 58
43.82 48
43.84 47
43.86 46
43.88 48
43.9 53
43.92 39
43.94 48
43.96 54
43.98 43
44 42
44.02 34
44.04 62
44.06 55
44.08 60
44.1 50
44.12 52
44.14 58
44.16 58
44.18 34
44.2 49
44.22 47
44.24 42
44.26 51
44.28 48
44.3 51
44.32 47
44.34 50
44.36 48
44.38 41
44.4 53
44.42 51
44.44 52
44.46 46
44.48 62
44.5 56
44.52 58
44.54 55
44.56 58
44.58 35
44.6 62
44.62 50
44.64 49
44.66 50
44.68 44
44.7 43
44.72 42
44.74 53
44.76 45
44.78 46
44.8 51
44.82 41
44.84 66
44.86 55
44.88 44
44.9 65
44.92 64
44.94 50
44.96 54
44.98 48
45 52
45.02 53
45.04 57
45.06 42
45.08 46
45.1 44
45.12 53
45.14 38
45.16 50
45.18 28
45.2 34
45.22 53
45.24 30
45.26 38
45.28 40
45.3 65
45.32 51
45.34 48
45.36 46
45.38 43
45.4 48
45.42 54
45.44 47
45.46 58
45.48 32
45.5 40
45.52 49
45.54 45
45.56 45
45.58 42
45.6 46
45.62 52
45.64 37
45.66 45
45.68 45
45.7 43
45.72 39
45.74 50
45.76 53
45.78 45
45.8 45
45.82 45
45.84 40
45.86 47
45.88 45
45.9 38
45.92 40
45.94 51
45.96 50
45.98 54
46 44
46.02 47
46.04 54
46.06 36
46.08 43
46.1 49
46.12 46
46.14 48
46.16 52
46.18 48
46.2 32
46.22 34
46.24 39
46.26 56
46.28 44
46.3 47
46.32 36
46.34 41
46.36 49
46.38 41
46.4 38
46.42 44
46.44 32
46.46 38
46.48 47
46.5 39
46.52 46
46.54 55
46.56 42
46.58 51
46.6 49
46.62 39
46.64 49
46.66 39
46.68 59
46.7 42
46.72 41
46.74 44
46.76 39
46.78 41
46.8 52
46.82 53
46.84 29
46.86 38
46.88 47
46.9 34
46.92 31
46.94 39
46.96 40
46.98 39
47 26
47.02 43
47.04 41
47.06 41
47.08 46
47.1 51
47.12 44
47.14 49
47.16 68
47.18 66
47.2 60
47.22 47
47.24 47
47.26 53
47.28 48
47.3 44
47.32 56
47.34 59
47.36 54
47.38 52
47.4 38
47.42 43
47.44 51
47.46 41
47.48 44
47.5 41
47.52 45
47.54 43
47.56 54
47.58 46
47.6 36
47.62 44
47.64 56
47.66 46
47.68 46
47.7 35
47.72 44
47.74 39
47.76 37
47.78 41
47.8 44
47.82 46
47.84 41
47.86 48
47.88 38
47.9 38
47.92 47
47.94 42
47.96 42
47.98 50
48 34
48.02 38
48.04 36
48.06 39
48.08 33
48.1 48
48.12 41
48.14 35
48.16 33
48.18 46
48.2 37
48.22 42
48.24 39
48.26 35
48.28 44
48.3 49
48.32 40
48.34 40
48.36 33
48.38 38
48.4 48
48.42 40
48.44 42
48.46 51
48.48 35
48.5 49
48.52 35
48.54 34
48.56 35
48.58 45
48.6 38
48.62 37
48.64 39
48.66 50
48.68 37
48.7 45
48.72 47
48.74 44
48.76 32
48.78 51
48.8 39
48.82 34
48.84 32
48.86 39
48.88 43
48.9 40
48.92 40
48.94 50
48.96 38
48.98 40
49 38
49.02 34
49.04 45
49.06 41
49.08 45
49.1 36
49.12 42
49.14 42
49.16 39
49.18 45
49.2 30
49.22 35
49.24 44
49.26 42
49.28 53
49.3 31
49.32 37
49.34 25
49.36 27
49.38 36
49.4 38
49.42 36
49.44 43
49.46 30
49.48 35
49.5 43
49.52 50
49.54 47
49.56 41
49.58 40
49.6 39
49.62 41
49.64 36
49.66 33
49.68 34
49.7 34
49.72 42
49.74 28
49.76 38
49.78 37
49.8 45
49.82 42
49.84 24
49.86 41
49.88 25
49.9 51
49.92 33
49.94 29
49.96 46
49.98 43
50 35
50.02 42
50.04 43
50.06 36
50.08 33
50.1 42
50.12 51
50.14 37
50.16 27
50.18 30
50.2 37
50.22 42
50.24 45
50.26 38
50.28 43
50.3 37
50.32 29
50.34 42
50.36 26
50.38 35
50.4 35
50.42 42
50.44 36
50.46 35
50.48 45
50.5 36
50.52 37
50.54 27
50.56 45
50.58 47
50.6 37
50.62 40
50.64 36
50.66 48
50.68 45
50.7 38
50.72 31
50.74 43
50.76 30
50.78 47
50.8 41
50.82 34
50.84 32
50.86 37
50.88 35
50.9 34
50.92 40
50.94 43
50.96 44
50.98 35
51 41
51.02 27
51.04 33
51.06 38
51.08 31
51.1 44
51.12 30
51.14 34
51.16 37
51.18 29
51.2 35
51.22 43
51.24 47
51.26 47
51.28 31
51.3 30
51.32 38
51.34 27
51.36 23
51.38 33
51.4 39
51.42 40
51.44 30
51.46 46
51.48 34
51.5 33
51.52 39
51.54 36
51.56 48
51.58 35
51.6 29
51.62 34
51.64 40
51.66 34
51.68 46
51.7 36
51.72 35
51.74 37
51.76 36
51.78 25
51.8 44
51.82 29
51.84 44
51.86 29
51.88 24
51.9 34
51.92 32
51.94 34
51.96 52
51.98 34
52 35
52.02 29
52.04 19
52.06 41
52.08 29
52.1 30
52.12 35
52.14 35
52.16 45
52.18 43
52.2 29
52.22 40
52.24 39
52.26 37
52.28 42
52.3 41
52.32 41
52.34 36
52.36 44
52.38 38
52.4 38
52.42 40
52.44 48
52.46 32
52.48 38
52.5 44
52.52 48
52.54 21
52.56 40
52.58 41
52.6 44
52.62 42
52.64 33
52.66 37
52.68 40
52.7 45
52.72 32
52.74 36
52.76 34
52.78 52
52.8 42
52.82 37
52.84 35
52.86 34
52.88 38
52.9 39
52.92 36
52.94 35
52.96 34
52.98 38
53 37
53.02 40
53.04 31
53.06 40
53.08 41
53.1 34
53.12 41
53.14 39
53.16 33
53.18 40
53.2 34
53.22 28
53.24 33
53.26 28
53.28 40
53.3 32
53.32 45
53.34 50
53.36 33
53.38 45
53.4 37
53.42 34
53.44 35
53.46 44
53.48 41
53.5 31
53.52 41
53.54 41
53.56 36
53.58 41
53.6 23
53.62 28
53.64 34
53.66 41
53.68 35
53.7 36
53.72 38
53.74 34
53.76 32
53.78 42
53.8 47
53.82 29
53.84 49
53.86 32
53.88 37
53.9 31
53.92 32
53.94 41
53.96 45
53.98 42
54 29
54.02 39
54.04 39
54.06 35
54.08 35
54.1 28
54.12 31
54.14 35
54.16 31
54.18 35
54.2 48
54.22 32
54.24 32
54.26 41
54.28 33
54.3 23
54.32 38
54.34 39
54.36 33
54.38 42
54.4 28
54.42 31
54.44 45
54.46 29
54.48 35
54.5 27
54.52 35
54.54 23
54.56 42
54.58 41
54.6 29
54.62 34
54.64 32
54.66 31
54.68 32
54.7 22
54.72 32
54.74 32
54.76 33
54.78 32
54.8 33
54.82 28
54.84 38
54.86 34
54.88 39
54.9 31
54.92 26
54.94 26
54.96 42
54.98 29
55 35
55.02 37
55.04 44
55.06 32
55.08 36
55.1 32
55.12 37
55.14 39
55.16 28
55.18 35
55.2 42
55.22 43
55.24 26
55.26 47
55.28 34
55.3 28
55.32 34
55.34 32
55.36 34
55.38 33
55.4 40
55.42 35
55.44 35
55.46 22
55.48 46
55.5 33
55.52 41
55.54 44
55.56 30
55.58 34
55.6 37
55.62 46
55.64 37
55.66 31
55.68 27
55.7 27
55.72 35
55.74 28
55.76 33
55.78 32
55.8 37
55.82 31
55.84 31
55.86 43
55.88 32
55.9 33
55.92 20
55.94 35
55.96 35
55.98 31
56 22
56.02 32
56.04 21
56.06 37
56.08 32
56.1 42
56.12 26
56.14 41
56.16 31
56.18 33
56.2 31
56.22 33
56.24 30
56.26 47
56.28 34
56.3 44
56.32 29
56.34 54
56.36 48
56.38 39
56.4 32
56.42 34
56.44 32
56.46 37
56.48 44
56.5 25
56.52 34
56.54 28
56.56 25
56.58 35
56.6 37
56.62 30
56.64 39
56.66 26
56.68 37
56.7 37
56.72 36
56.74 38
56.76 31
56.78 32
56.8 25
56.82 30
56.84 40
56.86 38
56.88 39
56.9 32
56.92 32
56.94 25
56.96 25
56.98 38
57 38
57.02 39
57.04 25
57.06 28
57.08 32
57.1 33
57.12 37
57.14 37
57.16 26
57.18 34
57.2 28
57.22 37
57.24 45
57.26 41
57.28 30
57.3 26
57.32 39
57.34 32
57.36 37
57.38 18
57.4 41
57.42 41
57.44 35
57.46 40
57.48 26
57.5 37
57.52 36
57.54 30
57.56 40
57.58 37
57.6 31
57.62 43
57.64 34
57.66 37
57.68 26
57.7 38
57.72 38
57.74 36
57.76 33
57.78 39
57.8 25
57.82 24
57.84 30
57.86 34
57.88 24
57.9 34
57.92 32
57.94 31
57.96 26
57.98 36
58 24
58.02 35
58.04 28
58.06 34
58.08 32
58.1 26
58.12 27
58.14 30
58.16 35
58.18 33
58.2 39
58.22 32
58.24 41
58.26 22
58.28 25
58.3 21
58.32 33
58.34 29
58.36 38
58.38 42
58.4 34
58.42 32
58.44 34
58.46 34
58.48 37
58.5 36
58.52 39
58.54 37
58.56 37
58.58 47
58.6 33
58.62 29
58.64 29
58.66 29
58.68 38
58.7 33
58.72 29
58.74 29
58.76 23
58.78 29
58.8 32
58.82 31
58.84 31
58.86 36
58.88 30
58.9 36
58.92 26
58.94 31
58.96 36
58.98 42
59 28
59.02 36
59.04 37
59.06 33
59.08 30
59.1 38
59.12 28
59.14 32
59.16 35
59.18 29
59.2 29
59.22 28
59.24 32
59.26 41
59.28 37
59.3 37
59.32 32
59.34 39
59.36 29
59.38 25
59.4 38
59.42 36
59.44 36
59.46 40
59.48 34
59.5 35
59.52 35
59.54 25
59.56 38
59.58 32
59.6 31
59.62 32
59.64 32
59.66 26
59.68 30
59.7 35
59.72 45
59.74 24
59.76 31
59.78 40
59.8 35
59.82 38
59.84 27
59.86 37
59.88 43
59.9 30
59.92 30
59.94 33
59.96 22
59.98 35
60 25
60.02 34
60.04 33
60.06 35
60.08 35
60.1 44
60.12 34
60.14 17
60.16 38
60.18 40
60.2 32
60.22 28
60.24 35
60.26 38
60.28 30
60.3 38
60.32 41
60.34 27
60.36 35
60.38 40
60.4 36
60.42 43
60.44 31
60.46 29
60.48 24
60.5 27
60.52 29
60.54 35
60.56 21
60.58 44
60.6 29
60.62 30
60.64 38
60.66 31
60.68 39
60.7 38
60.72 21
60.74 35
60.76 47
60.78 32
60.8 37
60.82 28
60.84 38
60.86 27
60.88 36
60.9 33
60.92 37
60.94 45
60.96 37
60.98 34
61 30
61.02 38
61.04 33
61.06 38
61.08 33
61.1 34
61.12 38
61.14 29
61.16 34
61.18 38
61.2 34
61.22 40
61.24 28
61.26 30
61.28 35
61.3 22
61.32 43
61.34 32
61.36 37
61.38 23
61.4 48
61.42 31
61.44 32
61.46 33
61.48 23
61.5 33
61.52 44
61.54 41
61.56 34
61.58 45
61.6 40
61.62 31
61.64 44
61.66 47
61.68 43
61.7 23
61.72 24
61.74 37
61.76 26
61.78 45
61.8 30
61.82 45
61.84 39
61.86 36
61.88 27
61.9 26
61.92 34
61.94 23
61.96 34
61.98 33
62 39
62.02 31
62.04 40
62.06 47
62.08 39
62.1 36
62.12 32
62.14 46
62.16 43
62.18 32
62.2 28
62.22 33
62.24 35
62.26 32
62.28 39
62.3 43
62.32 33
62.34 43
62.36 38
62.38 34
62.4 26
62.42 37
62.44 38
62.46 31
62.48 32
62.5 39
62.52 27
62.54 44
62.56 39
62.58 33
62.6 31
62.62 32
62.64 22
62.66 33
62.68 39
62.7 39
62.72 36
62.74 43
62.76 35
62.78 44
62.8 29
62.82 39
62.84 34
62.86 30
62.88 29
62.9 49
62.92 46
62.94 47
62.96 32
62.98 41
63 44
63.02 44
63.04 40
63.06 32
63.08 29
63.1 40
63.12 34
63.14 38
63.16 36
63.18 45
63.2 36
63.22 37
63.24 24
63.26 38
63.28 38
63.3 29
63.32 38
63.34 45
63.36 37
63.38 42
63.4 30
63.42 32
63.44 43
63.46 35
63.48 41
63.5 42
63.52 37
63.54 29
63.56 40
63.58 32
63.6 26
63.62 40
63.64 29
63.66 50
63.68 32
63.7 48
63.72 36
63.74 33
63.76 48
63.78 39
63.8 44
63.82 41
63.84 40
63.86 42
63.88 30
63.9 49
63.92 42
63.94 36
63.96 29
63.98 35
64 49
64.02 40
64.04 40
64.06 55
64.08 34
64.1 46
64.12 33
64.14 39
64.16 42
64.18 45
64.2 49
64.22 37
64.24 37
64.26 33
64.28 40
64.3 42
64.32 50
64.34 45
64.36 33
64.38 50
64.4 36
64.42 36
64.44 40
64.46 38
64.48 46
64.5 39
64.52 45
64.54 41
64.56 45
64.58 34
64.6 34
64.62 45
64.64 35
64.66 34
64.68 55
64.7 40
64.72 41
64.74 43
64.76 49
64.78 42
64.8 44
64.82 54
64.84 42
64.86 43
64.88 43
64.9 38
64.92 49
64.94 50
64.96 45
64.98 53
65 55
65.02 67
65.04 62
65.06 58
65.08 47
65.1 42
65.12 47
65.14 51
65.16 57
65.18 48
65.2 35
65.22 59
65.24 55
65.26 61
65.28 53
65.3 42
65.32 54
65.34 55
65.36 54
65.38 52
65.4 54
65.42 56
65.44 50
65.46 55
65.48 53
65.5 64
65.52 53
65.54 50
65.56 53
65.58 50
65.6 59
65.62 67
65.64 45
65.66 71
65.68 66
65.7 58
65.72 46
65.74 68
65.76 49
65.78 57
65.8 71
65.82 56
65.84 52
65.86 62
65.88 75
65.9 59
65.92 67
65.94 55
65.96 58
65.98 60
66 71
66.02 67
66.04 65
66.06 67
66.08 58
66.1 62
66.12 64
66.14 68
66.16 64
66.18 77
66.2 84
66.22 70
66.24 72
66.26 80
66.28 81
66.3 78
66.32 76
66.34 77
66.36 67
66.38 87
66.4 74
66.42 87
66.44 80
66.46 77
66.48 72
66.5 89
66.52 95
66.54 103
66.56 97
66.58 84
66.6 80
66.62 75
66.64 66
66.66 79
66.68 83
66.7 82
66.72 88
66.74 101
66.76 99
66.78 95
66.8 94
66.82 87
66.84 100
66.86 82
66.88 84
66.9 69
66.92 112
66.94 81
66.96 106
66.98 95
67 111
67.02 107
67.04 98
67.06 111
67.08 117
67.1 100
67.12 115
67.14 104
67.16 105
67.18 139
67.2 118
67.22 116
67.24 108
67.26 118
67.28 111
67.3 127
67.32 120
67.34 143
67.36 118
67.38 102
67.4 128
67.42 131
67.44 127
67.46 139
67.48 126
67.5 167
67.52 130
67.54 136
67.56 111
67.58 149
67.6 150
67.62 150
67.64 136
67.66 146
67.68 163
67.7 146
67.72 168
67.74 172
67.76 138
67.78 147
67.8 158
67.82 151
67.84 163
67.86 140
67.88 160
67.9 164
67.92 151
67.94 142
67.96 159
67.98 167
68 158
68.02 184
68.04 186
68.06 183
68.08 205
68.1 183
68.12 159
68.14 201
68.16 185
68.18 174
68.2 195
68.22 202
68.24 206
68.26 183
68.28 194
68.3 186
68.32 205
68.34 182
68.36 218
68.38 231
68.4 203
68.42 207
68.44 201
68.46 205
68.48 211
68.5 214
68.52 202
68.54 207
68.56 206
68.58 210
68.6 220
68.62 225
68.64 232
68.66 253
68.68 250
68.7 252
68.72 264
68.74 300
68.76 295
68.78 313
68.8 320
68.82 339
68.84 342
68.86 360
68.88 405
68.9 426
68.92 525
68.94 578
68.96 736
68.98 933
69 1274
69.02 1793
69.04 2692
69.06 4050
69.08 4531
69.1 3887
69.12 2741
69.14 1757
69.16 1260
69.18 1010
69.2 1003
69.22 1210
69.24 1710
69.26 2288
69.28 2350
69.3 2030
69.32 1479
69.34 930
69.36 663
69.38 462
69.4 404
69.42 337
69.44 310
69.46 295
69.48 294
69.5 285
69.52 257
69.54 277
69.56 247
69.58 250
69.6 238
69.62 225
69.64 255
69.66 216
69.68 234
69.7 193
69.72 210
69.74 215
69.76 206
69.78 233
69.8 205
69.82 207
69.84 201
69.86 234
69.88 206
69.9 203
69.92 194
69.94 195
69.96 193
69.98 204
70 216
70.02 205
70.04 205
70.06 177
70.08 189
70.1 207
70.12 182
70.14 205
70.16 173
70.18 192
70.2 177
70.22 197
70.24 176
70.26 156
70.28 164
70.3 174
70.32 167
70.34 155
70.36 194
70.38 179
70.4 173
70.42 165
70.44 162
70.46 154
70.48 157
70.5 163
70.52 157
70.54 139
70.56 135
70.58 165
70.6 165
70.62 149
70.64 139
70.66 171
70.68 167
70.7 147
70.72 129
70.74 159
70.76 144
70.78 137
70.8 135
70.82 158
70.84 138
70.86 148
70.88 113
70.9 123
70.92 133
70.94 143
70.96 127
70.98 132
71 113
71.02 149
71.04 114
71.06 148
71.08 122
71.1 120
71.12 122
71.14 118
71.16 117
71.18 119
71.2 110
71.22 120
71.24 110
71.26 108
71.28 104
71.3 102
71.32 107
71.34 115
71.36 106
71.38 99
71.4 101
71.42 111
71.44 95
71.46 101
71.48 101
71.5 109
71.52 95
71.54 122
71.56 99
71.58 92
71.6 99
71.62 75
71.64 81
71.66 89
71.68 71
71.7 87
71.72 78
71.74 87
71.76 80
71.78 75
71.8 85
71.82 91
71.84 90
71.86 96
71.88 89
71.9 81
71.92 73
71.94 60
71.96 74
71.98 89
72 87
72.02 85
72.04 70
72.06 75
72.08 73
72.1 76
72.12 75
72.14 70
72.16 60
72.18 75
72.2 66
72.22 65
72.24 81
72.26 55
72.28 77
72.3 54
72.32 58
72.34 73
72.36 59
72.38 63
72.4 77
72.42 63
72.44 72
72.46 57
72.48 61
72.5 50
72.52 51
72.54 46
72.56 62
72.58 61
72.6 55
72.62 68
72.64 63
72.66 58
72.68 80
72.7 55
72.72 67
72.74 58
72.76 60
72.78 62
72.8 47
72.82 52
72.84 65
72.86 59
72.88 41
72.9 63
72.92 53
72.94 49
72.96 53
72.98 49
73 54
73.02 65
73.04 43
73.06 48
73.08 51
73.1 49
73.12 49
73.14 49
73.16 44
73.18 49
73.2 52
73.22 45
73.24 48
73.26 44
73.28 35
73.3 58
73.32 49
73.34 35
73.36 52
73.38 40
73.4 41
73.42 46
73.44 52
73.46 47
73.48 44
73.5 37
73.52 47
73.54 39
73.56 36
73.58 36
73.6 54
73.62 44
73.64 33
73.66 35
73.68 45
73.7 45
73.72 46
73.74 45
73.76 38
73.78 40
73.8 38
73.82 41
73.84 41
73.86 45
73.88 54
73.9 46
73.92 33
73.94 50
73.96 48
73.98 33
74 32
74.02 43
74.04 34
74.06 35
74.08 47
74.1 42
74.12 47
74.14 39
74.16 40
74.18 39
74.2 30
74.22 41
74.24 39
74.26 44
74.28 33
74.3 38
74.32 33
74.34 25
74.36 29
74.38 32
74.4 38
74.42 43
74.44 28
74.46 33
74.48 36
74.5 41
74.52 35
74.54 38
74.56 32
74.58 30
74.6 29
74.62 29
74.64 31
74.66 34
74.68 41
74.7 38
74.72 23
74.74 41
74.76 48
74.78 33
74.8 28
74.82 26
74.84 33
74.86 25
74.88 32
74.9 35
74.92 34
74.94 32
74.96 37
74.98 34
75 22
75.02 33
75.04 25
75.06 23
75.08 36
75.1 28
75.12 31
75.14 26
75.16 33
75.18 29
75.2 25
75.22 31
75.24 31
75.26 26
75.28 22
75.3 30
75.32 20
75.34 26
75.36 32
75.38 21
75.4 28
75.42 24
75.44 17
75.46 36
75.48 26
75.5 21
75.52 32
75.54 20
75.56 24
75.58 18
75.6 23
75.62 26
75.64 26
75.66 32
75.68 31
75.7 24
75.72 16
75.74 27
75.76 27
75.78 26
75.8 30
75.82 29
75.84 29
75.86 14
75.88 27
75.9 25
75.92 33
75.94 31
75.96 22
75.98 20
76 25
76.02 30
76.04 29
76.06 19
76.08 30
76.1 19
76.12 25
76.14 29
76.16 31
76.18 21
76.2 26
76.22 26
76.24 18
76.26 23
76.28 22
76.3 22
76.32 18
76.34 28
76.36 29
76.38 24
76.4 19
76.42 30
76.44 24
76.46 27
76.48 22
76.5 27
76.52 34
76.54 28
76.56 21
76.58 24
76.6 28
76.62 23
76.64 33
76.66 25
76.68 23
76.7 24
76.72 27
76.74 30
76.76 28
76.78 23
76.8 31
76.82 31
76.84 29
76.86 26
76.88 26
76.9 19
76.92 17
76.94 17
76.96 20
76.98 22
77 25
77.02 19
77.04 21
77.06 31
77.08 24
77.1 27
77.12 27
77.14 19
77.16 18
77.18 24
77.2 26
77.22 24
77.24 23
77.26 24
77.28 21
77.3 22
77.32 27
77.34 24
77.36 23
77.38 13
77.4 28
77.42 18
77.44 17
77.46 20
77.48 24
77.5 20
77.52 24
77.54 25
77.56 30
77.58 24
77.6 23
77.62 29
77.64 14
77.66 24
77.68 28
77.7 27
77.72 24
77.74 25
77.76 17
77.78 30
77.8 15
77.82 24
77.84 23
77.86 17
77.88 29
77.9 30
77.92 25
77.94 26
77.96 15
77.98 25
78 20
78.02 22
78.04 22
78.06 26
78.08 19
78.1 27
78.12 23
78.14 22
78.16 24
78.18 22
78.2 17
78.22 23
78.24 13
78.26 20
78.28 19
78.3 26
78.32 17
78.34 28
78.36 13
78.38 27
78.4 20
78.42 14
78.44 19
78.46 22
78.48 21
78.5 21
78.52 19
78.54 25
78.56 20
78.58 19
78.6 27
78.62 31
78.64 26
78.66 15
78.68 10
78.7 20
78.72 16
78.74 23
78.76 16
78.78 24
78.8 16
78.82 22
78.84 16
78.86 24
78.88 14
78.9 16
78.92 17
78.94 12
78.96 26
78.98 15
79 17
79.02 24
79.04 26
79.06 19
79.08 24
79.1 23
79.12 29
79.14 25
79.16 18
79.18 26
79.2 19
79.22 21
79.24 20
79.26 20
79.28 17
79.3 24
79.32 22
79.34 23
79.36 15
79.38 22
79.4 21
79.42 20
79.44 16
79.46 26
79.48 18
79.5 24
79.52 14
79.54 17
79.56 22
79.58 21
79.6 12
79.62 17
79.64 16
79.66 16
79.68 16
79.7 17
79.72 8
79.74 12
79.76 21
79.78 11
79.8 16
79.82 28
79.84 12
79.86 11
79.88 26
79.9 25
79.92 20
79.94 16
79.96 14
79.98 25
80 16
80.02 22
80.04 18
80.06 15
80.08 16
80.1 15
80.12 20
80.14 17
80.16 17
80.18 18
80.2 25
80.22 14
80.24 17
80.26 25
80.28 20
80.3 22
80.32 11
80.34 31
80.36 16
80.38 24
80.4 20
80.42 20
80.44 20
80.46 16
80.48 17
80.5 16
80.52 18
80.54 18
80.56 16
80.58 12
80.6 14
80.62 14
80.64 23
80.66 18
80.68 23
80.7 18
80.72 17
80.74 20
80.76 27
80.78 15
80.8 26
80.82 19
80.84 18
80.86 26
80.88 20
80.9 15
80.92 23
80.94 17
80.96 17
80.98 25
81 16
81.02 19
81.04 23
81.06 27
81.08 21
81.1 19
81.12 23
81.14 18
81.16 16
81.18 18
81.2 19
81.22 20
81.24 13
81.26 16
81.28 21
81.3 22
81.32 18
81.34 12
81.36 21
81.38 16
81.4 21
81.42 10
81.44 21
81.46 18
81.48 18
81.5 19
81.52 17
81.54 9
81.56 19
81.58 10
81.6 22
81.62 17
81.64 19
81.66 17
81.68 10
81.7 21
81.72 17
81.74 9
81.76 16
81.78 11
81.8 17
81.82 18
81.84 18
81.86 12
81.88 11
81.9 16
81.92 18
81.94 12
81.96 16
81.98 22
82 18
82.02 20
82.04 16
82.06 16
82.08 5
82.1 9
82.12 17
82.14 12
82.16 21
82.18 16
82.2 19
82.22 16
82.24 16
82.26 15
82.28 9
82.3 22
82.32 19
82.34 22
82.36 14
82.38 16
82.4 13
82.42 12
82.44 23
82.46 19
82.48 10
82.5 13
82.52 15
82.54 20
82.56 8
82.58 26
82.6 23
82.62 13
82.64 13
82.66 11
82.68 17
82.7 18
82.72 26
82.74 14
82.76 17
82.78 19
82.8 24
82.82 19
82.84 12
82.86 11
82.88 14
82.9 14
82.92 17
82.94 14
82.96 17
82.98 18
83 11
83.02 9
83.04 26
83.06 12
83.08 22
83.1 25
83.12 11
83.14 14
83.16 13
83.18 17
83.2 12
83.22 19
83.24 20
83.26 20
83.28 16
83.3 21
83.32 29
83.34 13
83.36 12
83.38 18
83.4 11
83.42 14
83.44 19
83.46 9
83.48 13
83.5 13
83.52 17
83.54 23
83.56 13
83.58 26
83.6 22
83.62 14
83.64 18
83.66 13
83.68 14
83.7 16
83.72 12
83.74 16
83.76 20
83.78 13
83.8 16
83.82 17
83.84 20
83.86 22
83.88 21
83.9 9
83.92 13
83.94 14
83.96 14
83.98 21
84 13
84.02 12
84.04 11
84.06 21
84.08 12
84.1 16
84.12 16
84.14 12
84.16 12
84.18 22
84.2 12
84.22 16
84.24 16
84.26 13
84.28 22
84.3 17
84.32 10
84.34 18
84.36 19
84.38 10
84.4 20
84.42 19
84.44 16
84.46 13
84.48 15
84.5 24
84.52 14
84.54 17
84.56 18
84.58 20
84.6 15
84.62 12
84.64 15
84.66 12
84.68 11
84.7 14
84.72 17
84.74 13
84.76 17
84.78 21
84.8 11
84.82 16
84.84 13
84.86 13
84.88 14
84.9 17
84.92 16
84.94 17
84.96 16
84.98 17
85 13
85.02 13
85.04 18
85.06 18
85.08 11
85.1 18
85.12 11
85.14 19
85.16 25
85.18 14
85.2 18
85.22 16
85.24 16
85.26 12
85.28 18
85.3 13
85.32 14
85.34 16
85.36 10
85.38 13
85.4 13
85.42 16
85.44 16
85.46 20
85.48 21
85.5 10
85.52 21
85.54 16
85.56 18
85.58 18
85.6 13
85.62 24
85.64 17
85.66 19
85.68 20
85.7 21
85.72 13
85.74 10
85.76 14
85.78 15
85.8 11
85.82 21
85.84 16
85.86 8
85.88 16
85.9 14
85.92 16
85.94 8
85.96 19
85.98 17
86 9
86.02 13
86.04 15
86.06 14
86.08 11
86.1 12
86.12 15
86.14 22
86.16 17
86.18 22
86.2 21
86.22 16
86.24 13
86.26 8
86.28 10
86.3 12
86.32 13
86.34 12
86.36 19
86.38 15
86.4 15
86.42 21
86.44 20
86.46 11
86.48 15
86.5 19
86.52 20
86.54 12
86.56 17
86.58 12
86.6 11
86.62 12
86.64 18
86.66 18
86.68 11
86.7 15
86.72 20
86.74 24
86.76 13
86.78 10
86.8 15
86.82 8
86.84 13
86.86 11
86.88 17
86.9 19
86.92 14
86.94 7
86.96 17
86.98 11
87 12
87.02 15
87.04 13
87.06 13
87.08 16
87.1 9
87.12 17
87.14 12
87.16 11
87.18 11
87.2 20
87.22 8
87.24 20
87.26 19
87.28 13
87.3 11
87.32 12
87.34 13
87.36 12
87.38 14
87.4 12
87.42 13
87.44 25
87.46 11
87.48 15
87.5 16
87.52 13
87.54 14
87.56 13
87.58 9
87.6 11
87.62 16
87.64 7
87.66 15
87.68 11
87.7 9
87.72 12
87.74 17
87.76 15
87.78 16
87.8 12
87.82 13
87.84 17
87.86 12
87.88 16
87.9 13
87.92 22
87.94 14
87.96 20
87.98 16
88 15
88.02 10
88.04 6
88.06 7
88.08 16
88.1 6
88.12 13
88.14 17
88.16 11
88.18 16
88.2 20
88.22 16
88.24 15
88.26 12
88.28 15
88.3 12
88.32 9
88.34 14
88.36 11
88.38 12
88.4 15
88.42 14
88.44 15
88.46 9
88.48 14
88.5 15
88.52 13
88.54 12
88.56 14
88.58 13
88.6 17
88.62 20
88.64 13
88.66 15
88.68 11
88.7 14
88.72 14
88.74 18
88.76 15
88.78 21
88.8 11
88.82 15
88.84 6
88.86 16
88.88 13
88.9 7
88.92 12
88.94 7
88.96 10
88.98 13
89 22
89.02 14
89.04 12
89.06 13
89.08 15
89.1 13
89.12 17
89.14 14
89.16 6
89.18 15
89.2 18
89.22 11
89.24 11
89.26 19
89.28 18
89.3 15
89.32 13
89.34 12
89.36 12
89.38 14
89.4 11
89.42 9
89.44 12
89.46 15
89.48 14
89.5 14
89.52 10
89.54 11
89.56 13
89.58 21
89.6 10
89.62 12
89.64 16
89.66 16
89.68 12
89.7 12
89.72 8
89.74 14
89.76 17
89.78 15
89.8 19
89.82 15
89.84 14
89.86 16
89.88 14
89.9 17
89.92 12
89.94 18
89.96 10
89.98 6
90 9
