Sample Si_wefer
Comments rapid
Filename C:\WINDMAX\DATA\SHIMANO\XRD20190306\Si_wefer_20190122.raw
Goniometer TTRáV êÖïΩ∫ﬁ∆µ“∞¿(Tsé≤éËìÆ,ADS)
Attachment ïWèÄééóøŒŸ¿ﬁ∞
Monochromater å≈íË”…∏€“∞¿
ScanningMode 2Theta/Theta
ScanningType Continuos Scanning
X-Ray 40kV/300mA
î≠éUΩÿØƒ 2/3Åã
î≠éUècêßå¿ΩÿØƒ 2mm
éUóêΩÿØƒ 2/3Åã
éÛåıΩÿØƒ 0.3mm
±Ø√»∞¿ äJï˙
”…∏€éÛåıΩÿØƒ 0.8mm
Start 10
Stop 90
Step 0.02
10 22
10.02 27
10.04 34
10.06 37
10.08 36
10.1 27
10.12 23
10.14 30
10.16 32
10.18 34
10.2 35
10.22 31
10.24 24
10.26 36
10.28 41
10.3 27
10.32 38
10.34 29
10.36 35
10.38 37
10.4 31
10.42 23
10.44 34
10.46 23
10.48 36
10.5 36
10.52 30
10.54 29
10.56 36
10.58 34
10.6 29
10.62 37
10.64 24
10.66 23
10.68 36
10.7 22
10.72 16
10.74 21
10.76 29
10.78 40
10.8 28
10.82 23
10.84 30
10.86 29
10.88 43
10.9 21
10.92 32
10.94 30
10.96 33
10.98 26
11 28
11.02 35
11.04 30
11.06 34
11.08 23
11.1 25
11.12 26
11.14 32
11.16 29
11.18 30
11.2 27
11.22 35
11.24 38
11.26 27
11.28 34
11.3 24
11.32 28
11.34 30
11.36 32
11.38 22
11.4 19
11.42 22
11.44 22
11.46 24
11.48 27
11.5 18
11.52 25
11.54 25
11.56 36
11.58 25
11.6 29
11.62 23
11.64 21
11.66 39
11.68 28
11.7 22
11.72 39
11.74 27
11.76 26
11.78 27
11.8 20
11.82 44
11.84 22
11.86 29
11.88 31
11.9 23
11.92 33
11.94 23
11.96 22
11.98 25
12 26
12.02 29
12.04 22
12.06 18
12.08 28
12.1 22
12.12 29
12.14 30
12.16 21
12.18 27
12.2 39
12.22 19
12.24 32
12.26 24
12.28 26
12.3 24
12.32 30
12.34 25
12.36 33
12.38 34
12.4 23
12.42 20
12.44 28
12.46 30
12.48 15
12.5 20
12.52 21
12.54 26
12.56 29
12.58 28
12.6 35
12.62 29
12.64 31
12.66 30
12.68 16
12.7 22
12.72 28
12.74 19
12.76 28
12.78 37
12.8 26
12.82 23
12.84 26
12.86 24
12.88 27
12.9 27
12.92 28
12.94 21
12.96 18
12.98 30
13 20
13.02 22
13.04 19
13.06 20
13.08 24
13.1 17
13.12 25
13.14 17
13.16 30
13.18 27
13.2 21
13.22 19
13.24 25
13.26 16
13.28 25
13.3 23
13.32 14
13.34 31
13.36 23
13.38 23
13.4 29
13.42 21
13.44 37
13.46 21
13.48 22
13.5 23
13.52 15
13.54 25
13.56 27
13.58 23
13.6 20
13.62 12
13.64 28
13.66 20
13.68 26
13.7 22
13.72 29
13.74 34
13.76 25
13.78 21
13.8 25
13.82 30
13.84 31
13.86 30
13.88 29
13.9 24
13.92 29
13.94 34
13.96 27
13.98 26
14 18
14.02 21
14.04 25
14.06 20
14.08 24
14.1 25
14.12 23
14.14 17
14.16 21
14.18 24
14.2 34
14.22 20
14.24 25
14.26 26
14.28 26
14.3 23
14.32 25
14.34 24
14.36 19
14.38 25
14.4 20
14.42 22
14.44 17
14.46 20
14.48 25
14.5 20
14.52 16
14.54 25
14.56 21
14.58 26
14.6 19
14.62 29
14.64 25
14.66 22
14.68 26
14.7 30
14.72 20
14.74 27
14.76 23
14.78 23
14.8 16
14.82 25
14.84 22
14.86 29
14.88 19
14.9 21
14.92 20
14.94 24
14.96 20
14.98 20
15 20
15.02 25
15.04 25
15.06 21
15.08 25
15.1 23
15.12 23
15.14 20
15.16 18
15.18 19
15.2 30
15.22 20
15.24 23
15.26 25
15.28 16
15.3 19
15.32 19
15.34 24
15.36 27
15.38 24
15.4 19
15.42 23
15.44 19
15.46 24
15.48 25
15.5 14
15.52 13
15.54 16
15.56 21
15.58 18
15.6 25
15.62 22
15.64 27
15.66 22
15.68 19
15.7 24
15.72 24
15.74 15
15.76 17
15.78 17
15.8 28
15.82 30
15.84 23
15.86 28
15.88 21
15.9 22
15.92 22
15.94 17
15.96 32
15.98 22
16 18
16.02 32
16.04 13
16.06 22
16.08 17
16.1 24
16.12 21
16.14 23
16.16 23
16.18 23
16.2 23
16.22 17
16.24 21
16.26 15
16.28 18
16.3 28
16.32 26
16.34 20
16.36 31
16.38 24
16.4 20
16.42 26
16.44 29
16.46 31
16.48 26
16.5 28
16.52 29
16.54 22
16.56 24
16.58 26
16.6 22
16.62 19
16.64 17
16.66 31
16.68 24
16.7 25
16.72 25
16.74 23
16.76 30
16.78 30
16.8 21
16.82 15
16.84 29
16.86 22
16.88 24
16.9 22
16.92 29
16.94 19
16.96 21
16.98 25
17 20
17.02 19
17.04 24
17.06 15
17.08 22
17.1 21
17.12 26
17.14 28
17.16 26
17.18 24
17.2 28
17.22 21
17.24 27
17.26 19
17.28 23
17.3 23
17.32 26
17.34 19
17.36 18
17.38 21
17.4 23
17.42 26
17.44 20
17.46 22
17.48 26
17.5 23
17.52 26
17.54 27
17.56 20
17.58 25
17.6 16
17.62 31
17.64 23
17.66 21
17.68 26
17.7 27
17.72 22
17.74 17
17.76 22
17.78 26
17.8 27
17.82 23
17.84 26
17.86 30
17.88 14
17.9 25
17.92 24
17.94 13
17.96 12
17.98 23
18 16
18.02 24
18.04 23
18.06 23
18.08 24
18.1 18
18.12 24
18.14 28
18.16 30
18.18 22
18.2 14
18.22 31
18.24 18
18.26 20
18.28 27
18.3 22
18.32 13
18.34 16
18.36 28
18.38 22
18.4 25
18.42 31
18.44 13
18.46 24
18.48 19
18.5 28
18.52 15
18.54 30
18.56 16
18.58 13
18.6 17
18.62 26
18.64 24
18.66 21
18.68 16
18.7 21
18.72 13
18.74 28
18.76 26
18.78 25
18.8 25
18.82 27
18.84 36
18.86 21
18.88 22
18.9 29
18.92 17
18.94 27
18.96 18
18.98 29
19 29
19.02 26
19.04 27
19.06 20
19.08 19
19.1 31
19.12 25
19.14 22
19.16 14
19.18 17
19.2 25
19.22 22
19.24 20
19.26 18
19.28 22
19.3 28
19.32 23
19.34 20
19.36 27
19.38 19
19.4 22
19.42 26
19.44 21
19.46 12
19.48 27
19.5 22
19.52 29
19.54 18
19.56 24
19.58 15
19.6 30
19.62 25
19.64 26
19.66 34
19.68 29
19.7 19
19.72 23
19.74 29
19.76 16
19.78 18
19.8 20
19.82 18
19.84 21
19.86 14
19.88 24
19.9 42
19.92 21
19.94 22
19.96 29
19.98 22
20 22
20.02 27
20.04 28
20.06 26
20.08 29
20.1 31
20.12 30
20.14 34
20.16 25
20.18 19
20.2 34
20.22 26
20.24 24
20.26 20
20.28 21
20.3 22
20.32 36
20.34 22
20.36 23
20.38 23
20.4 26
20.42 17
20.44 20
20.46 29
20.48 22
20.5 22
20.52 24
20.54 29
20.56 25
20.58 15
20.6 30
20.62 25
20.64 21
20.66 31
20.68 21
20.7 25
20.72 24
20.74 17
20.76 24
20.78 23
20.8 26
20.82 18
20.84 33
20.86 22
20.88 25
20.9 28
20.92 26
20.94 26
20.96 24
20.98 23
21 29
21.02 26
21.04 21
21.06 40
21.08 25
21.1 25
21.12 23
21.14 21
21.16 15
21.18 22
21.2 24
21.22 30
21.24 29
21.26 26
21.28 28
21.3 28
21.32 27
21.34 27
21.36 34
21.38 27
21.4 28
21.42 28
21.44 32
21.46 23
21.48 22
21.5 26
21.52 18
21.54 20
21.56 28
21.58 32
21.6 24
21.62 24
21.64 24
21.66 28
21.68 33
21.7 32
21.72 31
21.74 28
21.76 23
21.78 24
21.8 25
21.82 26
21.84 26
21.86 27
21.88 16
21.9 19
21.92 24
21.94 25
21.96 32
21.98 25
22 36
22.02 22
22.04 26
22.06 31
22.08 33
22.1 25
22.12 36
22.14 22
22.16 30
22.18 37
22.2 24
22.22 20
22.24 31
22.26 32
22.28 34
22.3 40
22.32 31
22.34 26
22.36 28
22.38 32
22.4 22
22.42 17
22.44 25
22.46 27
22.48 28
22.5 21
22.52 22
22.54 34
22.56 29
22.58 35
22.6 37
22.62 31
22.64 23
22.66 21
22.68 25
22.7 35
22.72 30
22.74 21
22.76 24
22.78 38
22.8 23
22.82 31
22.84 18
22.86 22
22.88 30
22.9 22
22.92 20
22.94 31
22.96 31
22.98 31
23 20
23.02 27
23.04 25
23.06 26
23.08 24
23.1 29
23.12 21
23.14 31
23.16 28
23.18 30
23.2 34
23.22 25
23.24 40
23.26 39
23.28 36
23.3 32
23.32 37
23.34 24
23.36 30
23.38 24
23.4 34
23.42 33
23.44 18
23.46 22
23.48 30
23.5 29
23.52 20
23.54 24
23.56 24
23.58 34
23.6 27
23.62 24
23.64 28
23.66 33
23.68 35
23.7 25
23.72 21
23.74 30
23.76 29
23.78 42
23.8 37
23.82 21
23.84 31
23.86 33
23.88 28
23.9 38
23.92 19
23.94 30
23.96 29
23.98 33
24 27
24.02 33
24.04 20
24.06 33
24.08 28
24.1 31
24.12 27
24.14 25
24.16 27
24.18 42
24.2 26
24.22 31
24.24 26
24.26 23
24.28 38
24.3 37
24.32 32
24.34 29
24.36 21
24.38 40
24.4 29
24.42 29
24.44 33
24.46 24
24.48 28
24.5 38
24.52 21
24.54 33
24.56 32
24.58 27
24.6 31
24.62 24
24.64 25
24.66 40
24.68 27
24.7 34
24.72 20
24.74 25
24.76 23
24.78 24
24.8 32
24.82 26
24.84 41
24.86 29
24.88 34
24.9 29
24.92 28
24.94 22
24.96 30
24.98 27
25 37
25.02 31
25.04 26
25.06 22
25.08 23
25.1 23
25.12 37
25.14 29
25.16 30
25.18 22
25.2 25
25.22 31
25.24 27
25.26 30
25.28 24
25.3 26
25.32 31
25.34 23
25.36 40
25.38 29
25.4 25
25.42 26
25.44 34
25.46 27
25.48 30
25.5 35
25.52 39
25.54 31
25.56 22
25.58 27
25.6 30
25.62 16
25.64 29
25.66 33
25.68 29
25.7 29
25.72 32
25.74 28
25.76 38
25.78 30
25.8 22
25.82 33
25.84 28
25.86 35
25.88 30
25.9 32
25.92 35
25.94 34
25.96 31
25.98 29
26 41
26.02 29
26.04 36
26.06 34
26.08 28
26.1 40
26.12 34
26.14 32
26.16 33
26.18 33
26.2 31
26.22 31
26.24 35
26.26 32
26.28 32
26.3 29
26.32 23
26.34 40
26.36 29
26.38 38
26.4 23
26.42 33
26.44 40
26.46 29
26.48 34
26.5 31
26.52 31
26.54 34
26.56 24
26.58 32
26.6 39
26.62 27
26.64 33
26.66 26
26.68 28
26.7 24
26.72 28
26.74 30
26.76 19
26.78 24
26.8 26
26.82 26
26.84 44
26.86 32
26.88 27
26.9 36
26.92 39
26.94 32
26.96 31
26.98 32
27 32
27.02 36
27.04 27
27.06 34
27.08 30
27.1 28
27.12 34
27.14 31
27.16 31
27.18 25
27.2 28
27.22 32
27.24 31
27.26 35
27.28 24
27.3 26
27.32 33
27.34 29
27.36 26
27.38 35
27.4 27
27.42 41
27.44 30
27.46 33
27.48 30
27.5 30
27.52 28
27.54 26
27.56 24
27.58 28
27.6 40
27.62 37
27.64 32
27.66 31
27.68 35
27.7 35
27.72 28
27.74 36
27.76 27
27.78 39
27.8 22
27.82 23
27.84 21
27.86 20
27.88 35
27.9 31
27.92 26
27.94 37
27.96 26
27.98 27
28 43
28.02 32
28.04 38
28.06 44
28.08 36
28.1 28
28.12 27
28.14 46
28.16 27
28.18 28
28.2 34
28.22 39
28.24 35
28.26 34
28.28 27
28.3 20
28.32 28
28.34 29
28.36 36
28.38 46
28.4 35
28.42 27
28.44 33
28.46 32
28.48 28
28.5 26
28.52 25
28.54 32
28.56 34
28.58 28
28.6 37
28.62 40
28.64 34
28.66 31
28.68 24
28.7 31
28.72 31
28.74 19
28.76 29
28.78 26
28.8 33
28.82 26
28.84 20
28.86 35
28.88 32
28.9 27
28.92 32
28.94 29
28.96 28
28.98 29
29 33
29.02 30
29.04 36
29.06 27
29.08 28
29.1 29
29.12 37
29.14 27
29.16 29
29.18 31
29.2 33
29.22 31
29.24 34
29.26 29
29.28 37
29.3 28
29.32 26
29.34 22
29.36 28
29.38 31
29.4 34
29.42 32
29.44 24
29.46 31
29.48 29
29.5 31
29.52 32
29.54 36
29.56 31
29.58 28
29.6 26
29.62 25
29.64 29
29.66 26
29.68 27
29.7 35
29.72 22
29.74 28
29.76 20
29.78 22
29.8 32
29.82 30
29.84 20
29.86 38
29.88 36
29.9 31
29.92 45
29.94 23
29.96 27
29.98 24
30 28
30.02 32
30.04 25
30.06 35
30.08 31
30.1 36
30.12 31
30.14 26
30.16 37
30.18 31
30.2 33
30.22 34
30.24 33
30.26 21
30.28 24
30.3 25
30.32 32
30.34 33
30.36 26
30.38 27
30.4 24
30.42 22
30.44 24
30.46 37
30.48 22
30.5 23
30.52 33
30.54 26
30.56 25
30.58 9
30.6 28
30.62 32
30.64 26
30.66 29
30.68 30
30.7 28
30.72 22
30.74 25
30.76 24
30.78 28
30.8 36
30.82 30
30.84 27
30.86 18
30.88 35
30.9 30
30.92 32
30.94 30
30.96 28
30.98 24
31 22
31.02 23
31.04 26
31.06 28
31.08 27
31.1 22
31.12 23
31.14 31
31.16 23
31.18 25
31.2 19
31.22 26
31.24 21
31.26 21
31.28 20
31.3 29
31.32 31
31.34 31
31.36 24
31.38 31
31.4 26
31.42 23
31.44 28
31.46 27
31.48 21
31.5 32
31.52 26
31.54 26
31.56 20
31.58 26
31.6 21
31.62 22
31.64 31
31.66 31
31.68 18
31.7 33
31.72 25
31.74 26
31.76 24
31.78 24
31.8 14
31.82 31
31.84 19
31.86 15
31.88 25
31.9 21
31.92 21
31.94 28
31.96 29
31.98 28
32 26
32.02 20
32.04 22
32.06 25
32.08 27
32.1 21
32.12 25
32.14 22
32.16 23
32.18 21
32.2 26
32.22 34
32.24 20
32.26 22
32.28 25
32.3 33
32.32 19
32.34 29
32.36 25
32.38 22
32.4 21
32.42 24
32.44 23
32.46 21
32.48 21
32.5 22
32.52 16
32.54 32
32.56 19
32.58 25
32.6 26
32.62 16
32.64 19
32.66 17
32.68 22
32.7 32
32.72 26
32.74 20
32.76 33
32.78 21
32.8 24
32.82 26
32.84 23
32.86 27
32.88 27
32.9 18
32.92 18
32.94 29
32.96 22
32.98 22
33 30
33.02 35
33.04 34
33.06 28
33.08 19
33.1 20
33.12 13
33.14 29
33.16 20
33.18 32
33.2 20
33.22 25
33.24 17
33.26 32
33.28 21
33.3 24
33.32 29
33.34 27
33.36 28
33.38 25
33.4 15
33.42 15
33.44 20
33.46 15
33.48 25
33.5 17
33.52 19
33.54 22
33.56 18
33.58 28
33.6 17
33.62 21
33.64 13
33.66 22
33.68 22
33.7 19
33.72 14
33.74 24
33.76 20
33.78 22
33.8 22
33.82 25
33.84 23
33.86 24
33.88 17
33.9 15
33.92 16
33.94 21
33.96 25
33.98 15
34 16
34.02 36
34.04 30
34.06 35
34.08 22
34.1 26
34.12 18
34.14 24
34.16 14
34.18 22
34.2 19
34.22 28
34.24 14
34.26 18
34.28 16
34.3 20
34.32 21
34.34 13
34.36 23
34.38 22
34.4 21
34.42 16
34.44 26
34.46 20
34.48 22
34.5 25
34.52 11
34.54 23
34.56 16
34.58 23
34.6 21
34.62 15
34.64 21
34.66 15
34.68 21
34.7 17
34.72 24
34.74 17
34.76 18
34.78 16
34.8 27
34.82 9
34.84 17
34.86 18
34.88 12
34.9 28
34.92 17
34.94 19
34.96 19
34.98 10
35 17
35.02 19
35.04 21
35.06 16
35.08 28
35.1 13
35.12 21
35.14 16
35.16 25
35.18 13
35.2 19
35.22 9
35.24 18
35.26 12
35.28 18
35.3 21
35.32 13
35.34 11
35.36 12
35.38 17
35.4 22
35.42 24
35.44 15
35.46 20
35.48 19
35.5 24
35.52 21
35.54 19
35.56 18
35.58 26
35.6 16
35.62 19
35.64 26
35.66 26
35.68 15
35.7 15
35.72 19
35.74 13
35.76 18
35.78 19
35.8 15
35.82 24
35.84 11
35.86 15
35.88 25
35.9 16
35.92 22
35.94 15
35.96 20
35.98 19
36 28
36.02 9
36.04 18
36.06 18
36.08 16
36.1 16
36.12 16
36.14 22
36.16 12
36.18 11
36.2 21
36.22 14
36.24 13
36.26 17
36.28 12
36.3 20
36.32 20
36.34 20
36.36 22
36.38 13
36.4 14
36.42 13
36.44 8
36.46 13
36.48 13
36.5 23
36.52 11
36.54 17
36.56 18
36.58 18
36.6 12
36.62 20
36.64 12
36.66 12
36.68 13
36.7 7
36.72 13
36.74 19
36.76 18
36.78 14
36.8 18
36.82 16
36.84 13
36.86 24
36.88 13
36.9 22
36.92 13
36.94 11
36.96 11
36.98 9
37 14
37.02 14
37.04 18
37.06 21
37.08 15
37.1 13
37.12 17
37.14 14
37.16 13
37.18 17
37.2 12
37.22 10
37.24 9
37.26 21
37.28 15
37.3 25
37.32 14
37.34 9
37.36 11
37.38 12
37.4 21
37.42 14
37.44 10
37.46 10
37.48 19
37.5 15
37.52 13
37.54 11
37.56 11
37.58 8
37.6 17
37.62 13
37.64 12
37.66 18
37.68 13
37.7 10
37.72 12
37.74 14
37.76 20
37.78 14
37.8 10
37.82 12
37.84 11
37.86 10
37.88 12
37.9 18
37.92 7
37.94 16
37.96 14
37.98 9
38 11
38.02 18
38.04 12
38.06 14
38.08 16
38.1 11
38.12 12
38.14 20
38.16 12
38.18 12
38.2 14
38.22 10
38.24 17
38.26 18
38.28 13
38.3 9
38.32 16
38.34 9
38.36 15
38.38 15
38.4 13
38.42 12
38.44 13
38.46 16
38.48 13
38.5 11
38.52 15
38.54 10
38.56 10
38.58 14
38.6 19
38.62 12
38.64 17
38.66 8
38.68 10
38.7 13
38.72 19
38.74 14
38.76 16
38.78 21
38.8 16
38.82 19
38.84 7
38.86 16
38.88 14
38.9 15
38.92 10
38.94 10
38.96 19
38.98 11
39 19
39.02 17
39.04 10
39.06 13
39.08 9
39.1 4
39.12 13
39.14 9
39.16 7
39.18 15
39.2 11
39.22 14
39.24 7
39.26 11
39.28 15
39.3 10
39.32 9
39.34 14
39.36 16
39.38 8
39.4 14
39.42 7
39.44 13
39.46 12
39.48 13
39.5 12
39.52 10
39.54 15
39.56 15
39.58 15
39.6 10
39.62 8
39.64 16
39.66 10
39.68 12
39.7 10
39.72 11
39.74 13
39.76 14
39.78 11
39.8 10
39.82 10
39.84 12
39.86 17
39.88 12
39.9 15
39.92 13
39.94 13
39.96 15
39.98 11
40 10
40.02 11
40.04 11
40.06 11
40.08 13
40.1 12
40.12 11
40.14 10
40.16 10
40.18 10
40.2 14
40.22 15
40.24 15
40.26 10
40.28 13
40.3 14
40.32 9
40.34 11
40.36 15
40.38 19
40.4 11
40.42 12
40.44 16
40.46 15
40.48 8
40.5 15
40.52 8
40.54 15
40.56 4
40.58 16
40.6 15
40.62 9
40.64 19
40.66 11
40.68 11
40.7 12
40.72 15
40.74 17
40.76 12
40.78 5
40.8 18
40.82 14
40.84 10
40.86 21
40.88 13
40.9 10
40.92 10
40.94 15
40.96 15
40.98 9
41 9
41.02 9
41.04 9
41.06 10
41.08 14
41.1 17
41.12 15
41.14 14
41.16 9
41.18 13
41.2 21
41.22 11
41.24 18
41.26 11
41.28 12
41.3 11
41.32 12
41.34 15
41.36 7
41.38 13
41.4 9
41.42 16
41.44 11
41.46 12
41.48 7
41.5 7
41.52 10
41.54 14
41.56 9
41.58 12
41.6 15
41.62 13
41.64 13
41.66 8
41.68 10
41.7 14
41.72 8
41.74 6
41.76 8
41.78 10
41.8 12
41.82 17
41.84 12
41.86 9
41.88 7
41.9 9
41.92 17
41.94 14
41.96 9
41.98 9
42 15
42.02 8
42.04 6
42.06 11
42.08 9
42.1 16
42.12 10
42.14 8
42.16 9
42.18 15
42.2 11
42.22 15
42.24 16
42.26 7
42.28 9
42.3 10
42.32 7
42.34 15
42.36 14
42.38 17
42.4 15
42.42 14
42.44 12
42.46 4
42.48 20
42.5 7
42.52 13
42.54 8
42.56 14
42.58 11
42.6 9
42.62 6
42.64 16
42.66 9
42.68 18
42.7 9
42.72 19
42.74 17
42.76 6
42.78 13
42.8 12
42.82 10
42.84 10
42.86 7
42.88 15
42.9 7
42.92 13
42.94 11
42.96 13
42.98 15
43 8
43.02 9
43.04 18
43.06 11
43.08 12
43.1 12
43.12 5
43.14 13
43.16 12
43.18 12
43.2 9
43.22 15
43.24 8
43.26 12
43.28 14
43.3 9
43.32 8
43.34 6
43.36 11
43.38 8
43.4 15
43.42 10
43.44 10
43.46 10
43.48 11
43.5 14
43.52 10
43.54 14
43.56 17
43.58 9
43.6 10
43.62 9
43.64 10
43.66 16
43.68 7
43.7 13
43.72 5
43.74 9
43.76 7
43.78 9
43.8 13
43.82 21
43.84 12
43.86 7
43.88 8
43.9 16
43.92 12
43.94 12
43.96 13
43.98 8
44 11
44.02 13
44.04 12
44.06 12
44.08 16
44.1 13
44.12 9
44.14 7
44.16 9
44.18 10
44.2 13
44.22 18
44.24 7
44.26 11
44.28 7
44.3 8
44.32 9
44.34 13
44.36 14
44.38 15
44.4 15
44.42 24
44.44 17
44.46 12
44.48 11
44.5 12
44.52 19
44.54 13
44.56 16
44.58 5
44.6 14
44.62 12
44.64 10
44.66 6
44.68 18
44.7 7
44.72 8
44.74 14
44.76 16
44.78 10
44.8 13
44.82 13
44.84 13
44.86 9
44.88 9
44.9 13
44.92 13
44.94 11
44.96 9
44.98 12
45 9
45.02 16
45.04 9
45.06 6
45.08 10
45.1 6
45.12 12
45.14 16
45.16 13
45.18 7
45.2 16
45.22 12
45.24 14
45.26 12
45.28 12
45.3 7
45.32 11
45.34 7
45.36 18
45.38 10
45.4 9
45.42 12
45.44 15
45.46 4
45.48 8
45.5 7
45.52 7
45.54 10
45.56 10
45.58 10
45.6 12
45.62 10
45.64 9
45.66 8
45.68 8
45.7 5
45.72 4
45.74 3
45.76 8
45.78 11
45.8 4
45.82 11
45.84 7
45.86 4
45.88 12
45.9 10
45.92 13
45.94 10
45.96 11
45.98 9
46 5
46.02 13
46.04 8
46.06 15
46.08 6
46.1 8
46.12 17
46.14 10
46.16 5
46.18 12
46.2 9
46.22 9
46.24 12
46.26 13
46.28 13
46.3 5
46.32 10
46.34 6
46.36 12
46.38 7
46.4 10
46.42 9
46.44 7
46.46 8
46.48 14
46.5 14
46.52 9
46.54 12
46.56 5
46.58 12
46.6 9
46.62 4
46.64 12
46.66 14
46.68 11
46.7 12
46.72 8
46.74 7
46.76 7
46.78 10
46.8 9
46.82 11
46.84 10
46.86 7
46.88 4
46.9 7
46.92 8
46.94 7
46.96 9
46.98 3
47 8
47.02 4
47.04 11
47.06 10
47.08 6
47.1 12
47.12 11
47.14 10
47.16 12
47.18 10
47.2 12
47.22 12
47.24 13
47.26 10
47.28 8
47.3 17
47.32 10
47.34 15
47.36 9
47.38 10
47.4 9
47.42 9
47.44 4
47.46 4
47.48 8
47.5 6
47.52 6
47.54 6
47.56 10
47.58 10
47.6 13
47.62 6
47.64 1
47.66 12
47.68 9
47.7 6
47.72 9
47.74 3
47.76 10
47.78 7
47.8 8
47.82 8
47.84 5
47.86 13
47.88 10
47.9 9
47.92 9
47.94 10
47.96 8
47.98 15
48 6
48.02 11
48.04 6
48.06 8
48.08 10
48.1 9
48.12 10
48.14 3
48.16 3
48.18 11
48.2 5
48.22 5
48.24 8
48.26 8
48.28 9
48.3 6
48.32 10
48.34 7
48.36 8
48.38 9
48.4 4
48.42 12
48.44 7
48.46 7
48.48 11
48.5 5
48.52 7
48.54 6
48.56 5
48.58 4
48.6 9
48.62 10
48.64 6
48.66 12
48.68 9
48.7 8
48.72 12
48.74 7
48.76 11
48.78 10
48.8 3
48.82 8
48.84 5
48.86 11
48.88 6
48.9 9
48.92 8
48.94 12
48.96 8
48.98 6
49 10
49.02 13
49.04 10
49.06 10
49.08 8
49.1 7
49.12 4
49.14 6
49.16 3
49.18 7
49.2 15
49.22 9
49.24 12
49.26 11
49.28 1
49.3 5
49.32 13
49.34 7
49.36 9
49.38 2
49.4 8
49.42 5
49.44 4
49.46 16
49.48 8
49.5 7
49.52 6
49.54 9
49.56 7
49.58 13
49.6 8
49.62 10
49.64 10
49.66 5
49.68 13
49.7 9
49.72 7
49.74 7
49.76 8
49.78 5
49.8 11
49.82 6
49.84 3
49.86 11
49.88 4
49.9 13
49.92 9
49.94 11
49.96 8
49.98 8
50 4
50.02 8
50.04 10
50.06 4
50.08 6
50.1 6
50.12 7
50.14 4
50.16 10
50.18 6
50.2 10
50.22 7
50.24 9
50.26 7
50.28 12
50.3 9
50.32 7
50.34 9
50.36 4
50.38 10
50.4 7
50.42 3
50.44 7
50.46 10
50.48 8
50.5 8
50.52 4
50.54 4
50.56 10
50.58 11
50.6 8
50.62 14
50.64 12
50.66 7
50.68 9
50.7 6
50.72 12
50.74 4
50.76 11
50.78 5
50.8 4
50.82 10
50.84 8
50.86 8
50.88 8
50.9 6
50.92 9
50.94 11
50.96 1
50.98 6
51 5
51.02 4
51.04 7
51.06 3
51.08 8
51.1 6
51.12 6
51.14 6
51.16 5
51.18 7
51.2 9
51.22 5
51.24 8
51.26 9
51.28 9
51.3 11
51.32 6
51.34 11
51.36 3
51.38 13
51.4 7
51.42 0
51.44 2
51.46 12
51.48 8
51.5 4
51.52 8
51.54 8
51.56 8
51.58 7
51.6 6
51.62 8
51.64 8
51.66 12
51.68 7
51.7 7
51.72 8
51.74 9
51.76 7
51.78 7
51.8 10
51.82 8
51.84 8
51.86 5
51.88 3
51.9 6
51.92 8
51.94 3
51.96 9
51.98 5
52 8
52.02 8
52.04 9
52.06 5
52.08 7
52.1 8
52.12 7
52.14 5
52.16 8
52.18 9
52.2 2
52.22 8
52.24 8
52.26 4
52.28 6
52.3 7
52.32 7
52.34 4
52.36 6
52.38 5
52.4 7
52.42 12
52.44 10
52.46 7
52.48 7
52.5 11
52.52 7
52.54 12
52.56 11
52.58 7
52.6 3
52.62 6
52.64 6
52.66 6
52.68 6
52.7 8
52.72 9
52.74 3
52.76 10
52.78 8
52.8 4
52.82 7
52.84 5
52.86 7
52.88 7
52.9 6
52.92 8
52.94 2
52.96 8
52.98 5
53 6
53.02 14
53.04 6
53.06 10
53.08 8
53.1 8
53.12 2
53.14 7
53.16 4
53.18 4
53.2 7
53.22 5
53.24 6
53.26 2
53.28 12
53.3 5
53.32 9
53.34 7
53.36 8
53.38 8
53.4 6
53.42 6
53.44 9
53.46 7
53.48 7
53.5 6
53.52 6
53.54 5
53.56 5
53.58 9
53.6 7
53.62 5
53.64 11
53.66 3
53.68 4
53.7 2
53.72 5
53.74 8
53.76 8
53.78 4
53.8 10
53.82 6
53.84 8
53.86 4
53.88 6
53.9 9
53.92 10
53.94 11
53.96 6
53.98 5
54 5
54.02 9
54.04 6
54.06 9
54.08 7
54.1 5
54.12 7
54.14 5
54.16 7
54.18 5
54.2 8
54.22 9
54.24 7
54.26 5
54.28 8
54.3 7
54.32 11
54.34 8
54.36 3
54.38 15
54.4 4
54.42 7
54.44 3
54.46 5
54.48 7
54.5 6
54.52 8
54.54 6
54.56 3
54.58 7
54.6 7
54.62 4
54.64 2
54.66 6
54.68 8
54.7 7
54.72 5
54.74 10
54.76 13
54.78 5
54.8 4
54.82 8
54.84 3
54.86 6
54.88 4
54.9 7
54.92 7
54.94 7
54.96 4
54.98 2
55 6
55.02 6
55.04 12
55.06 5
55.08 1
55.1 5
55.12 6
55.14 5
55.16 9
55.18 8
55.2 10
55.22 7
55.24 6
55.26 10
55.28 7
55.3 5
55.32 1
55.34 5
55.36 4
55.38 5
55.4 4
55.42 5
55.44 6
55.46 5
55.48 4
55.5 7
55.52 4
55.54 4
55.56 10
55.58 8
55.6 6
55.62 5
55.64 8
55.66 6
55.68 6
55.7 5
55.72 10
55.74 6
55.76 10
55.78 11
55.8 6
55.82 7
55.84 9
55.86 4
55.88 1
55.9 4
55.92 9
55.94 10
55.96 5
55.98 5
56 9
56.02 4
56.04 8
56.06 6
56.08 5
56.1 3
56.12 5
56.14 7
56.16 4
56.18 6
56.2 4
56.22 9
56.24 7
56.26 8
56.28 8
56.3 11
56.32 5
56.34 6
56.36 2
56.38 6
56.4 6
56.42 7
56.44 3
56.46 4
56.48 5
56.5 8
56.52 1
56.54 9
56.56 3
56.58 5
56.6 10
56.62 5
56.64 6
56.66 2
56.68 4
56.7 5
56.72 4
56.74 2
56.76 2
56.78 3
56.8 2
56.82 8
56.84 9
56.86 9
56.88 8
56.9 5
56.92 5
56.94 4
56.96 10
56.98 12
57 6
57.02 4
57.04 6
57.06 6
57.08 9
57.1 7
57.12 5
57.14 6
57.16 3
57.18 4
57.2 5
57.22 4
57.24 6
57.26 6
57.28 8
57.3 5
57.32 10
57.34 10
57.36 1
57.38 6
57.4 6
57.42 4
57.44 7
57.46 8
57.48 5
57.5 6
57.52 5
57.54 9
57.56 7
57.58 5
57.6 5
57.62 5
57.64 9
57.66 4
57.68 7
57.7 7
57.72 5
57.74 5
57.76 5
57.78 3
57.8 6
57.82 10
57.84 5
57.86 7
57.88 5
57.9 3
57.92 5
57.94 7
57.96 5
57.98 9
58 6
58.02 5
58.04 9
58.06 8
58.08 8
58.1 4
58.12 4
58.14 10
58.16 5
58.18 3
58.2 5
58.22 3
58.24 5
58.26 6
58.28 9
58.3 6
58.32 4
58.34 4
58.36 3
58.38 7
58.4 5
58.42 6
58.44 7
58.46 8
58.48 4
58.5 12
58.52 3
58.54 2
58.56 7
58.58 5
58.6 5
58.62 11
58.64 3
58.66 11
58.68 5
58.7 6
58.72 5
58.74 10
58.76 7
58.78 8
58.8 5
58.82 2
58.84 4
58.86 4
58.88 10
58.9 2
58.92 6
58.94 7
58.96 8
58.98 6
59 6
59.02 6
59.04 5
59.06 7
59.08 5
59.1 4
59.12 4
59.14 5
59.16 8
59.18 6
59.2 13
59.22 3
59.24 3
59.26 6
59.28 9
59.3 6
59.32 7
59.34 7
59.36 7
59.38 4
59.4 1
59.42 4
59.44 6
59.46 7
59.48 6
59.5 6
59.52 5
59.54 3
59.56 8
59.58 7
59.6 7
59.62 7
59.64 1
59.66 6
59.68 8
59.7 7
59.72 6
59.74 9
59.76 6
59.78 9
59.8 5
59.82 5
59.84 5
59.86 4
59.88 3
59.9 3
59.92 10
59.94 10
59.96 4
59.98 2
60 7
60.02 7
60.04 11
60.06 3
60.08 8
60.1 6
60.12 3
60.14 6
60.16 7
60.18 8
60.2 7
60.22 6
60.24 9
60.26 11
60.28 3
60.3 4
60.32 4
60.34 7
60.36 6
60.38 5
60.4 3
60.42 11
60.44 3
60.46 6
60.48 4
60.5 9
60.52 9
60.54 7
60.56 7
60.58 4
60.6 6
60.62 11
60.64 8
60.66 5
60.68 6
60.7 4
60.72 11
60.74 6
60.76 5
60.78 3
60.8 7
60.82 5
60.84 5
60.86 9
60.88 5
60.9 10
60.92 9
60.94 6
60.96 7
60.98 10
61 8
61.02 7
61.04 5
61.06 2
61.08 1
61.1 3
61.12 7
61.14 9
61.16 6
61.18 13
61.2 8
61.22 4
61.24 6
61.26 6
61.28 7
61.3 7
61.32 6
61.34 6
61.36 9
61.38 10
61.4 4
61.42 9
61.44 6
61.46 5
61.48 5
61.5 5
61.52 6
61.54 9
61.56 8
61.58 8
61.6 6
61.62 8
61.64 4
61.66 8
61.68 5
61.7 6
61.72 6
61.74 8
61.76 5
61.78 5
61.8 5
61.82 9
61.84 10
61.86 6
61.88 6
61.9 5
61.92 3
61.94 7
61.96 5
61.98 6
62 5
62.02 5
62.04 9
62.06 7
62.08 8
62.1 9
62.12 7
62.14 9
62.16 4
62.18 10
62.2 9
62.22 10
62.24 5
62.26 8
62.28 5
62.3 10
62.32 9
62.34 9
62.36 4
62.38 5
62.4 12
62.42 3
62.44 9
62.46 12
62.48 6
62.5 9
62.52 8
62.54 7
62.56 6
62.58 10
62.6 7
62.62 6
62.64 6
62.66 11
62.68 10
62.7 8
62.72 7
62.74 6
62.76 12
62.78 5
62.8 10
62.82 8
62.84 7
62.86 6
62.88 10
62.9 2
62.92 12
62.94 6
62.96 8
62.98 7
63 3
63.02 6
63.04 12
63.06 14
63.08 8
63.1 12
63.12 5
63.14 9
63.16 6
63.18 9
63.2 5
63.22 8
63.24 5
63.26 8
63.28 10
63.3 11
63.32 7
63.34 6
63.36 3
63.38 13
63.4 6
63.42 8
63.44 4
63.46 7
63.48 8
63.5 6
63.52 7
63.54 11
63.56 7
63.58 7
63.6 10
63.62 3
63.64 10
63.66 9
63.68 13
63.7 5
63.72 7
63.74 9
63.76 7
63.78 10
63.8 11
63.82 10
63.84 6
63.86 6
63.88 15
63.9 5
63.92 6
63.94 9
63.96 5
63.98 8
64 8
64.02 9
64.04 8
64.06 5
64.08 11
64.1 9
64.12 11
64.14 11
64.16 5
64.18 9
64.2 9
64.22 7
64.24 12
64.26 8
64.28 6
64.3 2
64.32 10
64.34 13
64.36 8
64.38 15
64.4 7
64.42 6
64.44 5
64.46 6
64.48 14
64.5 5
64.52 14
64.54 12
64.56 10
64.58 10
64.6 8
64.62 8
64.64 7
64.66 10
64.68 5
64.7 6
64.72 11
64.74 9
64.76 7
64.78 21
64.8 12
64.82 8
64.84 9
64.86 7
64.88 15
64.9 5
64.92 10
64.94 12
64.96 12
64.98 7
65 13
65.02 9
65.04 11
65.06 9
65.08 11
65.1 8
65.12 12
65.14 14
65.16 13
65.18 14
65.2 15
65.22 13
65.24 10
65.26 12
65.28 8
65.3 7
65.32 13
65.34 9
65.36 15
65.38 7
65.4 13
65.42 10
65.44 8
65.46 9
65.48 12
65.5 13
65.52 12
65.54 17
65.56 10
65.58 7
65.6 11
65.62 14
65.64 14
65.66 12
65.68 11
65.7 18
65.72 14
65.74 8
65.76 7
65.78 12
65.8 12
65.82 16
65.84 13
65.86 18
65.88 11
65.9 15
65.92 18
65.94 11
65.96 16
65.98 15
66 22
66.02 15
66.04 20
66.06 19
66.08 10
66.1 17
66.12 14
66.14 16
66.16 13
66.18 24
66.2 10
66.22 9
66.24 16
66.26 14
66.28 13
66.3 10
66.32 15
66.34 21
66.36 12
66.38 19
66.4 13
66.42 22
66.44 17
66.46 19
66.48 18
66.5 21
66.52 26
66.54 20
66.56 25
66.58 15
66.6 23
66.62 17
66.64 22
66.66 14
66.68 20
66.7 17
66.72 14
66.74 16
66.76 21
66.78 17
66.8 22
66.82 13
66.84 20
66.86 19
66.88 22
66.9 22
66.92 28
66.94 18
66.96 26
66.98 18
67 24
67.02 27
67.04 26
67.06 22
67.08 35
67.1 25
67.12 23
67.14 26
67.16 25
67.18 20
67.2 25
67.22 28
67.24 27
67.26 22
67.28 21
67.3 17
67.32 31
67.34 24
67.36 25
67.38 30
67.4 24
67.42 21
67.44 28
67.46 24
67.48 28
67.5 34
67.52 31
67.54 34
67.56 32
67.58 33
67.6 21
67.62 31
67.64 36
67.66 28
67.68 33
67.7 33
67.72 38
67.74 31
67.76 39
67.78 37
67.8 29
67.82 46
67.84 38
67.86 30
67.88 37
67.9 39
67.92 44
67.94 42
67.96 35
67.98 38
68 25
68.02 35
68.04 31
68.06 43
68.08 43
68.1 36
68.12 37
68.14 44
68.16 34
68.18 35
68.2 35
68.22 50
68.24 35
68.26 37
68.28 39
68.3 38
68.32 36
68.34 44
68.36 36
68.38 50
68.4 39
68.42 34
68.44 37
68.46 49
68.48 44
68.5 55
68.52 47
68.54 50
68.56 47
68.58 51
68.6 43
68.62 52
68.64 50
68.66 40
68.68 49
68.7 44
68.72 55
68.74 36
68.76 54
68.78 62
68.8 43
68.82 53
68.84 54
68.86 75
68.88 52
68.9 63
68.92 46
68.94 43
68.96 62
68.98 69
69 62
69.02 52
69.04 63
69.06 66
69.08 52
69.1 64
69.12 60
69.14 59
69.16 70
69.18 49
69.2 51
69.22 44
69.24 54
69.26 64
69.28 63
69.3 49
69.32 50
69.34 51
69.36 44
69.38 43
69.4 48
69.42 49
69.44 63
69.46 33
69.48 39
69.5 51
69.52 50
69.54 48
69.56 51
69.58 43
69.6 40
69.62 45
69.64 53
69.66 49
69.68 41
69.7 51
69.72 46
69.74 53
69.76 47
69.78 41
69.8 42
69.82 48
69.84 33
69.86 48
69.88 35
69.9 37
69.92 46
69.94 59
69.96 47
69.98 41
70 44
70.02 48
70.04 29
70.06 36
70.08 47
70.1 43
70.12 47
70.14 38
70.16 38
70.18 36
70.2 35
70.22 43
70.24 33
70.26 31
70.28 35
70.3 29
70.32 29
70.34 38
70.36 31
70.38 41
70.4 33
70.42 37
70.44 28
70.46 34
70.48 33
70.5 30
70.52 35
70.54 32
70.56 35
70.58 39
70.6 30
70.62 37
70.64 37
70.66 30
70.68 42
70.7 24
70.72 30
70.74 28
70.76 28
70.78 33
70.8 28
70.82 34
70.84 28
70.86 28
70.88 25
70.9 27
70.92 20
70.94 35
70.96 27
70.98 32
71 22
71.02 24
71.04 25
71.06 26
71.08 24
71.1 22
71.12 18
71.14 18
71.16 22
71.18 20
71.2 20
71.22 30
71.24 26
71.26 32
71.28 22
71.3 24
71.32 23
71.34 19
71.36 17
71.38 20
71.4 20
71.42 26
71.44 27
71.46 17
71.48 20
71.5 20
71.52 27
71.54 31
71.56 23
71.58 21
71.6 20
71.62 25
71.64 22
71.66 18
71.68 13
71.7 26
71.72 17
71.74 27
71.76 19
71.78 22
71.8 22
71.82 19
71.84 19
71.86 19
71.88 24
71.9 23
71.92 14
71.94 20
71.96 18
71.98 17
72 14
72.02 31
72.04 13
72.06 14
72.08 16
72.1 17
72.12 15
72.14 16
72.16 11
72.18 11
72.2 13
72.22 12
72.24 11
72.26 12
72.28 12
72.3 12
72.32 20
72.34 17
72.36 18
72.38 16
72.4 13
72.42 14
72.44 6
72.46 12
72.48 20
72.5 11
72.52 11
72.54 10
72.56 5
72.58 13
72.6 17
72.62 16
72.64 16
72.66 14
72.68 7
72.7 8
72.72 12
72.74 11
72.76 12
72.78 14
72.8 11
72.82 14
72.84 13
72.86 15
72.88 18
72.9 13
72.92 12
72.94 11
72.96 17
72.98 12
73 17
73.02 4
73.04 9
73.06 17
73.08 8
73.1 13
73.12 8
73.14 10
73.16 11
73.18 10
73.2 9
73.22 10
73.24 14
73.26 5
73.28 16
73.3 14
73.32 13
73.34 13
73.36 12
73.38 7
73.4 9
73.42 16
73.44 13
73.46 7
73.48 11
73.5 10
73.52 10
73.54 9
73.56 5
73.58 5
73.6 9
73.62 10
73.64 8
73.66 9
73.68 11
73.7 9
73.72 5
73.74 10
73.76 9
73.78 9
73.8 8
73.82 5
73.84 8
73.86 12
73.88 7
73.9 14
73.92 4
73.94 6
73.96 10
73.98 9
74 20
74.02 9
74.04 9
74.06 6
74.08 8
74.1 6
74.12 3
74.14 12
74.16 6
74.18 6
74.2 7
74.22 17
74.24 8
74.26 13
74.28 13
74.3 9
74.32 12
74.34 6
74.36 11
74.38 5
74.4 8
74.42 12
74.44 4
74.46 12
74.48 7
74.5 6
74.52 5
74.54 5
74.56 8
74.58 7
74.6 11
74.62 8
74.64 8
74.66 8
74.68 5
74.7 7
74.72 5
74.74 7
74.76 9
74.78 7
74.8 10
74.82 5
74.84 3
74.86 8
74.88 8
74.9 11
74.92 6
74.94 4
74.96 9
74.98 2
75 11
75.02 9
75.04 4
75.06 9
75.08 11
75.1 5
75.12 11
75.14 6
75.16 7
75.18 6
75.2 6
75.22 10
75.24 10
75.26 6
75.28 5
75.3 4
75.32 9
75.34 8
75.36 9
75.38 6
75.4 8
75.42 11
75.44 10
75.46 9
75.48 5
75.5 9
75.52 7
75.54 10
75.56 9
75.58 5
75.6 6
75.62 3
75.64 4
75.66 7
75.68 6
75.7 8
75.72 7
75.74 6
75.76 4
75.78 4
75.8 7
75.82 3
75.84 5
75.86 8
75.88 4
75.9 3
75.92 5
75.94 9
75.96 6
75.98 0
76 7
76.02 5
76.04 5
76.06 2
76.08 6
76.1 7
76.12 3
76.14 10
76.16 6
76.18 7
76.2 4
76.22 7
76.24 4
76.26 5
76.28 2
76.3 4
76.32 4
76.34 12
76.36 4
76.38 10
76.4 5
76.42 4
76.44 2
76.46 1
76.48 4
76.5 10
76.52 7
76.54 5
76.56 14
76.58 3
76.6 7
76.62 0
76.64 4
76.66 4
76.68 5
76.7 10
76.72 8
76.74 4
76.76 8
76.78 5
76.8 10
76.82 5
76.84 5
76.86 2
76.88 2
76.9 5
76.92 8
76.94 3
76.96 3
76.98 7
77 8
77.02 7
77.04 7
77.06 4
77.08 6
77.1 7
77.12 6
77.14 4
77.16 5
77.18 6
77.2 3
77.22 6
77.24 6
77.26 6
77.28 8
77.3 7
77.32 5
77.34 4
77.36 10
77.38 10
77.4 5
77.42 11
77.44 9
77.46 5
77.48 8
77.5 7
77.52 3
77.54 4
77.56 5
77.58 6
77.6 8
77.62 2
77.64 7
77.66 9
77.68 6
77.7 8
77.72 7
77.74 2
77.76 2
77.78 3
77.8 2
77.82 7
77.84 5
77.86 7
77.88 7
77.9 5
77.92 5
77.94 5
77.96 1
77.98 5
78 6
78.02 4
78.04 3
78.06 6
78.08 6
78.1 7
78.12 7
78.14 7
78.16 5
78.18 6
78.2 2
78.22 4
78.24 8
78.26 2
78.28 7
78.3 5
78.32 6
78.34 5
78.36 7
78.38 4
78.4 4
78.42 2
78.44 7
78.46 6
78.48 5
78.5 5
78.52 8
78.54 4
78.56 3
78.58 4
78.6 8
78.62 6
78.64 6
78.66 3
78.68 4
78.7 4
78.72 4
78.74 6
78.76 8
78.78 6
78.8 1
78.82 3
78.84 3
78.86 3
78.88 7
78.9 10
78.92 4
78.94 6
78.96 2
78.98 8
79 3
79.02 3
79.04 7
79.06 6
79.08 3
79.1 5
79.12 1
79.14 5
79.16 9
79.18 6
79.2 3
79.22 7
79.24 3
79.26 4
79.28 5
79.3 4
79.32 4
79.34 2
79.36 2
79.38 5
79.4 7
79.42 8
79.44 5
79.46 2
79.48 8
79.5 5
79.52 4
79.54 6
79.56 8
79.58 7
79.6 4
79.62 8
79.64 5
79.66 12
79.68 5
79.7 4
79.72 2
79.74 4
79.76 4
79.78 4
79.8 5
79.82 2
79.84 8
79.86 6
79.88 3
79.9 6
79.92 2
79.94 12
79.96 5
79.98 4
80 3
80.02 6
80.04 2
80.06 4
80.08 3
80.1 8
80.12 6
80.14 6
80.16 4
80.18 8
80.2 4
80.22 3
80.24 4
80.26 3
80.28 4
80.3 4
80.32 5
80.34 4
80.36 6
80.38 5
80.4 6
80.42 1
80.44 2
80.46 6
80.48 3
80.5 5
80.52 2
80.54 8
80.56 9
80.58 8
80.6 7
80.62 4
80.64 7
80.66 2
80.68 7
80.7 6
80.72 1
80.74 4
80.76 4
80.78 4
80.8 5
80.82 5
80.84 4
80.86 7
80.88 1
80.9 4
80.92 1
80.94 3
80.96 4
80.98 3
81 7
81.02 5
81.04 8
81.06 5
81.08 7
81.1 5
81.12 1
81.14 7
81.16 5
81.18 4
81.2 5
81.22 9
81.24 2
81.26 6
81.28 2
81.3 4
81.32 9
81.34 7
81.36 6
81.38 4
81.4 4
81.42 4
81.44 2
81.46 6
81.48 1
81.5 2
81.52 9
81.54 8
81.56 3
81.58 9
81.6 4
81.62 3
81.64 5
81.66 3
81.68 3
81.7 3
81.72 2
81.74 4
81.76 5
81.78 9
81.8 3
81.82 7
81.84 1
81.86 6
81.88 1
81.9 4
81.92 7
81.94 4
81.96 2
81.98 5
82 3
82.02 6
82.04 2
82.06 2
82.08 4
82.1 4
82.12 4
82.14 3
82.16 2
82.18 5
82.2 1
82.22 9
82.24 7
82.26 7
82.28 2
82.3 1
82.32 4
82.34 3
82.36 5
82.38 3
82.4 7
82.42 4
82.44 7
82.46 3
82.48 3
82.5 5
82.52 5
82.54 5
82.56 1
82.58 5
82.6 2
82.62 1
82.64 4
82.66 4
82.68 5
82.7 3
82.72 6
82.74 5
82.76 2
82.78 4
82.8 6
82.82 6
82.84 4
82.86 5
82.88 1
82.9 5
82.92 3
82.94 5
82.96 3
82.98 8
83 6
83.02 3
83.04 0
83.06 4
83.08 4
83.1 5
83.12 6
83.14 3
83.16 6
83.18 3
83.2 6
83.22 8
83.24 5
83.26 3
83.28 5
83.3 4
83.32 6
83.34 6
83.36 2
83.38 2
83.4 6
83.42 4
83.44 4
83.46 2
83.48 4
83.5 10
83.52 6
83.54 4
83.56 2
83.58 4
83.6 2
83.62 4
83.64 1
83.66 4
83.68 6
83.7 6
83.72 4
83.74 8
83.76 4
83.78 2
83.8 5
83.82 3
83.84 6
83.86 3
83.88 7
83.9 5
83.92 6
83.94 3
83.96 6
83.98 2
84 5
84.02 5
84.04 2
84.06 2
84.08 1
84.1 3
84.12 3
84.14 5
84.16 1
84.18 3
84.2 5
84.22 3
84.24 8
84.26 3
84.28 4
84.3 2
84.32 8
84.34 3
84.36 5
84.38 4
84.4 4
84.42 6
84.44 3
84.46 5
84.48 2
84.5 2
84.52 6
84.54 3
84.56 4
84.58 4
84.6 1
84.62 4
84.64 4
84.66 4
84.68 2
84.7 5
84.72 7
84.74 3
84.76 2
84.78 1
84.8 1
84.82 2
84.84 5
84.86 8
84.88 7
84.9 2
84.92 5
84.94 2
84.96 5
84.98 1
85 2
85.02 3
85.04 5
85.06 3
85.08 5
85.1 3
85.12 3
85.14 1
85.16 8
85.18 1
85.2 4
85.22 5
85.24 3
85.26 5
85.28 4
85.3 7
85.32 6
85.34 2
85.36 4
85.38 3
85.4 3
85.42 2
85.44 2
85.46 8
85.48 2
85.5 3
85.52 3
85.54 7
85.56 3
85.58 3
85.6 3
85.62 3
85.64 5
85.66 2
85.68 3
85.7 6
85.72 2
85.74 3
85.76 1
85.78 1
85.8 1
85.82 4
85.84 3
85.86 5
85.88 3
85.9 5
85.92 3
85.94 3
85.96 4
85.98 5
86 2
86.02 2
86.04 3
86.06 4
86.08 1
86.1 1
86.12 13
86.14 4
86.16 3
86.18 3
86.2 3
86.22 3
86.24 6
86.26 6
86.28 6
86.3 4
86.32 1
86.34 1
86.36 8
86.38 2
86.4 5
86.42 6
86.44 4
86.46 4
86.48 5
86.5 4
86.52 4
86.54 1
86.56 5
86.58 3
86.6 4
86.62 1
86.64 1
86.66 5
86.68 7
86.7 7
86.72 3
86.74 6
86.76 3
86.78 9
86.8 5
86.82 3
86.84 3
86.86 5
86.88 3
86.9 6
86.92 4
86.94 1
86.96 4
86.98 3
87 4
87.02 4
87.04 3
87.06 6
87.08 2
87.1 5
87.12 3
87.14 4
87.16 6
87.18 4
87.2 3
87.22 1
87.24 2
87.26 5
87.28 2
87.3 3
87.32 3
87.34 4
87.36 5
87.38 1
87.4 1
87.42 4
87.44 5
87.46 1
87.48 3
87.5 7
87.52 5
87.54 4
87.56 2
87.58 5
87.6 0
87.62 2
87.64 8
87.66 2
87.68 3
87.7 3
87.72 5
87.74 1
87.76 4
87.78 6
87.8 7
87.82 5
87.84 8
87.86 4
87.88 2
87.9 1
87.92 3
87.94 1
87.96 4
87.98 7
88 4
88.02 6
88.04 2
88.06 5
88.08 4
88.1 0
88.12 0
88.14 0
88.16 5
88.18 5
88.2 3
88.22 2
88.24 2
88.26 1
88.28 4
88.3 3
88.32 2
88.34 3
88.36 1
88.38 3
88.4 1
88.42 3
88.44 3
88.46 3
88.48 4
88.5 3
88.52 1
88.54 6
88.56 4
88.58 3
88.6 4
88.62 4
88.64 3
88.66 4
88.68 2
88.7 9
88.72 0
88.74 4
88.76 3
88.78 1
88.8 5
88.82 2
88.84 4
88.86 4
88.88 4
88.9 3
88.92 3
88.94 5
88.96 6
88.98 7
89 4
89.02 4
89.04 2
89.06 5
89.08 6
89.1 3
89.12 3
89.14 3
89.16 3
89.18 1
89.2 6
89.22 3
89.24 4
89.26 2
89.28 5
89.3 3
89.32 3
89.34 3
89.36 3
89.38 3
89.4 1
89.42 2
89.44 3
89.46 4
89.48 2
89.5 5
89.52 0
89.54 2
89.56 6
89.58 1
89.6 2
89.62 2
89.64 2
89.66 7
89.68 3
89.7 5
89.72 2
89.74 2
89.76 2
89.78 0
89.8 2
89.82 5
89.84 6
89.86 1
89.88 4
89.9 5
89.92 6
89.94 3
89.96 5
89.98 3
90 6
