Sample Si_wefer-2
Comments rapid
Filename C:\Windmax\Data\shimano\XRD20190306\Si_wefer2_20190122.raw
Goniometer TTRáV êÖïΩ∫ﬁ∆µ“∞¿(Tsé≤éËìÆ,ADS)
Attachment ïWèÄééóøŒŸ¿ﬁ∞
Monochromater å≈íË”…∏€“∞¿
ScanningMode 2Theta/Theta
ScanningType Continuos Scanning
X-Ray 40kV/300mA
î≠éUΩÿØƒ 2/3Åã
î≠éUècêßå¿ΩÿØƒ 2mm
éUóêΩÿØƒ 2/3Åã
éÛåıΩÿØƒ 0.3mm
±Ø√»∞¿ äJï˙
”…∏€éÛåıΩÿØƒ 0.8mm
Start 10
Stop 90
Step 0.02
10 28
10.02 36
10.04 38
10.06 29
10.08 32
10.1 40
10.12 38
10.14 32
10.16 27
10.18 25
10.2 32
10.22 27
10.24 29
10.26 25
10.28 25
10.3 44
10.32 37
10.34 27
10.36 25
10.38 29
10.4 35
10.42 31
10.44 26
10.46 24
10.48 21
10.5 25
10.52 25
10.54 32
10.56 24
10.58 33
10.6 32
10.62 28
10.64 28
10.66 34
10.68 34
10.7 35
10.72 36
10.74 27
10.76 30
10.78 23
10.8 35
10.82 24
10.84 36
10.86 17
10.88 34
10.9 28
10.92 35
10.94 27
10.96 34
10.98 32
11 22
11.02 30
11.04 29
11.06 21
11.08 25
11.1 27
11.12 30
11.14 21
11.16 20
11.18 34
11.2 30
11.22 32
11.24 30
11.26 31
11.28 34
11.3 22
11.32 28
11.34 27
11.36 22
11.38 21
11.4 25
11.42 24
11.44 25
11.46 26
11.48 28
11.5 31
11.52 22
11.54 31
11.56 21
11.58 28
11.6 13
11.62 35
11.64 33
11.66 35
11.68 29
11.7 36
11.72 30
11.74 18
11.76 34
11.78 29
11.8 35
11.82 26
11.84 22
11.86 20
11.88 23
11.9 21
11.92 25
11.94 18
11.96 22
11.98 21
12 24
12.02 31
12.04 19
12.06 22
12.08 33
12.1 30
12.12 23
12.14 27
12.16 19
12.18 28
12.2 27
12.22 29
12.24 27
12.26 30
12.28 20
12.3 21
12.32 21
12.34 29
12.36 29
12.38 22
12.4 26
12.42 21
12.44 33
12.46 21
12.48 27
12.5 19
12.52 28
12.54 24
12.56 26
12.58 19
12.6 21
12.62 28
12.64 23
12.66 29
12.68 16
12.7 24
12.72 31
12.74 22
12.76 22
12.78 18
12.8 18
12.82 23
12.84 17
12.86 22
12.88 23
12.9 32
12.92 22
12.94 26
12.96 24
12.98 22
13 25
13.02 16
13.04 26
13.06 24
13.08 31
13.1 32
13.12 32
13.14 29
13.16 27
13.18 27
13.2 31
13.22 23
13.24 21
13.26 21
13.28 19
13.3 28
13.32 31
13.34 31
13.36 24
13.38 28
13.4 30
13.42 25
13.44 22
13.46 16
13.48 20
13.5 26
13.52 22
13.54 20
13.56 29
13.58 29
13.6 27
13.62 21
13.64 24
13.66 28
13.68 23
13.7 24
13.72 24
13.74 23
13.76 27
13.78 22
13.8 23
13.82 26
13.84 22
13.86 23
13.88 28
13.9 24
13.92 33
13.94 33
13.96 19
13.98 39
14 15
14.02 18
14.04 24
14.06 21
14.08 29
14.1 25
14.12 30
14.14 21
14.16 16
14.18 30
14.2 16
14.22 26
14.24 16
14.26 24
14.28 18
14.3 24
14.32 22
14.34 31
14.36 22
14.38 20
14.4 19
14.42 20
14.44 16
14.46 19
14.48 18
14.5 25
14.52 22
14.54 17
14.56 18
14.58 20
14.6 18
14.62 24
14.64 26
14.66 29
14.68 21
14.7 21
14.72 22
14.74 35
14.76 20
14.78 24
14.8 21
14.82 26
14.84 28
14.86 25
14.88 27
14.9 21
14.92 29
14.94 23
14.96 16
14.98 23
15 26
15.02 17
15.04 23
15.06 21
15.08 17
15.1 31
15.12 14
15.14 21
15.16 17
15.18 26
15.2 23
15.22 17
15.24 24
15.26 33
15.28 24
15.3 19
15.32 33
15.34 22
15.36 21
15.38 21
15.4 14
15.42 16
15.44 24
15.46 25
15.48 21
15.5 18
15.52 23
15.54 21
15.56 34
15.58 22
15.6 19
15.62 22
15.64 22
15.66 30
15.68 24
15.7 31
15.72 25
15.74 12
15.76 22
15.78 17
15.8 22
15.82 22
15.84 21
15.86 22
15.88 23
15.9 16
15.92 15
15.94 22
15.96 20
15.98 19
16 17
16.02 13
16.04 27
16.06 22
16.08 32
16.1 28
16.12 28
16.14 18
16.16 23
16.18 23
16.2 18
16.22 23
16.24 12
16.26 20
16.28 21
16.3 23
16.32 23
16.34 20
16.36 17
16.38 19
16.4 21
16.42 21
16.44 19
16.46 22
16.48 29
16.5 22
16.52 18
16.54 26
16.56 19
16.58 19
16.6 18
16.62 28
16.64 18
16.66 22
16.68 17
16.7 18
16.72 23
16.74 27
16.76 24
16.78 19
16.8 15
16.82 21
16.84 21
16.86 21
16.88 24
16.9 23
16.92 18
16.94 18
16.96 22
16.98 20
17 28
17.02 26
17.04 26
17.06 39
17.08 23
17.1 15
17.12 21
17.14 22
17.16 16
17.18 25
17.2 23
17.22 15
17.24 23
17.26 23
17.28 30
17.3 18
17.32 22
17.34 23
17.36 18
17.38 19
17.4 33
17.42 18
17.44 17
17.46 22
17.48 23
17.5 21
17.52 17
17.54 21
17.56 20
17.58 22
17.6 16
17.62 18
17.64 18
17.66 17
17.68 23
17.7 22
17.72 23
17.74 22
17.76 23
17.78 17
17.8 19
17.82 24
17.84 21
17.86 24
17.88 24
17.9 31
17.92 19
17.94 23
17.96 17
17.98 22
18 23
18.02 16
18.04 22
18.06 22
18.08 24
18.1 27
18.12 22
18.14 29
18.16 24
18.18 24
18.2 18
18.22 17
18.24 24
18.26 17
18.28 20
18.3 23
18.32 26
18.34 26
18.36 17
18.38 18
18.4 23
18.42 19
18.44 25
18.46 25
18.48 22
18.5 24
18.52 21
18.54 13
18.56 27
18.58 20
18.6 15
18.62 22
18.64 23
18.66 26
18.68 20
18.7 22
18.72 22
18.74 25
18.76 29
18.78 22
18.8 21
18.82 18
18.84 22
18.86 19
18.88 25
18.9 24
18.92 26
18.94 21
18.96 26
18.98 20
19 27
19.02 28
19.04 32
19.06 21
19.08 31
19.1 28
19.12 19
19.14 31
19.16 19
19.18 21
19.2 22
19.22 38
19.24 34
19.26 21
19.28 18
19.3 26
19.32 28
19.34 18
19.36 23
19.38 19
19.4 27
19.42 29
19.44 24
19.46 27
19.48 28
19.5 23
19.52 18
19.54 21
19.56 21
19.58 20
19.6 30
19.62 15
19.64 28
19.66 26
19.68 21
19.7 18
19.72 18
19.74 20
19.76 20
19.78 25
19.8 29
19.82 22
19.84 30
19.86 26
19.88 14
19.9 31
19.92 27
19.94 31
19.96 19
19.98 21
20 16
20.02 22
20.04 25
20.06 31
20.08 19
20.1 25
20.12 21
20.14 21
20.16 20
20.18 18
20.2 29
20.22 32
20.24 12
20.26 35
20.28 30
20.3 26
20.32 31
20.34 24
20.36 27
20.38 18
20.4 19
20.42 24
20.44 27
20.46 22
20.48 21
20.5 29
20.52 23
20.54 26
20.56 26
20.58 26
20.6 25
20.62 21
20.64 26
20.66 34
20.68 24
20.7 21
20.72 22
20.74 22
20.76 21
20.78 20
20.8 22
20.82 26
20.84 28
20.86 27
20.88 22
20.9 28
20.92 15
20.94 21
20.96 21
20.98 29
21 24
21.02 18
21.04 26
21.06 27
21.08 21
21.1 29
21.12 37
21.14 25
21.16 24
21.18 23
21.2 27
21.22 25
21.24 22
21.26 25
21.28 31
21.3 20
21.32 28
21.34 19
21.36 25
21.38 15
21.4 21
21.42 23
21.44 32
21.46 29
21.48 23
21.5 25
21.52 16
21.54 24
21.56 20
21.58 26
21.6 28
21.62 24
21.64 29
21.66 18
21.68 19
21.7 28
21.72 31
21.74 23
21.76 21
21.78 25
21.8 23
21.82 27
21.84 32
21.86 34
21.88 34
21.9 24
21.92 24
21.94 22
21.96 28
21.98 22
22 24
22.02 18
22.04 25
22.06 28
22.08 26
22.1 28
22.12 20
22.14 20
22.16 20
22.18 25
22.2 36
22.22 33
22.24 27
22.26 21
22.28 26
22.3 19
22.32 23
22.34 33
22.36 33
22.38 22
22.4 25
22.42 19
22.44 31
22.46 16
22.48 19
22.5 16
22.52 31
22.54 28
22.56 25
22.58 24
22.6 27
22.62 28
22.64 31
22.66 25
22.68 22
22.7 34
22.72 23
22.74 26
22.76 30
22.78 24
22.8 26
22.82 30
22.84 28
22.86 31
22.88 20
22.9 30
22.92 29
22.94 25
22.96 21
22.98 36
23 27
23.02 25
23.04 27
23.06 23
23.08 20
23.1 24
23.12 18
23.14 23
23.16 30
23.18 26
23.2 22
23.22 26
23.24 18
23.26 20
23.28 25
23.3 24
23.32 24
23.34 25
23.36 29
23.38 29
23.4 20
23.42 21
23.44 23
23.46 30
23.48 18
23.5 21
23.52 31
23.54 20
23.56 33
23.58 27
23.6 25
23.62 25
23.64 29
23.66 26
23.68 23
23.7 19
23.72 22
23.74 25
23.76 20
23.78 32
23.8 23
23.82 22
23.84 22
23.86 28
23.88 31
23.9 26
23.92 34
23.94 16
23.96 28
23.98 21
24 29
24.02 21
24.04 35
24.06 23
24.08 31
24.1 29
24.12 23
24.14 28
24.16 25
24.18 26
24.2 32
24.22 22
24.24 39
24.26 28
24.28 29
24.3 24
24.32 20
24.34 23
24.36 29
24.38 29
24.4 22
24.42 26
24.44 20
24.46 21
24.48 21
24.5 27
24.52 26
24.54 44
24.56 22
24.58 20
24.6 26
24.62 28
24.64 25
24.66 18
24.68 24
24.7 32
24.72 24
24.74 31
24.76 15
24.78 26
24.8 28
24.82 20
24.84 31
24.86 20
24.88 25
24.9 32
24.92 24
24.94 30
24.96 28
24.98 31
25 21
25.02 21
25.04 26
25.06 24
25.08 28
25.1 23
25.12 18
25.14 19
25.16 31
25.18 24
25.2 23
25.22 25
25.24 29
25.26 25
25.28 26
25.3 19
25.32 21
25.34 23
25.36 33
25.38 24
25.4 20
25.42 26
25.44 23
25.46 24
25.48 26
25.5 23
25.52 23
25.54 21
25.56 21
25.58 29
25.6 26
25.62 32
25.64 29
25.66 15
25.68 22
25.7 30
25.72 21
25.74 27
25.76 23
25.78 22
25.8 31
25.82 29
25.84 24
25.86 28
25.88 28
25.9 21
25.92 22
25.94 25
25.96 26
25.98 29
26 17
26.02 24
26.04 26
26.06 21
26.08 35
26.1 29
26.12 26
26.14 26
26.16 26
26.18 22
26.2 16
26.22 29
26.24 19
26.26 30
26.28 25
26.3 20
26.32 16
26.34 28
26.36 18
26.38 23
26.4 21
26.42 26
26.44 26
26.46 26
26.48 20
26.5 20
26.52 29
26.54 29
26.56 28
26.58 15
26.6 25
26.62 22
26.64 22
26.66 22
26.68 34
26.7 23
26.72 29
26.74 21
26.76 23
26.78 20
26.8 33
26.82 23
26.84 26
26.86 29
26.88 28
26.9 15
26.92 21
26.94 28
26.96 18
26.98 28
27 29
27.02 25
27.04 23
27.06 23
27.08 24
27.1 27
27.12 25
27.14 27
27.16 28
27.18 32
27.2 24
27.22 17
27.24 30
27.26 16
27.28 23
27.3 27
27.32 27
27.34 24
27.36 27
27.38 22
27.4 33
27.42 31
27.44 26
27.46 31
27.48 21
27.5 21
27.52 31
27.54 20
27.56 26
27.58 23
27.6 35
27.62 24
27.64 18
27.66 29
27.68 24
27.7 32
27.72 34
27.74 21
27.76 22
27.78 23
27.8 20
27.82 24
27.84 32
27.86 26
27.88 23
27.9 33
27.92 20
27.94 34
27.96 26
27.98 23
28 25
28.02 33
28.04 26
28.06 19
28.08 26
28.1 28
28.12 27
28.14 31
28.16 22
28.18 22
28.2 23
28.22 19
28.24 21
28.26 24
28.28 23
28.3 26
28.32 30
28.34 30
28.36 25
28.38 36
28.4 25
28.42 35
28.44 30
28.46 40
28.48 24
28.5 30
28.52 26
28.54 13
28.56 25
28.58 41
28.6 32
28.62 28
28.64 32
28.66 34
28.68 19
28.7 24
28.72 26
28.74 20
28.76 22
28.78 15
28.8 24
28.82 24
28.84 22
28.86 33
28.88 20
28.9 32
28.92 25
28.94 26
28.96 30
28.98 23
29 20
29.02 22
29.04 25
29.06 23
29.08 28
29.1 17
29.12 24
29.14 26
29.16 21
29.18 24
29.2 26
29.22 34
29.24 18
29.26 24
29.28 23
29.3 25
29.32 25
29.34 30
29.36 32
29.38 28
29.4 32
29.42 30
29.44 26
29.46 22
29.48 29
29.5 15
29.52 20
29.54 24
29.56 27
29.58 28
29.6 26
29.62 34
29.64 22
29.66 22
29.68 17
29.7 26
29.72 27
29.74 28
29.76 29
29.78 17
29.8 33
29.82 28
29.84 25
29.86 27
29.88 27
29.9 33
29.92 18
29.94 20
29.96 29
29.98 24
30 19
30.02 22
30.04 13
30.06 26
30.08 25
30.1 26
30.12 27
30.14 20
30.16 23
30.18 28
30.2 27
30.22 24
30.24 26
30.26 18
30.28 24
30.3 23
30.32 16
30.34 36
30.36 36
30.38 24
30.4 25
30.42 29
30.44 18
30.46 20
30.48 18
30.5 32
30.52 26
30.54 22
30.56 19
30.58 23
30.6 17
30.62 22
30.64 22
30.66 30
30.68 25
30.7 16
30.72 37
30.74 23
30.76 26
30.78 18
30.8 20
30.82 29
30.84 35
30.86 25
30.88 22
30.9 33
30.92 20
30.94 27
30.96 26
30.98 28
31 23
31.02 21
31.04 25
31.06 23
31.08 26
31.1 31
31.12 28
31.14 29
31.16 26
31.18 28
31.2 24
31.22 34
31.24 28
31.26 20
31.28 29
31.3 19
31.32 29
31.34 27
31.36 19
31.38 34
31.4 28
31.42 19
31.44 31
31.46 15
31.48 25
31.5 21
31.52 28
31.54 30
31.56 29
31.58 26
31.6 30
31.62 29
31.64 26
31.66 24
31.68 25
31.7 26
31.72 30
31.74 27
31.76 22
31.78 12
31.8 23
31.82 29
31.84 27
31.86 19
31.88 19
31.9 34
31.92 14
31.94 24
31.96 26
31.98 26
32 23
32.02 21
32.04 31
32.06 22
32.08 29
32.1 22
32.12 18
32.14 15
32.16 21
32.18 23
32.2 23
32.22 22
32.24 11
32.26 19
32.28 20
32.3 34
32.32 20
32.34 26
32.36 24
32.38 23
32.4 24
32.42 27
32.44 19
32.46 27
32.48 17
32.5 22
32.52 21
32.54 28
32.56 24
32.58 27
32.6 26
32.62 18
32.64 20
32.66 24
32.68 16
32.7 22
32.72 20
32.74 27
32.76 32
32.78 28
32.8 32
32.82 23
32.84 21
32.86 17
32.88 27
32.9 22
32.92 33
32.94 25
32.96 25
32.98 22
33 23
33.02 22
33.04 28
33.06 22
33.08 23
33.1 28
33.12 20
33.14 26
33.16 20
33.18 27
33.2 22
33.22 20
33.24 26
33.26 24
33.28 24
33.3 24
33.32 25
33.34 23
33.36 15
33.38 23
33.4 24
33.42 23
33.44 28
33.46 15
33.48 33
33.5 21
33.52 26
33.54 25
33.56 18
33.58 30
33.6 27
33.62 19
33.64 36
33.66 28
33.68 30
33.7 29
33.72 24
33.74 23
33.76 24
33.78 21
33.8 20
33.82 16
33.84 32
33.86 30
33.88 26
33.9 21
33.92 24
33.94 24
33.96 22
33.98 21
34 17
34.02 33
34.04 28
34.06 25
34.08 28
34.1 28
34.12 22
34.14 24
34.16 16
34.18 21
34.2 18
34.22 26
34.24 20
34.26 26
34.28 11
34.3 18
34.32 30
34.34 14
34.36 31
34.38 14
34.4 15
34.42 24
34.44 23
34.46 26
34.48 27
34.5 24
34.52 17
34.54 22
34.56 18
34.58 20
34.6 23
34.62 15
34.64 21
34.66 21
34.68 28
34.7 20
34.72 21
34.74 19
34.76 27
34.78 27
34.8 20
34.82 22
34.84 22
34.86 21
34.88 20
34.9 21
34.92 18
34.94 16
34.96 24
34.98 24
35 28
35.02 18
35.04 19
35.06 20
35.08 24
35.1 20
35.12 18
35.14 29
35.16 17
35.18 27
35.2 18
35.22 25
35.24 28
35.26 20
35.28 28
35.3 21
35.32 20
35.34 22
35.36 20
35.38 17
35.4 19
35.42 15
35.44 24
35.46 14
35.48 16
35.5 23
35.52 20
35.54 27
35.56 23
35.58 16
35.6 19
35.62 20
35.64 22
35.66 19
35.68 24
35.7 27
35.72 21
35.74 19
35.76 21
35.78 25
35.8 23
35.82 18
35.84 12
35.86 15
35.88 18
35.9 24
35.92 17
35.94 13
35.96 23
35.98 21
36 21
36.02 22
36.04 25
36.06 18
36.08 20
36.1 29
36.12 19
36.14 25
36.16 22
36.18 16
36.2 16
36.22 19
36.24 20
36.26 18
36.28 22
36.3 22
36.32 26
36.34 20
36.36 16
36.38 16
36.4 19
36.42 23
36.44 24
36.46 25
36.48 24
36.5 15
36.52 20
36.54 20
36.56 21
36.58 21
36.6 19
36.62 19
36.64 14
36.66 16
36.68 20
36.7 22
36.72 13
36.74 24
36.76 24
36.78 12
36.8 17
36.82 16
36.84 24
36.86 22
36.88 15
36.9 20
36.92 28
36.94 25
36.96 16
36.98 16
37 13
37.02 22
37.04 18
37.06 19
37.08 20
37.1 20
37.12 28
37.14 20
37.16 22
37.18 24
37.2 19
37.22 18
37.24 18
37.26 20
37.28 12
37.3 23
37.32 20
37.34 24
37.36 19
37.38 10
37.4 18
37.42 18
37.44 20
37.46 14
37.48 22
37.5 24
37.52 18
37.54 18
37.56 15
37.58 23
37.6 13
37.62 17
37.64 22
37.66 18
37.68 14
37.7 13
37.72 19
37.74 18
37.76 19
37.78 18
37.8 16
37.82 21
37.84 17
37.86 10
37.88 15
37.9 17
37.92 17
37.94 16
37.96 16
37.98 20
38 24
38.02 21
38.04 18
38.06 19
38.08 12
38.1 23
38.12 18
38.14 26
38.16 17
38.18 21
38.2 16
38.22 18
38.24 21
38.26 20
38.28 17
38.3 22
38.32 12
38.34 25
38.36 15
38.38 25
38.4 19
38.42 21
38.44 14
38.46 13
38.48 15
38.5 22
38.52 17
38.54 17
38.56 12
38.58 15
38.6 16
38.62 20
38.64 19
38.66 11
38.68 17
38.7 17
38.72 13
38.74 17
38.76 19
38.78 22
38.8 24
38.82 19
38.84 24
38.86 19
38.88 17
38.9 15
38.92 20
38.94 16
38.96 16
38.98 25
39 20
39.02 24
39.04 20
39.06 23
39.08 20
39.1 22
39.12 21
39.14 21
39.16 15
39.18 15
39.2 14
39.22 18
39.24 21
39.26 12
39.28 23
39.3 20
39.32 18
39.34 19
39.36 24
39.38 13
39.4 17
39.42 20
39.44 13
39.46 24
39.48 24
39.5 21
39.52 13
39.54 13
39.56 16
39.58 19
39.6 14
39.62 24
39.64 12
39.66 19
39.68 16
39.7 25
39.72 22
39.74 19
39.76 25
39.78 25
39.8 24
39.82 14
39.84 25
39.86 23
39.88 15
39.9 22
39.92 20
39.94 23
39.96 19
39.98 10
40 23
40.02 23
40.04 16
40.06 23
40.08 23
40.1 16
40.12 19
40.14 18
40.16 21
40.18 18
40.2 13
40.22 16
40.24 21
40.26 14
40.28 20
40.3 15
40.32 25
40.34 12
40.36 18
40.38 20
40.4 24
40.42 26
40.44 20
40.46 14
40.48 17
40.5 21
40.52 17
40.54 25
40.56 20
40.58 18
40.6 19
40.62 20
40.64 12
40.66 22
40.68 20
40.7 22
40.72 18
40.74 17
40.76 22
40.78 25
40.8 21
40.82 16
40.84 11
40.86 19
40.88 16
40.9 15
40.92 20
40.94 17
40.96 18
40.98 16
41 20
41.02 20
41.04 18
41.06 24
41.08 25
41.1 20
41.12 20
41.14 20
41.16 17
41.18 11
41.2 20
41.22 14
41.24 14
41.26 22
41.28 10
41.3 16
41.32 22
41.34 21
41.36 22
41.38 26
41.4 28
41.42 15
41.44 14
41.46 14
41.48 18
41.5 27
41.52 23
41.54 23
41.56 19
41.58 17
41.6 21
41.62 20
41.64 14
41.66 17
41.68 18
41.7 18
41.72 15
41.74 20
41.76 22
41.78 14
41.8 18
41.82 16
41.84 23
41.86 18
41.88 19
41.9 18
41.92 16
41.94 14
41.96 15
41.98 14
42 13
42.02 14
42.04 18
42.06 21
42.08 16
42.1 17
42.12 17
42.14 20
42.16 18
42.18 17
42.2 12
42.22 20
42.24 19
42.26 26
42.28 15
42.3 17
42.32 14
42.34 15
42.36 17
42.38 16
42.4 31
42.42 22
42.44 27
42.46 17
42.48 28
42.5 11
42.52 20
42.54 14
42.56 16
42.58 16
42.6 11
42.62 17
42.64 20
42.66 21
42.68 14
42.7 22
42.72 16
42.74 22
42.76 13
42.78 14
42.8 15
42.82 17
42.84 22
42.86 23
42.88 13
42.9 18
42.92 19
42.94 13
42.96 13
42.98 19
43 18
43.02 15
43.04 28
43.06 15
43.08 19
43.1 12
43.12 12
43.14 23
43.16 19
43.18 26
43.2 11
43.22 20
43.24 17
43.26 13
43.28 16
43.3 24
43.32 14
43.34 13
43.36 20
43.38 19
43.4 12
43.42 23
43.44 18
43.46 12
43.48 13
43.5 19
43.52 21
43.54 12
43.56 13
43.58 11
43.6 19
43.62 16
43.64 13
43.66 24
43.68 27
43.7 18
43.72 22
43.74 13
43.76 21
43.78 18
43.8 22
43.82 23
43.84 14
43.86 19
43.88 18
43.9 19
43.92 21
43.94 17
43.96 22
43.98 19
44 17
44.02 13
44.04 16
44.06 17
44.08 14
44.1 23
44.12 15
44.14 18
44.16 17
44.18 18
44.2 25
44.22 14
44.24 12
44.26 20
44.28 10
44.3 17
44.32 31
44.34 16
44.36 10
44.38 28
44.4 14
44.42 24
44.44 19
44.46 20
44.48 21
44.5 20
44.52 18
44.54 17
44.56 12
44.58 16
44.6 14
44.62 19
44.64 17
44.66 20
44.68 14
44.7 14
44.72 18
44.74 14
44.76 22
44.78 16
44.8 23
44.82 16
44.84 23
44.86 14
44.88 18
44.9 13
44.92 22
44.94 21
44.96 18
44.98 9
45 12
45.02 17
45.04 14
45.06 10
45.08 14
45.1 12
45.12 13
45.14 19
45.16 24
45.18 21
45.2 11
45.22 15
45.24 23
45.26 18
45.28 16
45.3 12
45.32 22
45.34 14
45.36 10
45.38 22
45.4 16
45.42 14
45.44 23
45.46 20
45.48 14
45.5 15
45.52 14
45.54 13
45.56 18
45.58 18
45.6 26
45.62 18
45.64 15
45.66 12
45.68 18
45.7 24
45.72 19
45.74 17
45.76 16
45.78 8
45.8 11
45.82 13
45.84 22
45.86 23
45.88 10
45.9 13
45.92 14
45.94 11
45.96 11
45.98 13
46 18
46.02 12
46.04 15
46.06 20
46.08 18
46.1 15
46.12 22
46.14 22
46.16 13
46.18 18
46.2 17
46.22 18
46.24 9
46.26 20
46.28 18
46.3 17
46.32 16
46.34 21
46.36 18
46.38 12
46.4 18
46.42 17
46.44 19
46.46 18
46.48 17
46.5 12
46.52 5
46.54 19
46.56 15
46.58 13
46.6 17
46.62 13
46.64 13
46.66 15
46.68 14
46.7 25
46.72 20
46.74 10
46.76 16
46.78 16
46.8 13
46.82 13
46.84 15
46.86 16
46.88 19
46.9 12
46.92 25
46.94 23
46.96 14
46.98 15
47 25
47.02 16
47.04 16
47.06 19
47.08 17
47.1 10
47.12 18
47.14 15
47.16 19
47.18 18
47.2 14
47.22 16
47.24 15
47.26 18
47.28 7
47.3 25
47.32 17
47.34 19
47.36 13
47.38 23
47.4 22
47.42 22
47.44 13
47.46 19
47.48 12
47.5 21
47.52 15
47.54 16
47.56 18
47.58 16
47.6 17
47.62 19
47.64 23
47.66 11
47.68 14
47.7 22
47.72 9
47.74 15
47.76 16
47.78 18
47.8 11
47.82 19
47.84 12
47.86 17
47.88 13
47.9 16
47.92 11
47.94 21
47.96 13
47.98 21
48 12
48.02 18
48.04 13
48.06 14
48.08 18
48.1 10
48.12 5
48.14 11
48.16 13
48.18 18
48.2 15
48.22 23
48.24 13
48.26 22
48.28 16
48.3 22
48.32 13
48.34 17
48.36 15
48.38 17
48.4 14
48.42 21
48.44 8
48.46 13
48.48 11
48.5 11
48.52 15
48.54 14
48.56 18
48.58 22
48.6 14
48.62 19
48.64 14
48.66 8
48.68 9
48.7 15
48.72 14
48.74 15
48.76 9
48.78 12
48.8 16
48.82 18
48.84 12
48.86 18
48.88 14
48.9 20
48.92 17
48.94 9
48.96 23
48.98 13
49 15
49.02 18
49.04 19
49.06 13
49.08 15
49.1 25
49.12 19
49.14 14
49.16 13
49.18 13
49.2 15
49.22 13
49.24 15
49.26 15
49.28 7
49.3 10
49.32 13
49.34 11
49.36 14
49.38 14
49.4 17
49.42 15
49.44 14
49.46 21
49.48 15
49.5 13
49.52 10
49.54 21
49.56 15
49.58 13
49.6 12
49.62 17
49.64 13
49.66 9
49.68 20
49.7 12
49.72 16
49.74 16
49.76 10
49.78 16
49.8 14
49.82 18
49.84 17
49.86 14
49.88 15
49.9 19
49.92 18
49.94 22
49.96 15
49.98 17
50 12
50.02 17
50.04 15
50.06 15
50.08 15
50.1 10
50.12 17
50.14 22
50.16 21
50.18 19
50.2 17
50.22 19
50.24 13
50.26 11
50.28 14
50.3 15
50.32 19
50.34 16
50.36 11
50.38 13
50.4 15
50.42 20
50.44 17
50.46 16
50.48 9
50.5 11
50.52 12
50.54 16
50.56 21
50.58 12
50.6 14
50.62 18
50.64 8
50.66 8
50.68 9
50.7 15
50.72 10
50.74 6
50.76 12
50.78 20
50.8 20
50.82 16
50.84 11
50.86 15
50.88 18
50.9 19
50.92 20
50.94 19
50.96 19
50.98 15
51 11
51.02 17
51.04 16
51.06 9
51.08 20
51.1 16
51.12 8
51.14 11
51.16 18
51.18 6
51.2 13
51.22 12
51.24 15
51.26 12
51.28 13
51.3 20
51.32 15
51.34 20
51.36 19
51.38 17
51.4 15
51.42 13
51.44 19
51.46 18
51.48 17
51.5 15
51.52 17
51.54 10
51.56 17
51.58 8
51.6 13
51.62 12
51.64 12
51.66 16
51.68 8
51.7 21
51.72 14
51.74 12
51.76 17
51.78 11
51.8 15
51.82 17
51.84 9
51.86 7
51.88 13
51.9 11
51.92 15
51.94 15
51.96 12
51.98 10
52 9
52.02 14
52.04 17
52.06 20
52.08 15
52.1 15
52.12 13
52.14 12
52.16 13
52.18 19
52.2 13
52.22 15
52.24 12
52.26 13
52.28 19
52.3 17
52.32 21
52.34 20
52.36 17
52.38 19
52.4 19
52.42 16
52.44 12
52.46 11
52.48 12
52.5 17
52.52 20
52.54 21
52.56 9
52.58 12
52.6 17
52.62 14
52.64 14
52.66 8
52.68 18
52.7 10
52.72 11
52.74 21
52.76 12
52.78 13
52.8 16
52.82 12
52.84 19
52.86 17
52.88 13
52.9 16
52.92 15
52.94 9
52.96 15
52.98 13
53 23
53.02 18
53.04 15
53.06 11
53.08 14
53.1 20
53.12 13
53.14 11
53.16 15
53.18 21
53.2 7
53.22 7
53.24 16
53.26 12
53.28 10
53.3 16
53.32 15
53.34 14
53.36 18
53.38 11
53.4 12
53.42 19
53.44 8
53.46 15
53.48 11
53.5 14
53.52 19
53.54 11
53.56 11
53.58 16
53.6 10
53.62 14
53.64 11
53.66 13
53.68 11
53.7 13
53.72 21
53.74 20
53.76 10
53.78 10
53.8 20
53.82 12
53.84 18
53.86 13
53.88 18
53.9 13
53.92 14
53.94 25
53.96 16
53.98 17
54 10
54.02 20
54.04 18
54.06 12
54.08 13
54.1 15
54.12 16
54.14 12
54.16 5
54.18 14
54.2 14
54.22 15
54.24 15
54.26 13
54.28 15
54.3 13
54.32 21
54.34 13
54.36 11
54.38 8
54.4 9
54.42 12
54.44 12
54.46 23
54.48 18
54.5 12
54.52 15
54.54 16
54.56 10
54.58 18
54.6 13
54.62 16
54.64 12
54.66 17
54.68 12
54.7 15
54.72 23
54.74 15
54.76 14
54.78 23
54.8 10
54.82 12
54.84 12
54.86 16
54.88 12
54.9 10
54.92 15
54.94 14
54.96 9
54.98 13
55 11
55.02 12
55.04 19
55.06 13
55.08 17
55.1 14
55.12 12
55.14 13
55.16 9
55.18 6
55.2 12
55.22 15
55.24 14
55.26 10
55.28 18
55.3 11
55.32 16
55.34 13
55.36 13
55.38 19
55.4 18
55.42 14
55.44 18
55.46 19
55.48 14
55.5 16
55.52 11
55.54 12
55.56 12
55.58 19
55.6 18
55.62 7
55.64 18
55.66 16
55.68 13
55.7 14
55.72 13
55.74 10
55.76 14
55.78 12
55.8 14
55.82 11
55.84 14
55.86 12
55.88 12
55.9 8
55.92 19
55.94 19
55.96 16
55.98 16
56 14
56.02 8
56.04 15
56.06 15
56.08 13
56.1 11
56.12 17
56.14 18
56.16 16
56.18 12
56.2 13
56.22 14
56.24 16
56.26 11
56.28 19
56.3 20
56.32 14
56.34 17
56.36 14
56.38 13
56.4 13
56.42 17
56.44 13
56.46 18
56.48 10
56.5 22
56.52 17
56.54 14
56.56 21
56.58 14
56.6 18
56.62 20
56.64 13
56.66 16
56.68 16
56.7 14
56.72 16
56.74 14
56.76 14
56.78 17
56.8 17
56.82 13
56.84 13
56.86 11
56.88 20
56.9 17
56.92 11
56.94 21
56.96 15
56.98 16
57 12
57.02 18
57.04 10
57.06 11
57.08 15
57.1 20
57.12 18
57.14 15
57.16 13
57.18 12
57.2 18
57.22 13
57.24 9
57.26 10
57.28 12
57.3 15
57.32 12
57.34 15
57.36 10
57.38 12
57.4 14
57.42 15
57.44 20
57.46 18
57.48 9
57.5 13
57.52 15
57.54 18
57.56 22
57.58 11
57.6 15
57.62 16
57.64 13
57.66 19
57.68 12
57.7 17
57.72 12
57.74 20
57.76 17
57.78 24
57.8 16
57.82 22
57.84 15
57.86 14
57.88 18
57.9 10
57.92 19
57.94 12
57.96 21
57.98 13
58 15
58.02 11
58.04 10
58.06 12
58.08 17
58.1 18
58.12 20
58.14 14
58.16 13
58.18 16
58.2 13
58.22 2
58.24 8
58.26 20
58.28 16
58.3 8
58.32 12
58.34 8
58.36 14
58.38 17
58.4 19
58.42 12
58.44 14
58.46 13
58.48 12
58.5 9
58.52 12
58.54 21
58.56 16
58.58 21
58.6 15
58.62 27
58.64 14
58.66 24
58.68 11
58.7 17
58.72 19
58.74 15
58.76 13
58.78 9
58.8 13
58.82 14
58.84 14
58.86 15
58.88 8
58.9 13
58.92 8
58.94 13
58.96 10
58.98 14
59 17
59.02 14
59.04 13
59.06 20
59.08 24
59.1 8
59.12 8
59.14 21
59.16 9
59.18 14
59.2 11
59.22 9
59.24 10
59.26 8
59.28 9
59.3 20
59.32 16
59.34 13
59.36 15
59.38 10
59.4 19
59.42 18
59.44 7
59.46 11
59.48 12
59.5 6
59.52 17
59.54 12
59.56 11
59.58 21
59.6 22
59.62 9
59.64 17
59.66 17
59.68 19
59.7 12
59.72 20
59.74 14
59.76 15
59.78 16
59.8 11
59.82 15
59.84 11
59.86 12
59.88 16
59.9 13
59.92 6
59.94 16
59.96 18
59.98 10
60 11
60.02 14
60.04 12
60.06 18
60.08 16
60.1 14
60.12 14
60.14 8
60.16 15
60.18 18
60.2 19
60.22 15
60.24 18
60.26 10
60.28 8
60.3 20
60.32 16
60.34 12
60.36 18
60.38 15
60.4 17
60.42 12
60.44 15
60.46 18
60.48 19
60.5 13
60.52 9
60.54 15
60.56 16
60.58 10
60.6 11
60.62 9
60.64 13
60.66 14
60.68 13
60.7 16
60.72 19
60.74 11
60.76 17
60.78 17
60.8 13
60.82 15
60.84 18
60.86 10
60.88 14
60.9 14
60.92 11
60.94 11
60.96 16
60.98 10
61 18
61.02 18
61.04 17
61.06 11
61.08 15
61.1 14
61.12 9
61.14 17
61.16 17
61.18 22
61.2 19
61.22 17
61.24 18
61.26 9
61.28 14
61.3 14
61.32 14
61.34 24
61.36 14
61.38 6
61.4 14
61.42 17
61.44 13
61.46 15
61.48 17
61.5 19
61.52 11
61.54 12
61.56 14
61.58 18
61.6 15
61.62 21
61.64 20
61.66 11
61.68 19
61.7 12
61.72 18
61.74 17
61.76 25
61.78 19
61.8 15
61.82 10
61.84 15
61.86 11
61.88 10
61.9 16
61.92 18
61.94 17
61.96 17
61.98 8
62 17
62.02 24
62.04 14
62.06 14
62.08 21
62.1 13
62.12 16
62.14 14
62.16 10
62.18 17
62.2 20
62.22 15
62.24 13
62.26 10
62.28 11
62.3 20
62.32 17
62.34 21
62.36 10
62.38 15
62.4 15
62.42 10
62.44 14
62.46 16
62.48 19
62.5 14
62.52 26
62.54 18
62.56 9
62.58 15
62.6 16
62.62 23
62.64 13
62.66 12
62.68 19
62.7 8
62.72 16
62.74 13
62.76 16
62.78 12
62.8 20
62.82 12
62.84 13
62.86 15
62.88 18
62.9 17
62.92 27
62.94 17
62.96 13
62.98 16
63 11
63.02 13
63.04 11
63.06 15
63.08 19
63.1 13
63.12 16
63.14 10
63.16 12
63.18 14
63.2 21
63.22 15
63.24 15
63.26 15
63.28 17
63.3 19
63.32 22
63.34 14
63.36 26
63.38 11
63.4 17
63.42 11
63.44 17
63.46 10
63.48 17
63.5 18
63.52 16
63.54 21
63.56 14
63.58 15
63.6 21
63.62 14
63.64 13
63.66 17
63.68 12
63.7 20
63.72 9
63.74 23
63.76 11
63.78 16
63.8 13
63.82 15
63.84 10
63.86 15
63.88 12
63.9 13
63.92 12
63.94 15
63.96 13
63.98 16
64 14
64.02 22
64.04 14
64.06 14
64.08 18
64.1 16
64.12 14
64.14 16
64.16 9
64.18 16
64.2 17
64.22 18
64.24 25
64.26 18
64.28 23
64.3 12
64.32 19
64.34 11
64.36 18
64.38 20
64.4 16
64.42 19
64.44 16
64.46 15
64.48 13
64.5 19
64.52 16
64.54 14
64.56 19
64.58 22
64.6 23
64.62 21
64.64 19
64.66 21
64.68 15
64.7 19
64.72 18
64.74 15
64.76 25
64.78 20
64.8 20
64.82 12
64.84 13
64.86 10
64.88 22
64.9 20
64.92 11
64.94 17
64.96 23
64.98 19
65 11
65.02 15
65.04 22
65.06 19
65.08 14
65.1 20
65.12 15
65.14 23
65.16 17
65.18 16
65.2 15
65.22 24
65.24 14
65.26 21
65.28 19
65.3 24
65.32 25
65.34 21
65.36 24
65.38 22
65.4 15
65.42 18
65.44 24
65.46 26
65.48 24
65.5 22
65.52 16
65.54 22
65.56 23
65.58 21
65.6 20
65.62 17
65.64 30
65.66 14
65.68 23
65.7 15
65.72 32
65.74 23
65.76 27
65.78 17
65.8 18
65.82 17
65.84 17
65.86 19
65.88 22
65.9 16
65.92 20
65.94 18
65.96 20
65.98 20
66 22
66.02 29
66.04 19
66.06 32
66.08 25
66.1 29
66.12 19
66.14 17
66.16 23
66.18 18
66.2 24
66.22 26
66.24 25
66.26 21
66.28 26
66.3 21
66.32 31
66.34 31
66.36 32
66.38 25
66.4 22
66.42 31
66.44 21
66.46 20
66.48 21
66.5 32
66.52 28
66.54 25
66.56 22
66.58 33
66.6 29
66.62 33
66.64 35
66.66 24
66.68 22
66.7 32
66.72 23
66.74 26
66.76 30
66.78 30
66.8 24
66.82 29
66.84 28
66.86 38
66.88 28
66.9 26
66.92 37
66.94 36
66.96 41
66.98 27
67 39
67.02 28
67.04 30
67.06 31
67.08 29
67.1 21
67.12 28
67.14 38
67.16 29
67.18 37
67.2 25
67.22 40
67.24 39
67.26 29
67.28 42
67.3 37
67.32 38
67.34 46
67.36 43
67.38 43
67.4 38
67.42 30
67.44 35
67.46 42
67.48 32
67.5 40
67.52 37
67.54 44
67.56 35
67.58 47
67.6 43
67.62 58
67.64 46
67.66 33
67.68 35
67.7 42
67.72 40
67.74 58
67.76 54
67.78 32
67.8 44
67.82 51
67.84 52
67.86 38
67.88 51
67.9 47
67.92 41
67.94 57
67.96 47
67.98 42
68 58
68.02 52
68.04 57
68.06 64
68.08 64
68.1 55
68.12 77
68.14 57
68.16 47
68.18 60
68.2 67
68.22 54
68.24 65
68.26 69
68.28 52
68.3 65
68.32 61
68.34 59
68.36 44
68.38 66
68.4 51
68.42 56
68.44 57
68.46 67
68.48 86
68.5 73
68.52 65
68.54 83
68.56 90
68.58 85
68.6 81
68.62 82
68.64 86
68.66 88
68.68 76
68.7 85
68.72 81
68.74 93
68.76 88
68.78 95
68.8 96
68.82 83
68.84 116
68.86 112
68.88 142
68.9 131
68.92 158
68.94 181
68.96 220
68.98 319
69 387
69.02 595
69.04 834
69.06 1194
69.08 1399
69.1 1208
69.12 896
69.14 578
69.16 439
69.18 358
69.2 341
69.22 412
69.24 581
69.26 737
69.28 751
69.3 670
69.32 518
69.34 321
69.36 217
69.38 170
69.4 139
69.42 129
69.44 86
69.46 106
69.48 95
69.5 96
69.52 99
69.54 68
69.56 93
69.58 73
69.6 74
69.62 74
69.64 70
69.66 78
69.68 77
69.7 69
69.72 79
69.74 71
69.76 76
69.78 69
69.8 66
69.82 60
69.84 61
69.86 64
69.88 63
69.9 64
69.92 65
69.94 62
69.96 56
69.98 70
70 62
70.02 57
70.04 63
70.06 54
70.08 55
70.1 63
70.12 49
70.14 41
70.16 65
70.18 63
70.2 49
70.22 67
70.24 58
70.26 69
70.28 56
70.3 64
70.32 56
70.34 58
70.36 60
70.38 54
70.4 54
70.42 43
70.44 59
70.46 40
70.48 73
70.5 56
70.52 49
70.54 39
70.56 43
70.58 36
70.6 46
70.62 38
70.64 44
70.66 41
70.68 35
70.7 35
70.72 51
70.74 37
70.76 43
70.78 38
70.8 49
70.82 37
70.84 40
70.86 41
70.88 33
70.9 38
70.92 46
70.94 36
70.96 46
70.98 28
71 35
71.02 33
71.04 40
71.06 41
71.08 37
71.1 36
71.12 35
71.14 38
71.16 30
71.18 32
71.2 35
71.22 37
71.24 39
71.26 33
71.28 33
71.3 28
71.32 29
71.34 20
71.36 37
71.38 32
71.4 34
71.42 27
71.44 30
71.46 39
71.48 31
71.5 20
71.52 28
71.54 18
71.56 28
71.58 30
71.6 21
71.62 32
71.64 24
71.66 18
71.68 22
71.7 25
71.72 27
71.74 33
71.76 28
71.78 21
71.8 33
71.82 22
71.84 24
71.86 29
71.88 23
71.9 27
71.92 25
71.94 27
71.96 18
71.98 19
72 24
72.02 18
72.04 25
72.06 24
72.08 21
72.1 24
72.12 23
72.14 20
72.16 25
72.18 20
72.2 29
72.22 26
72.24 28
72.26 33
72.28 22
72.3 34
72.32 15
72.34 20
72.36 14
72.38 10
72.4 27
72.42 19
72.44 24
72.46 14
72.48 15
72.5 23
72.52 21
72.54 19
72.56 20
72.58 19
72.6 9
72.62 20
72.64 19
72.66 27
72.68 23
72.7 30
72.72 18
72.74 14
72.76 22
72.78 13
72.8 23
72.82 17
72.84 26
72.86 18
72.88 24
72.9 25
72.92 15
72.94 25
72.96 18
72.98 18
73 22
73.02 13
73.04 21
73.06 11
73.08 16
73.1 19
73.12 18
73.14 10
73.16 16
73.18 14
73.2 18
73.22 19
73.24 12
73.26 19
73.28 19
73.3 16
73.32 14
73.34 20
73.36 21
73.38 12
73.4 14
73.42 9
73.44 13
73.46 23
73.48 13
73.5 9
73.52 21
73.54 15
73.56 16
73.58 15
73.6 22
73.62 18
73.64 16
73.66 14
73.68 5
73.7 17
73.72 14
73.74 18
73.76 19
73.78 18
73.8 13
73.82 13
73.84 19
73.86 19
73.88 17
73.9 8
73.92 12
73.94 20
73.96 13
73.98 14
74 9
74.02 18
74.04 17
74.06 11
74.08 13
74.1 16
74.12 14
74.14 11
74.16 15
74.18 14
74.2 17
74.22 17
74.24 20
74.26 10
74.28 19
74.3 19
74.32 9
74.34 11
74.36 16
74.38 14
74.4 7
74.42 13
74.44 12
74.46 14
74.48 16
74.5 16
74.52 18
74.54 13
74.56 11
74.58 14
74.6 14
74.62 13
74.64 18
74.66 17
74.68 13
74.7 16
74.72 10
74.74 8
74.76 13
74.78 11
74.8 11
74.82 11
74.84 15
74.86 13
74.88 9
74.9 10
74.92 18
74.94 19
74.96 10
74.98 12
75 12
75.02 14
75.04 13
75.06 16
75.08 14
75.1 5
75.12 15
75.14 9
75.16 22
75.18 14
75.2 16
75.22 9
75.24 6
75.26 16
75.28 24
75.3 13
75.32 10
75.34 14
75.36 10
75.38 19
75.4 16
75.42 10
75.44 14
75.46 9
75.48 8
75.5 13
75.52 11
75.54 10
75.56 16
75.58 9
75.6 11
75.62 13
75.64 14
75.66 10
75.68 16
75.7 15
75.72 7
75.74 8
75.76 17
75.78 13
75.8 6
75.82 9
75.84 14
75.86 12
75.88 15
75.9 11
75.92 15
75.94 9
75.96 13
75.98 9
76 8
76.02 10
76.04 12
76.06 11
76.08 9
76.1 12
76.12 14
76.14 8
76.16 11
76.18 7
76.2 13
76.22 14
76.24 13
76.26 15
76.28 15
76.3 11
76.32 11
76.34 11
76.36 8
76.38 10
76.4 12
76.42 6
76.44 11
76.46 5
76.48 11
76.5 8
76.52 10
76.54 8
76.56 10
76.58 10
76.6 10
76.62 14
76.64 9
76.66 8
76.68 13
76.7 11
76.72 8
76.74 10
76.76 9
76.78 17
76.8 12
76.82 10
76.84 13
76.86 11
76.88 13
76.9 16
76.92 11
76.94 11
76.96 5
76.98 10
77 9
77.02 7
77.04 4
77.06 10
77.08 10
77.1 12
77.12 12
77.14 12
77.16 9
77.18 8
77.2 17
77.22 10
77.24 11
77.26 11
77.28 14
77.3 13
77.32 12
77.34 8
77.36 11
77.38 13
77.4 14
77.42 9
77.44 9
77.46 5
77.48 11
77.5 10
77.52 11
77.54 10
77.56 14
77.58 13
77.6 6
77.62 10
77.64 9
77.66 10
77.68 16
77.7 9
77.72 7
77.74 8
77.76 13
77.78 15
77.8 11
77.82 11
77.84 4
77.86 8
77.88 8
77.9 17
77.92 12
77.94 7
77.96 10
77.98 9
78 10
78.02 10
78.04 9
78.06 9
78.08 6
78.1 5
78.12 5
78.14 13
78.16 12
78.18 11
78.2 11
78.22 11
78.24 11
78.26 10
78.28 9
78.3 11
78.32 8
78.34 15
78.36 15
78.38 9
78.4 6
78.42 13
78.44 11
78.46 8
78.48 12
78.5 7
78.52 8
78.54 6
78.56 10
78.58 12
78.6 12
78.62 11
78.64 10
78.66 9
78.68 9
78.7 8
78.72 11
78.74 13
78.76 11
78.78 8
78.8 8
78.82 10
78.84 10
78.86 12
78.88 9
78.9 7
78.92 9
78.94 8
78.96 6
78.98 11
79 10
79.02 9
79.04 11
79.06 11
79.08 12
79.1 10
79.12 6
79.14 14
79.16 9
79.18 7
79.2 6
79.22 8
79.24 14
79.26 9
79.28 11
79.3 9
79.32 12
79.34 11
79.36 8
79.38 4
79.4 9
79.42 9
79.44 6
79.46 12
79.48 12
79.5 10
79.52 13
79.54 9
79.56 5
79.58 6
79.6 9
79.62 9
79.64 8
79.66 9
79.68 14
79.7 8
79.72 11
79.74 10
79.76 13
79.78 8
79.8 7
79.82 11
79.84 4
79.86 7
79.88 9
79.9 11
79.92 13
79.94 4
79.96 8
79.98 8
80 8
80.02 6
80.04 13
80.06 4
80.08 8
80.1 6
80.12 7
80.14 6
80.16 14
80.18 10
80.2 4
80.22 13
80.24 5
80.26 7
80.28 13
80.3 9
80.32 6
80.34 12
80.36 10
80.38 11
80.4 8
80.42 15
80.44 17
80.46 10
80.48 5
80.5 11
80.52 8
80.54 13
80.56 9
80.58 10
80.6 13
80.62 12
80.64 9
80.66 6
80.68 8
80.7 8
80.72 14
80.74 13
80.76 9
80.78 9
80.8 5
80.82 4
80.84 5
80.86 14
80.88 11
80.9 9
80.92 6
80.94 7
80.96 10
80.98 14
81 13
81.02 9
81.04 14
81.06 5
81.08 5
81.1 4
81.12 8
81.14 12
81.16 7
81.18 9
81.2 6
81.22 10
81.24 10
81.26 8
81.28 12
81.3 8
81.32 7
81.34 9
81.36 15
81.38 7
81.4 3
81.42 12
81.44 12
81.46 10
81.48 10
81.5 8
81.52 6
81.54 5
81.56 13
81.58 8
81.6 12
81.62 8
81.64 12
81.66 6
81.68 8
81.7 2
81.72 8
81.74 8
81.76 9
81.78 10
81.8 12
81.82 15
81.84 10
81.86 13
81.88 10
81.9 6
81.92 7
81.94 9
81.96 12
81.98 6
82 10
82.02 4
82.04 8
82.06 10
82.08 8
82.1 3
82.12 10
82.14 9
82.16 6
82.18 11
82.2 9
82.22 14
82.24 6
82.26 13
82.28 7
82.3 5
82.32 12
82.34 8
82.36 9
82.38 10
82.4 13
82.42 8
82.44 8
82.46 11
82.48 7
82.5 13
82.52 12
82.54 6
82.56 7
82.58 13
82.6 8
82.62 7
82.64 13
82.66 6
82.68 7
82.7 11
82.72 10
82.74 12
82.76 7
82.78 6
82.8 9
82.82 11
82.84 8
82.86 6
82.88 7
82.9 6
82.92 8
82.94 11
82.96 14
82.98 8
83 6
83.02 6
83.04 6
83.06 10
83.08 15
83.1 8
83.12 9
83.14 7
83.16 10
83.18 4
83.2 12
83.22 12
83.24 9
83.26 9
83.28 4
83.3 9
83.32 12
83.34 6
83.36 8
83.38 7
83.4 6
83.42 5
83.44 8
83.46 7
83.48 5
83.5 10
83.52 13
83.54 8
83.56 5
83.58 6
83.6 7
83.62 7
83.64 7
83.66 8
83.68 5
83.7 6
83.72 9
83.74 16
83.76 9
83.78 5
83.8 7
83.82 12
83.84 5
83.86 9
83.88 13
83.9 11
83.92 5
83.94 6
83.96 12
83.98 8
84 10
84.02 5
84.04 10
84.06 13
84.08 10
84.1 10
84.12 10
84.14 13
84.16 4
84.18 6
84.2 9
84.22 11
84.24 5
84.26 6
84.28 5
84.3 10
84.32 13
84.34 14
84.36 5
84.38 8
84.4 7
84.42 5
84.44 9
84.46 4
84.48 10
84.5 4
84.52 9
84.54 3
84.56 4
84.58 9
84.6 9
84.62 8
84.64 10
84.66 5
84.68 5
84.7 6
84.72 13
84.74 5
84.76 7
84.78 6
84.8 10
84.82 5
84.84 7
84.86 7
84.88 13
84.9 8
84.92 8
84.94 6
84.96 7
84.98 13
85 6
85.02 6
85.04 12
85.06 5
85.08 11
85.1 8
85.12 9
85.14 6
85.16 4
85.18 8
85.2 10
85.22 4
85.24 1
85.26 2
85.28 13
85.3 13
85.32 10
85.34 6
85.36 4
85.38 8
85.4 9
85.42 11
85.44 11
85.46 3
85.48 2
85.5 9
85.52 12
85.54 7
85.56 9
85.58 6
85.6 11
85.62 4
85.64 12
85.66 4
85.68 8
85.7 7
85.72 9
85.74 12
85.76 3
85.78 5
85.8 7
85.82 12
85.84 6
85.86 8
85.88 7
85.9 6
85.92 6
85.94 7
85.96 5
85.98 3
86 4
86.02 6
86.04 11
86.06 8
86.08 9
86.1 10
86.12 7
86.14 10
86.16 3
86.18 3
86.2 12
86.22 8
86.24 5
86.26 4
86.28 7
86.3 7
86.32 11
86.34 10
86.36 6
86.38 10
86.4 7
86.42 6
86.44 8
86.46 7
86.48 4
86.5 7
86.52 7
86.54 12
86.56 6
86.58 6
86.6 7
86.62 4
86.64 6
86.66 5
86.68 7
86.7 6
86.72 3
86.74 6
86.76 6
86.78 11
86.8 6
86.82 3
86.84 5
86.86 7
86.88 8
86.9 7
86.92 8
86.94 3
86.96 8
86.98 11
87 8
87.02 9
87.04 9
87.06 10
87.08 8
87.1 7
87.12 8
87.14 4
87.16 8
87.18 6
87.2 7
87.22 8
87.24 13
87.26 9
87.28 9
87.3 2
87.32 6
87.34 9
87.36 8
87.38 7
87.4 6
87.42 5
87.44 8
87.46 9
87.48 9
87.5 7
87.52 9
87.54 5
87.56 7
87.58 6
87.6 13
87.62 9
87.64 7
87.66 10
87.68 7
87.7 4
87.72 6
87.74 3
87.76 6
87.78 2
87.8 2
87.82 6
87.84 7
87.86 9
87.88 6
87.9 4
87.92 7
87.94 7
87.96 8
87.98 5
88 11
88.02 6
88.04 5
88.06 8
88.08 8
88.1 6
88.12 7
88.14 4
88.16 8
88.18 9
88.2 7
88.22 7
88.24 9
88.26 6
88.28 7
88.3 5
88.32 6
88.34 7
88.36 7
88.38 9
88.4 10
88.42 3
88.44 7
88.46 7
88.48 10
88.5 9
88.52 4
88.54 10
88.56 7
88.58 1
88.6 8
88.62 8
88.64 11
88.66 7
88.68 7
88.7 5
88.72 7
88.74 9
88.76 9
88.78 5
88.8 5
88.82 7
88.84 11
88.86 7
88.88 8
88.9 6
88.92 4
88.94 9
88.96 7
88.98 4
89 9
89.02 6
89.04 6
89.06 7
89.08 12
89.1 9
89.12 4
89.14 4
89.16 1
89.18 3
89.2 13
89.22 7
89.24 6
89.26 8
89.28 11
89.3 6
89.32 4
89.34 5
89.36 3
89.38 2
89.4 9
89.42 9
89.44 6
89.46 6
89.48 1
89.5 7
89.52 2
89.54 11
89.56 9
89.58 4
89.6 12
89.62 6
89.64 5
89.66 8
89.68 3
89.7 4
89.72 9
89.74 4
89.76 6
89.78 6
89.8 2
89.82 6
89.84 9
89.86 4
89.88 7
89.9 7
89.92 7
89.94 5
89.96 5
89.98 4
90 7
