Sample SnonSi_å§ñÅÇ†ÇË_SnÇ
Comments medium
Filename C:\WINDMAX\DATA\SHIMANO\XRD20190306\SnonSi_Kenma#2000_K2SnO3aq_20190122_mid.raw
Goniometer TTRáV êÖïΩ∫ﬁ∆µ“∞¿(Tsé≤éËìÆ,ADS)
Attachment ïWèÄééóøŒŸ¿ﬁ∞
Monochromater å≈íË”…∏€“∞¿
ScanningMode 2Theta/Theta
ScanningType Continuos Scanning
X-Ray 40kV/300mA
î≠éUΩÿØƒ 2/3Åã
î≠éUècêßå¿ΩÿØƒ 10mm
éUóêΩÿØƒ 2/3Åã
éÛåıΩÿØƒ 0.3mm
±Ø√»∞¿ äJï˙
”…∏€éÛåıΩÿØƒ 0.8mm
Start 10
Stop 90
Step 0.02
10 168
10.02 154
10.04 164
10.06 126
10.08 160
10.1 164
10.12 156
10.14 191
10.16 148
10.18 150
10.2 162
10.22 143
10.24 188
10.26 166
10.28 147
10.3 168
10.32 155
10.34 146
10.36 156
10.38 148
10.4 151
10.42 174
10.44 165
10.46 138
10.48 157
10.5 130
10.52 148
10.54 143
10.56 155
10.58 135
10.6 152
10.62 131
10.64 131
10.66 160
10.68 158
10.7 132
10.72 165
10.74 121
10.76 154
10.78 136
10.8 143
10.82 134
10.84 157
10.86 115
10.88 141
10.9 165
10.92 140
10.94 142
10.96 158
10.98 142
11 131
11.02 141
11.04 156
11.06 138
11.08 170
11.1 158
11.12 161
11.14 129
11.16 159
11.18 148
11.2 158
11.22 146
11.24 151
11.26 140
11.28 136
11.3 136
11.32 141
11.34 117
11.36 127
11.38 158
11.4 154
11.42 130
11.44 145
11.46 130
11.48 116
11.5 130
11.52 168
11.54 128
11.56 142
11.58 138
11.6 160
11.62 155
11.64 144
11.66 130
11.68 158
11.7 141
11.72 115
11.74 143
11.76 154
11.78 140
11.8 147
11.82 157
11.84 135
11.86 137
11.88 153
11.9 165
11.92 151
11.94 159
11.96 134
11.98 152
12 134
12.02 159
12.04 136
12.06 169
12.08 152
12.1 130
12.12 145
12.14 120
12.16 149
12.18 147
12.2 133
12.22 145
12.24 163
12.26 149
12.28 144
12.3 148
12.32 147
12.34 156
12.36 150
12.38 138
12.4 137
12.42 141
12.44 135
12.46 157
12.48 129
12.5 152
12.52 132
12.54 140
12.56 163
12.58 142
12.6 147
12.62 174
12.64 147
12.66 143
12.68 148
12.7 166
12.72 135
12.74 148
12.76 141
12.78 144
12.8 166
12.82 144
12.84 150
12.86 160
12.88 159
12.9 164
12.92 155
12.94 145
12.96 131
12.98 151
13 148
13.02 161
13.04 135
13.06 143
13.08 161
13.1 135
13.12 144
13.14 140
13.16 148
13.18 154
13.2 167
13.22 148
13.24 127
13.26 177
13.28 132
13.3 165
13.32 153
13.34 182
13.36 147
13.38 147
13.4 174
13.42 154
13.44 155
13.46 153
13.48 160
13.5 157
13.52 158
13.54 160
13.56 176
13.58 161
13.6 156
13.62 143
13.64 161
13.66 163
13.68 145
13.7 154
13.72 165
13.74 154
13.76 168
13.78 181
13.8 151
13.82 171
13.84 150
13.86 157
13.88 173
13.9 152
13.92 161
13.94 167
13.96 178
13.98 154
14 156
14.02 134
14.04 175
14.06 168
14.08 177
14.1 182
14.12 190
14.14 199
14.16 179
14.18 154
14.2 163
14.22 180
14.24 166
14.26 167
14.28 171
14.3 165
14.32 164
14.34 152
14.36 177
14.38 169
14.4 190
14.42 195
14.44 209
14.46 175
14.48 172
14.5 181
14.52 174
14.54 180
14.56 169
14.58 179
14.6 190
14.62 167
14.64 196
14.66 180
14.68 197
14.7 195
14.72 166
14.74 199
14.76 188
14.78 167
14.8 194
14.82 203
14.84 156
14.86 177
14.88 191
14.9 172
14.92 222
14.94 170
14.96 171
14.98 179
15 201
15.02 185
15.04 185
15.06 186
15.08 183
15.1 185
15.12 181
15.14 167
15.16 212
15.18 187
15.2 172
15.22 189
15.24 191
15.26 168
15.28 172
15.3 210
15.32 164
15.34 187
15.36 187
15.38 178
15.4 173
15.42 191
15.44 185
15.46 194
15.48 203
15.5 171
15.52 186
15.54 186
15.56 186
15.58 178
15.6 174
15.62 206
15.64 210
15.66 209
15.68 191
15.7 182
15.72 192
15.74 189
15.76 187
15.78 182
15.8 181
15.82 179
15.84 193
15.86 172
15.88 180
15.9 181
15.92 174
15.94 200
15.96 200
15.98 207
16 197
16.02 197
16.04 185
16.06 194
16.08 195
16.1 188
16.12 200
16.14 203
16.16 187
16.18 200
16.2 203
16.22 193
16.24 176
16.26 214
16.28 192
16.3 199
16.32 198
16.34 200
16.36 215
16.38 206
16.4 195
16.42 196
16.44 181
16.46 175
16.48 157
16.5 203
16.52 187
16.54 198
16.56 204
16.58 228
16.6 185
16.62 207
16.64 194
16.66 229
16.68 174
16.7 175
16.72 184
16.74 180
16.76 184
16.78 193
16.8 179
16.82 211
16.84 207
16.86 207
16.88 196
16.9 175
16.92 217
16.94 216
16.96 210
16.98 201
17 189
17.02 212
17.04 218
17.06 176
17.08 219
17.1 195
17.12 189
17.14 193
17.16 194
17.18 182
17.2 210
17.22 186
17.24 199
17.26 185
17.28 191
17.3 180
17.32 198
17.34 173
17.36 242
17.38 182
17.4 191
17.42 186
17.44 195
17.46 196
17.48 200
17.5 198
17.52 174
17.54 165
17.56 196
17.58 188
17.6 179
17.62 221
17.64 197
17.66 201
17.68 195
17.7 186
17.72 215
17.74 192
17.76 205
17.78 189
17.8 186
17.82 207
17.84 191
17.86 207
17.88 198
17.9 218
17.92 228
17.94 213
17.96 204
17.98 202
18 207
18.02 212
18.04 237
18.06 223
18.08 222
18.1 195
18.12 211
18.14 193
18.16 207
18.18 234
18.2 186
18.22 218
18.24 230
18.26 219
18.28 227
18.3 231
18.32 212
18.34 209
18.36 212
18.38 219
18.4 174
18.42 219
18.44 221
18.46 226
18.48 210
18.5 190
18.52 220
18.54 205
18.56 217
18.58 220
18.6 214
18.62 211
18.64 184
18.66 233
18.68 218
18.7 213
18.72 226
18.74 228
18.76 208
18.78 207
18.8 229
18.82 221
18.84 210
18.86 220
18.88 206
18.9 248
18.92 220
18.94 220
18.96 223
18.98 232
19 201
19.02 252
19.04 250
19.06 218
19.08 233
19.1 240
19.12 245
19.14 213
19.16 233
19.18 217
19.2 244
19.22 215
19.24 215
19.26 236
19.28 227
19.3 214
19.32 220
19.34 232
19.36 212
19.38 234
19.4 218
19.42 227
19.44 260
19.46 249
19.48 244
19.5 215
19.52 238
19.54 239
19.56 228
19.58 217
19.6 250
19.62 252
19.64 253
19.66 216
19.68 244
19.7 239
19.72 245
19.74 237
19.76 233
19.78 234
19.8 244
19.82 275
19.84 272
19.86 237
19.88 255
19.9 202
19.92 242
19.94 267
19.96 237
19.98 269
20 257
20.02 267
20.04 251
20.06 250
20.08 254
20.1 268
20.12 231
20.14 258
20.16 231
20.18 256
20.2 268
20.22 264
20.24 218
20.26 260
20.28 279
20.3 255
20.32 235
20.34 269
20.36 239
20.38 275
20.4 264
20.42 273
20.44 239
20.46 254
20.48 269
20.5 235
20.52 263
20.54 281
20.56 287
20.58 258
20.6 226
20.62 264
20.64 269
20.66 267
20.68 274
20.7 290
20.72 261
20.74 269
20.76 263
20.78 260
20.8 248
20.82 285
20.84 267
20.86 273
20.88 259
20.9 273
20.92 239
20.94 250
20.96 293
20.98 298
21 266
21.02 264
21.04 266
21.06 295
21.08 267
21.1 285
21.12 260
21.14 278
21.16 293
21.18 297
21.2 281
21.22 301
21.24 276
21.26 288
21.28 294
21.3 305
21.32 297
21.34 299
21.36 282
21.38 298
21.4 314
21.42 337
21.44 335
21.46 348
21.48 326
21.5 296
21.52 299
21.54 308
21.56 325
21.58 342
21.6 302
21.62 320
21.64 321
21.66 324
21.68 303
21.7 306
21.72 324
21.74 338
21.76 340
21.78 338
21.8 318
21.82 350
21.84 339
21.86 357
21.88 331
21.9 355
21.92 362
21.94 360
21.96 349
21.98 362
22 329
22.02 339
22.04 358
22.06 344
22.08 343
22.1 392
22.12 372
22.14 324
22.16 357
22.18 370
22.2 380
22.22 357
22.24 330
22.26 413
22.28 333
22.3 411
22.32 358
22.34 386
22.36 380
22.38 329
22.4 369
22.42 347
22.44 364
22.46 383
22.48 380
22.5 375
22.52 361
22.54 367
22.56 386
22.58 393
22.6 378
22.62 392
22.64 351
22.66 382
22.68 353
22.7 378
22.72 367
22.74 353
22.76 369
22.78 384
22.8 353
22.82 360
22.84 367
22.86 372
22.88 347
22.9 364
22.92 340
22.94 354
22.96 337
22.98 356
23 318
23.02 336
23.04 300
23.06 322
23.08 337
23.1 346
23.12 323
23.14 329
23.16 323
23.18 318
23.2 357
23.22 284
23.24 325
23.26 301
23.28 307
23.3 311
23.32 328
23.34 287
23.36 321
23.38 271
23.4 312
23.42 313
23.44 313
23.46 294
23.48 314
23.5 282
23.52 316
23.54 302
23.56 304
23.58 314
23.6 282
23.62 269
23.64 324
23.66 283
23.68 304
23.7 267
23.72 295
23.74 287
23.76 282
23.78 295
23.8 288
23.82 274
23.84 294
23.86 309
23.88 260
23.9 262
23.92 285
23.94 236
23.96 274
23.98 295
24 258
24.02 301
24.04 260
24.06 272
24.08 297
24.1 275
24.12 278
24.14 287
24.16 275
24.18 270
24.2 276
24.22 259
24.24 246
24.26 267
24.28 264
24.3 268
24.32 256
24.34 269
24.36 285
24.38 272
24.4 267
24.42 265
24.44 264
24.46 264
24.48 228
24.5 244
24.52 251
24.54 270
24.56 277
24.58 276
24.6 284
24.62 246
24.64 296
24.66 291
24.68 252
24.7 319
24.72 272
24.74 245
24.76 257
24.78 264
24.8 271
24.82 273
24.84 284
24.86 231
24.88 259
24.9 257
24.92 291
24.94 271
24.96 277
24.98 281
25 263
25.02 251
25.04 254
25.06 259
25.08 262
25.1 261
25.12 251
25.14 244
25.16 268
25.18 281
25.2 254
25.22 258
25.24 258
25.26 239
25.28 269
25.3 251
25.32 261
25.34 240
25.36 260
25.38 252
25.4 259
25.42 272
25.44 271
25.46 258
25.48 264
25.5 281
25.52 237
25.54 262
25.56 246
25.58 264
25.6 214
25.62 271
25.64 242
25.66 257
25.68 274
25.7 264
25.72 264
25.74 273
25.76 288
25.78 289
25.8 282
25.82 283
25.84 247
25.86 251
25.88 264
25.9 242
25.92 284
25.94 263
25.96 265
25.98 266
26 252
26.02 257
26.04 265
26.06 259
26.08 255
26.1 276
26.12 232
26.14 238
26.16 287
26.18 259
26.2 251
26.22 244
26.24 246
26.26 246
26.28 285
26.3 238
26.32 244
26.34 259
26.36 263
26.38 254
26.4 302
26.42 263
26.44 261
26.46 268
26.48 266
26.5 273
26.52 247
26.54 252
26.56 263
26.58 225
26.6 257
26.62 241
26.64 228
26.66 265
26.68 247
26.7 270
26.72 277
26.74 266
26.76 250
26.78 264
26.8 246
26.82 277
26.84 245
26.86 290
26.88 240
26.9 296
26.92 252
26.94 253
26.96 269
26.98 263
27 254
27.02 256
27.04 273
27.06 268
27.08 266
27.1 261
27.12 262
27.14 275
27.16 282
27.18 257
27.2 240
27.22 286
27.24 276
27.26 263
27.28 267
27.3 249
27.32 268
27.34 250
27.36 234
27.38 275
27.4 255
27.42 247
27.44 255
27.46 236
27.48 261
27.5 241
27.52 223
27.54 265
27.56 263
27.58 232
27.6 259
27.62 254
27.64 263
27.66 265
27.68 252
27.7 234
27.72 259
27.74 243
27.76 253
27.78 259
27.8 231
27.82 235
27.84 250
27.86 243
27.88 266
27.9 240
27.92 261
27.94 235
27.96 253
27.98 262
28 252
28.02 288
28.04 250
28.06 240
28.08 254
28.1 228
28.12 264
28.14 235
28.16 247
28.18 237
28.2 237
28.22 237
28.24 258
28.26 259
28.28 276
28.3 230
28.32 267
28.34 250
28.36 281
28.38 266
28.4 263
28.42 273
28.44 240
28.46 249
28.48 244
28.5 236
28.52 244
28.54 256
28.56 243
28.58 269
28.6 272
28.62 218
28.64 257
28.66 240
28.68 235
28.7 287
28.72 289
28.74 243
28.76 254
28.78 230
28.8 260
28.82 237
28.84 241
28.86 234
28.88 226
28.9 229
28.92 248
28.94 227
28.96 245
28.98 214
29 240
29.02 253
29.04 263
29.06 224
29.08 262
29.1 272
29.12 236
29.14 235
29.16 253
29.18 244
29.2 272
29.22 248
29.24 254
29.26 239
29.28 252
29.3 232
29.32 250
29.34 269
29.36 241
29.38 230
29.4 211
29.42 264
29.44 226
29.46 273
29.48 233
29.5 265
29.52 249
29.54 239
29.56 239
29.58 274
29.6 238
29.62 253
29.64 236
29.66 245
29.68 245
29.7 269
29.72 233
29.74 266
29.76 252
29.78 274
29.8 243
29.82 261
29.84 233
29.86 238
29.88 242
29.9 256
29.92 226
29.94 262
29.96 224
29.98 227
30 233
30.02 214
30.04 240
30.06 219
30.08 263
30.1 229
30.12 229
30.14 225
30.16 248
30.18 211
30.2 241
30.22 235
30.24 250
30.26 255
30.28 231
30.3 250
30.32 261
30.34 222
30.36 245
30.38 255
30.4 263
30.42 243
30.44 224
30.46 242
30.48 282
30.5 263
30.52 339
30.54 418
30.56 597
30.58 700
30.6 652
30.62 611
30.64 581
30.66 561
30.68 491
30.7 408
30.72 336
30.74 308
30.76 268
30.78 248
30.8 262
30.82 269
30.84 224
30.86 246
30.88 253
30.9 242
30.92 241
30.94 223
30.96 243
30.98 239
31 235
31.02 231
31.04 260
31.06 248
31.08 242
31.1 250
31.12 241
31.14 237
31.16 229
31.18 246
31.2 244
31.22 229
31.24 246
31.26 208
31.28 205
31.3 246
31.32 234
31.34 223
31.36 245
31.38 229
31.4 222
31.42 230
31.44 225
31.46 207
31.48 216
31.5 220
31.52 213
31.54 249
31.56 242
31.58 240
31.6 246
31.62 248
31.64 201
31.66 192
31.68 238
31.7 203
31.72 223
31.74 206
31.76 220
31.78 208
31.8 193
31.82 215
31.84 219
31.86 244
31.88 230
31.9 225
31.92 267
31.94 310
31.96 338
31.98 310
32 268
32.02 276
32.04 281
32.06 283
32.08 272
32.1 237
32.12 212
32.14 196
32.16 226
32.18 226
32.2 201
32.22 231
32.24 225
32.26 224
32.28 211
32.3 219
32.32 216
32.34 213
32.36 221
32.38 226
32.4 205
32.42 198
32.44 222
32.46 214
32.48 224
32.5 208
32.52 221
32.54 231
32.56 197
32.58 219
32.6 212
32.62 196
32.64 211
32.66 166
32.68 233
32.7 198
32.72 197
32.74 195
32.76 200
32.78 181
32.8 194
32.82 213
32.84 202
32.86 200
32.88 214
32.9 198
32.92 210
32.94 200
32.96 212
32.98 212
33 202
33.02 224
33.04 204
33.06 215
33.08 206
33.1 205
33.12 199
33.14 213
33.16 193
33.18 189
33.2 181
33.22 197
33.24 163
33.26 212
33.28 204
33.3 202
33.32 223
33.34 174
33.36 212
33.38 181
33.4 204
33.42 179
33.44 204
33.46 186
33.48 199
33.5 201
33.52 180
33.54 170
33.56 204
33.58 205
33.6 188
33.62 175
33.64 190
33.66 174
33.68 209
33.7 185
33.72 207
33.74 198
33.76 214
33.78 202
33.8 198
33.82 193
33.84 193
33.86 197
33.88 189
33.9 176
33.92 186
33.94 193
33.96 185
33.98 192
34 160
34.02 191
34.04 168
34.06 202
34.08 187
34.1 181
34.12 197
34.14 207
34.16 184
34.18 186
34.2 178
34.22 183
34.24 175
34.26 182
34.28 178
34.3 174
34.32 182
34.34 184
34.36 176
34.38 185
34.4 192
34.42 178
34.44 178
34.46 182
34.48 180
34.5 162
34.52 184
34.54 187
34.56 205
34.58 183
34.6 176
34.62 169
34.64 159
34.66 175
34.68 183
34.7 193
34.72 177
34.74 178
34.76 214
34.78 165
34.8 171
34.82 182
34.84 188
34.86 188
34.88 187
34.9 197
34.92 169
34.94 172
34.96 161
34.98 165
35 198
35.02 154
35.04 181
35.06 164
35.08 157
35.1 169
35.12 173
35.14 181
35.16 170
35.18 168
35.2 169
35.22 186
35.24 187
35.26 166
35.28 172
35.3 185
35.32 181
35.34 133
35.36 190
35.38 146
35.4 172
35.42 178
35.44 179
35.46 160
35.48 169
35.5 159
35.52 167
35.54 154
35.56 163
35.58 159
35.6 184
35.62 152
35.64 154
35.66 178
35.68 158
35.7 176
35.72 173
35.74 161
35.76 176
35.78 165
35.8 158
35.82 160
35.84 162
35.86 179
35.88 159
35.9 136
35.92 164
35.94 147
35.96 152
35.98 152
36 154
36.02 173
36.04 147
36.06 150
36.08 142
36.1 140
36.12 165
36.14 171
36.16 132
36.18 151
36.2 143
36.22 159
36.24 138
36.26 162
36.28 153
36.3 150
36.32 135
36.34 150
36.36 163
36.38 147
36.4 163
36.42 167
36.44 136
36.46 144
36.48 164
36.5 150
36.52 156
36.54 146
36.56 155
36.58 160
36.6 152
36.62 147
36.64 153
36.66 142
36.68 167
36.7 154
36.72 173
36.74 162
36.76 158
36.78 140
36.8 149
36.82 160
36.84 141
36.86 159
36.88 146
36.9 137
36.92 157
36.94 144
36.96 136
36.98 154
37 152
37.02 125
37.04 137
37.06 135
37.08 150
37.1 149
37.12 146
37.14 143
37.16 148
37.18 130
37.2 152
37.22 136
37.24 168
37.26 146
37.28 150
37.3 137
37.32 139
37.34 128
37.36 135
37.38 134
37.4 159
37.42 153
37.44 111
37.46 152
37.48 125
37.5 124
37.52 140
37.54 142
37.56 147
37.58 131
37.6 145
37.62 127
37.64 142
37.66 154
37.68 141
37.7 131
37.72 128
37.74 144
37.76 144
37.78 153
37.8 142
37.82 134
37.84 126
37.86 137
37.88 149
37.9 125
37.92 131
37.94 128
37.96 141
37.98 146
38 142
38.02 137
38.04 132
38.06 130
38.08 154
38.1 131
38.12 141
38.14 134
38.16 145
38.18 143
38.2 122
38.22 140
38.24 127
38.26 130
38.28 135
38.3 137
38.32 134
38.34 123
38.36 135
38.38 123
38.4 135
38.42 137
38.44 147
38.46 132
38.48 131
38.5 146
38.52 122
38.54 116
38.56 146
38.58 115
38.6 120
38.62 149
38.64 128
38.66 151
38.68 129
38.7 139
38.72 155
38.74 123
38.76 119
38.78 116
38.8 131
38.82 139
38.84 119
38.86 121
38.88 144
38.9 138
38.92 114
38.94 123
38.96 118
38.98 124
39 150
39.02 120
39.04 134
39.06 122
39.08 102
39.1 131
39.12 148
39.14 142
39.16 120
39.18 132
39.2 146
39.22 149
39.24 143
39.26 118
39.28 137
39.3 162
39.32 124
39.34 132
39.36 124
39.38 128
39.4 136
39.42 138
39.44 130
39.46 143
39.48 124
39.5 129
39.52 136
39.54 122
39.56 135
39.58 126
39.6 144
39.62 115
39.64 112
39.66 132
39.68 121
39.7 139
39.72 119
39.74 125
39.76 132
39.78 109
39.8 119
39.82 138
39.84 116
39.86 141
39.88 128
39.9 148
39.92 115
39.94 138
39.96 143
39.98 126
40 136
40.02 128
40.04 145
40.06 126
40.08 130
40.1 145
40.12 118
40.14 124
40.16 109
40.18 117
40.2 128
40.22 123
40.24 128
40.26 125
40.28 129
40.3 126
40.32 147
40.34 124
40.36 133
40.38 124
40.4 131
40.42 135
40.44 119
40.46 136
40.48 133
40.5 126
40.52 136
40.54 104
40.56 119
40.58 112
40.6 110
40.62 123
40.64 141
40.66 126
40.68 116
40.7 165
40.72 126
40.74 128
40.76 134
40.78 134
40.8 125
40.82 104
40.84 135
40.86 125
40.88 126
40.9 136
40.92 139
40.94 118
40.96 135
40.98 135
41 104
41.02 109
41.04 142
41.06 105
41.08 136
41.1 136
41.12 108
41.14 136
41.16 113
41.18 116
41.2 116
41.22 126
41.24 101
41.26 141
41.28 134
41.3 115
41.32 118
41.34 139
41.36 128
41.38 132
41.4 126
41.42 138
41.44 110
41.46 117
41.48 137
41.5 100
41.52 112
41.54 116
41.56 124
41.58 114
41.6 150
41.62 122
41.64 140
41.66 127
41.68 140
41.7 114
41.72 130
41.74 105
41.76 119
41.78 133
41.8 125
41.82 122
41.84 132
41.86 121
41.88 136
41.9 130
41.92 117
41.94 124
41.96 129
41.98 129
42 142
42.02 121
42.04 112
42.06 127
42.08 126
42.1 98
42.12 122
42.14 143
42.16 121
42.18 114
42.2 134
42.22 135
42.24 139
42.26 127
42.28 96
42.3 127
42.32 124
42.34 116
42.36 135
42.38 104
42.4 120
42.42 130
42.44 117
42.46 116
42.48 115
42.5 124
42.52 129
42.54 106
42.56 120
42.58 116
42.6 123
42.62 140
42.64 116
42.66 128
42.68 146
42.7 119
42.72 114
42.74 135
42.76 141
42.78 104
42.8 115
42.82 120
42.84 128
42.86 116
42.88 115
42.9 117
42.92 113
42.94 131
42.96 124
42.98 120
43 129
43.02 109
43.04 136
43.06 125
43.08 130
43.1 127
43.12 121
43.14 125
43.16 140
43.18 127
43.2 117
43.22 118
43.24 136
43.26 122
43.28 133
43.3 115
43.32 135
43.34 126
43.36 129
43.38 127
43.4 115
43.42 140
43.44 124
43.46 131
43.48 128
43.5 133
43.52 117
43.54 106
43.56 117
43.58 127
43.6 137
43.62 147
43.64 129
43.66 140
43.68 133
43.7 97
43.72 120
43.74 118
43.76 133
43.78 119
43.8 126
43.82 155
43.84 146
43.86 149
43.88 148
43.9 121
43.92 142
43.94 145
43.96 122
43.98 129
44 135
44.02 124
44.04 127
44.06 111
44.08 128
44.1 123
44.12 135
44.14 123
44.16 126
44.18 130
44.2 115
44.22 137
44.24 131
44.26 135
44.28 155
44.3 128
44.32 127
44.34 140
44.36 125
44.38 123
44.4 125
44.42 121
44.44 114
44.46 121
44.48 116
44.5 122
44.52 117
44.54 112
44.56 126
44.58 108
44.6 124
44.62 126
44.64 122
44.66 112
44.68 127
44.7 122
44.72 119
44.74 108
44.76 127
44.78 111
44.8 121
44.82 123
44.84 128
44.86 131
44.88 149
44.9 121
44.92 128
44.94 113
44.96 157
44.98 126
45 139
45.02 113
45.04 116
45.06 116
45.08 106
45.1 116
45.12 141
45.14 106
45.16 113
45.18 101
45.2 119
45.22 92
45.24 107
45.26 126
45.28 106
45.3 139
45.32 111
45.34 122
45.36 123
45.38 121
45.4 107
45.42 121
45.44 99
45.46 126
45.48 106
45.5 109
45.52 106
45.54 139
45.56 119
45.58 109
45.6 129
45.62 109
45.64 108
45.66 140
45.68 122
45.7 130
45.72 108
45.74 105
45.76 118
45.78 116
45.8 113
45.82 121
45.84 107
45.86 122
45.88 117
45.9 117
45.92 119
45.94 124
45.96 130
45.98 109
46 119
46.02 129
46.04 113
46.06 135
46.08 107
46.1 100
46.12 125
46.14 122
46.16 138
46.18 111
46.2 119
46.22 123
46.24 113
46.26 107
46.28 138
46.3 131
46.32 102
46.34 124
46.36 118
46.38 118
46.4 105
46.42 128
46.44 115
46.46 122
46.48 99
46.5 117
46.52 94
46.54 119
46.56 105
46.58 126
46.6 117
46.62 126
46.64 116
46.66 97
46.68 109
46.7 119
46.72 108
46.74 106
46.76 127
46.78 106
46.8 97
46.82 110
46.84 124
46.86 131
46.88 102
46.9 108
46.92 92
46.94 94
46.96 113
46.98 105
47 112
47.02 105
47.04 99
47.06 99
47.08 110
47.1 104
47.12 106
47.14 104
47.16 113
47.18 116
47.2 112
47.22 122
47.24 113
47.26 100
47.28 102
47.3 105
47.32 103
47.34 107
47.36 99
47.38 83
47.4 99
47.42 86
47.44 107
47.46 105
47.48 107
47.5 108
47.52 117
47.54 129
47.56 102
47.58 106
47.6 96
47.62 120
47.64 106
47.66 87
47.68 111
47.7 111
47.72 120
47.74 142
47.76 112
47.78 115
47.8 104
47.82 110
47.84 114
47.86 117
47.88 115
47.9 101
47.92 117
47.94 110
47.96 100
47.98 108
48 103
48.02 84
48.04 105
48.06 99
48.08 109
48.1 104
48.12 118
48.14 100
48.16 111
48.18 106
48.2 110
48.22 108
48.24 107
48.26 120
48.28 91
48.3 107
48.32 108
48.34 121
48.36 115
48.38 99
48.4 111
48.42 103
48.44 104
48.46 133
48.48 91
48.5 104
48.52 123
48.54 103
48.56 87
48.58 98
48.6 87
48.62 91
48.64 106
48.66 123
48.68 97
48.7 116
48.72 120
48.74 112
48.76 111
48.78 136
48.8 90
48.82 116
48.84 104
48.86 97
48.88 129
48.9 101
48.92 94
48.94 99
48.96 98
48.98 109
49 89
49.02 115
49.04 107
49.06 108
49.08 106
49.1 105
49.12 93
49.14 108
49.16 112
49.18 118
49.2 110
49.22 101
49.24 94
49.26 80
49.28 107
49.3 113
49.32 114
49.34 87
49.36 107
49.38 105
49.4 105
49.42 117
49.44 99
49.46 107
49.48 88
49.5 77
49.52 105
49.54 112
49.56 109
49.58 108
49.6 95
49.62 97
49.64 103
49.66 116
49.68 106
49.7 88
49.72 108
49.74 100
49.76 96
49.78 102
49.8 96
49.82 111
49.84 117
49.86 104
49.88 96
49.9 105
49.92 123
49.94 101
49.96 98
49.98 98
50 115
50.02 113
50.04 89
50.06 90
50.08 101
50.1 91
50.12 109
50.14 96
50.16 109
50.18 116
50.2 99
50.22 112
50.24 116
50.26 97
50.28 98
50.3 113
50.32 79
50.34 123
50.36 98
50.38 97
50.4 94
50.42 104
50.44 83
50.46 99
50.48 111
50.5 79
50.52 101
50.54 120
50.56 108
50.58 103
50.6 119
50.62 96
50.64 121
50.66 102
50.68 109
50.7 97
50.72 98
50.74 109
50.76 95
50.78 101
50.8 105
50.82 106
50.84 112
50.86 94
50.88 117
50.9 101
50.92 116
50.94 91
50.96 77
50.98 103
51 84
51.02 90
51.04 104
51.06 107
51.08 107
51.1 95
51.12 95
51.14 110
51.16 88
51.18 99
51.2 100
51.22 106
51.24 107
51.26 99
51.28 92
51.3 90
51.32 94
51.34 85
51.36 80
51.38 105
51.4 84
51.42 96
51.44 83
51.46 85
51.48 79
51.5 117
51.52 104
51.54 101
51.56 96
51.58 102
51.6 100
51.62 104
51.64 99
51.66 93
51.68 105
51.7 94
51.72 91
51.74 95
51.76 101
51.78 97
51.8 89
51.82 96
51.84 107
51.86 105
51.88 97
51.9 96
51.92 94
51.94 96
51.96 101
51.98 99
52 111
52.02 108
52.04 80
52.06 84
52.08 121
52.1 83
52.12 90
52.14 84
52.16 112
52.18 106
52.2 75
52.22 98
52.24 113
52.26 119
52.28 96
52.3 90
52.32 103
52.34 97
52.36 87
52.38 89
52.4 99
52.42 95
52.44 118
52.46 98
52.48 96
52.5 103
52.52 102
52.54 107
52.56 98
52.58 102
52.6 90
52.62 101
52.64 111
52.66 91
52.68 122
52.7 84
52.72 102
52.74 75
52.76 99
52.78 102
52.8 113
52.82 109
52.84 109
52.86 94
52.88 115
52.9 100
52.92 90
52.94 109
52.96 93
52.98 101
53 114
53.02 95
53.04 111
53.06 98
53.08 108
53.1 92
53.12 88
53.14 87
53.16 94
53.18 113
53.2 88
53.22 102
53.24 112
53.26 108
53.28 107
53.3 100
53.32 103
53.34 100
53.36 104
53.38 94
53.4 93
53.42 106
53.44 107
53.46 100
53.48 98
53.5 98
53.52 96
53.54 102
53.56 107
53.58 113
53.6 119
53.62 120
53.64 115
53.66 92
53.68 92
53.7 85
53.72 102
53.74 95
53.76 100
53.78 91
53.8 107
53.82 76
53.84 92
53.86 100
53.88 86
53.9 95
53.92 90
53.94 77
53.96 120
53.98 82
54 95
54.02 77
54.04 106
54.06 87
54.08 77
54.1 92
54.12 78
54.14 105
54.16 104
54.18 90
54.2 100
54.22 124
54.24 98
54.26 109
54.28 87
54.3 100
54.32 102
54.34 99
54.36 107
54.38 113
54.4 108
54.42 86
54.44 99
54.46 106
54.48 99
54.5 104
54.52 89
54.54 105
54.56 88
54.58 96
54.6 96
54.62 103
54.64 96
54.66 104
54.68 87
54.7 78
54.72 103
54.74 82
54.76 106
54.78 91
54.8 95
54.82 87
54.84 87
54.86 107
54.88 99
54.9 95
54.92 94
54.94 103
54.96 110
54.98 103
55 91
55.02 88
55.04 95
55.06 89
55.08 94
55.1 98
55.12 88
55.14 120
55.16 92
55.18 106
55.2 90
55.22 95
55.24 97
55.26 111
55.28 108
55.3 102
55.32 92
55.34 100
55.36 100
55.38 102
55.4 87
55.42 114
55.44 90
55.46 105
55.48 106
55.5 96
55.52 89
55.54 101
55.56 130
55.58 100
55.6 89
55.62 85
55.64 102
55.66 100
55.68 104
55.7 101
55.72 95
55.74 110
55.76 100
55.78 87
55.8 94
55.82 95
55.84 109
55.86 102
55.88 101
55.9 101
55.92 86
55.94 90
55.96 97
55.98 89
56 82
56.02 96
56.04 104
56.06 98
56.08 69
56.1 97
56.12 109
56.14 118
56.16 118
56.18 89
56.2 106
56.22 100
56.24 93
56.26 100
56.28 105
56.3 99
56.32 91
56.34 92
56.36 110
56.38 113
56.4 87
56.42 91
56.44 106
56.46 106
56.48 95
56.5 91
56.52 93
56.54 101
56.56 84
56.58 97
56.6 105
56.62 98
56.64 92
56.66 105
56.68 105
56.7 100
56.72 87
56.74 81
56.76 106
56.78 99
56.8 95
56.82 114
56.84 96
56.86 106
56.88 79
56.9 90
56.92 93
56.94 99
56.96 90
56.98 100
57 86
57.02 95
57.04 86
57.06 95
57.08 83
57.1 99
57.12 62
57.14 112
57.16 99
57.18 92
57.2 85
57.22 102
57.24 106
57.26 88
57.28 102
57.3 100
57.32 91
57.34 71
57.36 73
57.38 91
57.4 98
57.42 89
57.44 91
57.46 88
57.48 102
57.5 89
57.52 97
57.54 100
57.56 88
57.58 97
57.6 94
57.62 95
57.64 100
57.66 100
57.68 90
57.7 85
57.72 101
57.74 111
57.76 103
57.78 91
57.8 94
57.82 101
57.84 105
57.86 89
57.88 88
57.9 94
57.92 95
57.94 90
57.96 105
57.98 98
58 109
58.02 103
58.04 96
58.06 105
58.08 84
58.1 98
58.12 101
58.14 89
58.16 73
58.18 98
58.2 95
58.22 102
58.24 81
58.26 97
58.28 93
58.3 99
58.32 90
58.34 99
58.36 107
58.38 100
58.4 97
58.42 97
58.44 82
58.46 105
58.48 85
58.5 102
58.52 118
58.54 85
58.56 88
58.58 81
58.6 105
58.62 112
58.64 93
58.66 86
58.68 83
58.7 100
58.72 98
58.74 89
58.76 107
58.78 101
58.8 103
58.82 96
58.84 96
58.86 101
58.88 105
58.9 95
58.92 86
58.94 121
58.96 91
58.98 114
59 94
59.02 108
59.04 125
59.06 88
59.08 101
59.1 97
59.12 102
59.14 102
59.16 91
59.18 102
59.2 98
59.22 93
59.24 100
59.26 90
59.28 89
59.3 94
59.32 120
59.34 88
59.36 98
59.38 89
59.4 112
59.42 89
59.44 91
59.46 115
59.48 90
59.5 84
59.52 90
59.54 103
59.56 112
59.58 91
59.6 84
59.62 104
59.64 115
59.66 86
59.68 103
59.7 96
59.72 98
59.74 88
59.76 102
59.78 105
59.8 97
59.82 99
59.84 95
59.86 98
59.88 93
59.9 93
59.92 94
59.94 101
59.96 88
59.98 93
60 103
60.02 83
60.04 88
60.06 100
60.08 96
60.1 98
60.12 90
60.14 98
60.16 84
60.18 88
60.2 107
60.22 103
60.24 101
60.26 87
60.28 98
60.3 88
60.32 108
60.34 95
60.36 104
60.38 116
60.4 93
60.42 93
60.44 114
60.46 99
60.48 77
60.5 79
60.52 79
60.54 108
60.56 101
60.58 91
60.6 93
60.62 92
60.64 93
60.66 101
60.68 84
60.7 96
60.72 85
60.74 102
60.76 93
60.78 109
60.8 89
60.82 104
60.84 115
60.86 96
60.88 92
60.9 97
60.92 86
60.94 88
60.96 93
60.98 97
61 101
61.02 89
61.04 99
61.06 95
61.08 96
61.1 105
61.12 85
61.14 83
61.16 83
61.18 88
61.2 105
61.22 113
61.24 100
61.26 92
61.28 85
61.3 86
61.32 90
61.34 97
61.36 91
61.38 97
61.4 64
61.42 91
61.44 107
61.46 88
61.48 118
61.5 91
61.52 98
61.54 102
61.56 99
61.58 85
61.6 92
61.62 92
61.64 87
61.66 94
61.68 88
61.7 100
61.72 93
61.74 99
61.76 100
61.78 109
61.8 101
61.82 115
61.84 94
61.86 77
61.88 120
61.9 104
61.92 103
61.94 109
61.96 93
61.98 87
62 89
62.02 94
62.04 84
62.06 108
62.08 78
62.1 94
62.12 96
62.14 95
62.16 97
62.18 105
62.2 100
62.22 84
62.24 95
62.26 81
62.28 111
62.3 113
62.32 79
62.34 89
62.36 86
62.38 102
62.4 106
62.42 84
62.44 85
62.46 89
62.48 97
62.5 115
62.52 89
62.54 96
62.56 95
62.58 92
62.6 89
62.62 112
62.64 108
62.66 119
62.68 105
62.7 111
62.72 85
62.74 101
62.76 100
62.78 123
62.8 98
62.82 117
62.84 90
62.86 95
62.88 87
62.9 87
62.92 102
62.94 92
62.96 93
62.98 100
63 91
63.02 78
63.04 122
63.06 85
63.08 114
63.1 116
63.12 100
63.14 111
63.16 108
63.18 88
63.2 101
63.22 93
63.24 107
63.26 99
63.28 89
63.3 104
63.32 115
63.34 99
63.36 99
63.38 83
63.4 86
63.42 102
63.44 102
63.46 111
63.48 78
63.5 89
63.52 88
63.54 91
63.56 86
63.58 100
63.6 99
63.62 95
63.64 105
63.66 89
63.68 111
63.7 128
63.72 114
63.74 132
63.76 116
63.78 125
63.8 114
63.82 91
63.84 110
63.86 120
63.88 121
63.9 103
63.92 92
63.94 114
63.96 123
63.98 102
64 85
64.02 98
64.04 101
64.06 100
64.08 84
64.1 106
64.12 86
64.14 111
64.16 107
64.18 90
64.2 101
64.22 77
64.24 109
64.26 96
64.28 86
64.3 86
64.32 95
64.34 92
64.36 96
64.38 75
64.4 91
64.42 108
64.44 96
64.46 94
64.48 102
64.5 111
64.52 99
64.54 108
64.56 96
64.58 101
64.6 98
64.62 81
64.64 90
64.66 114
64.68 91
64.7 82
64.72 94
64.74 99
64.76 87
64.78 92
64.8 80
64.82 108
64.84 77
64.86 91
64.88 87
64.9 101
64.92 107
64.94 98
64.96 98
64.98 97
65 105
65.02 109
65.04 93
65.06 93
65.08 88
65.1 101
65.12 100
65.14 95
65.16 99
65.18 102
65.2 86
65.22 94
65.24 89
65.26 87
65.28 97
65.3 108
65.32 89
65.34 98
65.36 76
65.38 81
65.4 90
65.42 87
65.44 97
65.46 110
65.48 84
65.5 106
65.52 99
65.54 80
65.56 101
65.58 84
65.6 98
65.62 108
65.64 90
65.66 93
65.68 75
65.7 88
65.72 99
65.74 108
65.76 103
65.78 106
65.8 96
65.82 100
65.84 97
65.86 104
65.88 99
65.9 93
65.92 99
65.94 107
65.96 104
65.98 93
66 85
66.02 94
66.04 123
66.06 90
66.08 101
66.1 106
66.12 104
66.14 94
66.16 98
66.18 98
66.2 102
66.22 114
66.24 112
66.26 99
66.28 117
66.3 102
66.32 119
66.34 109
66.36 112
66.38 85
66.4 101
66.42 99
66.44 94
66.46 103
66.48 97
66.5 101
66.52 93
66.54 125
66.56 108
66.58 113
66.6 97
66.62 117
66.64 101
66.66 109
66.68 116
66.7 100
66.72 103
66.74 107
66.76 99
66.78 127
66.8 106
66.82 120
66.84 119
66.86 112
66.88 108
66.9 115
66.92 122
66.94 121
66.96 124
66.98 109
67 116
67.02 109
67.04 126
67.06 105
67.08 121
67.1 123
67.12 141
67.14 133
67.16 119
67.18 110
67.2 116
67.22 125
67.24 146
67.26 139
67.28 147
67.3 126
67.32 125
67.34 119
67.36 129
67.38 135
67.4 161
67.42 134
67.44 138
67.46 134
67.48 114
67.5 141
67.52 143
67.54 147
67.56 148
67.58 137
67.6 164
67.62 141
67.64 146
67.66 168
67.68 176
67.7 158
67.72 202
67.74 168
67.76 190
67.78 215
67.8 205
67.82 211
67.84 235
67.86 269
67.88 273
67.9 269
67.92 253
67.94 320
67.96 265
67.98 292
68 316
68.02 310
68.04 350
68.06 383
68.08 379
68.1 387
68.12 372
68.14 461
68.16 443
68.18 450
68.2 470
68.22 500
68.24 490
68.26 570
68.28 586
68.3 601
68.32 567
68.34 639
68.36 656
68.38 668
68.4 695
68.42 773
68.44 756
68.46 865
68.48 848
68.5 938
68.52 1001
68.54 961
68.56 1026
68.58 1171
68.6 1257
68.62 1471
68.64 1574
68.66 1965
68.68 2312
68.7 2801
68.72 3160
68.74 3577
68.76 3614
68.78 3869
68.8 3896
68.82 3775
68.84 3743
68.86 4065
68.88 4633
68.9 5358
68.92 6409
68.94 8246
68.96 11463
68.98 17049
69 28404
69.02 56256
69.04 115110
69.06 0
69.08 0
69.1 0
69.12 0
69.14 109127
69.16 53117
69.18 33232
69.2 30645
69.22 42702
69.24 73871
69.26 132526
69.28 0
69.3 0
69.32 114643
69.34 59297
69.36 29608
69.38 16613
69.4 10917
69.42 8453
69.44 6837
69.46 5741
69.48 4875
69.5 4291
69.52 3819
69.54 3542
69.56 3117
69.58 2844
69.6 2654
69.62 2483
69.64 2291
69.66 2101
69.68 1889
69.7 1806
69.72 1656
69.74 1494
69.76 1481
69.78 1337
69.8 1339
69.82 1183
69.84 1130
69.86 1119
69.88 1173
69.9 1063
69.92 1081
69.94 956
69.96 934
69.98 986
70 927
70.02 901
70.04 870
70.06 889
70.08 869
70.1 830
70.12 813
70.14 764
70.16 773
70.18 764
70.2 729
70.22 670
70.24 686
70.26 674
70.28 671
70.3 611
70.32 636
70.34 607
70.36 596
70.38 589
70.4 554
70.42 574
70.44 544
70.46 552
70.48 543
70.5 506
70.52 503
70.54 495
70.56 514
70.58 522
70.6 489
70.62 441
70.64 427
70.66 425
70.68 461
70.7 431
70.72 396
70.74 400
70.76 370
70.78 400
70.8 419
70.82 364
70.84 394
70.86 363
70.88 364
70.9 383
70.92 330
70.94 317
70.96 298
70.98 311
71 327
71.02 303
71.04 300
71.06 288
71.08 274
71.1 287
71.12 263
71.14 296
71.16 247
71.18 260
71.2 245
71.22 235
71.24 256
71.26 216
71.28 219
71.3 213
71.32 205
71.34 192
71.36 214
71.38 208
71.4 189
71.42 197
71.44 192
71.46 164
71.48 174
71.5 168
71.52 142
71.54 176
71.56 168
71.58 141
71.6 154
71.62 148
71.64 151
71.66 154
71.68 141
71.7 144
71.72 155
71.74 148
71.76 143
71.78 151
71.8 131
71.82 149
71.84 135
71.86 111
71.88 126
71.9 133
71.92 128
71.94 122
71.96 139
71.98 114
72 123
72.02 126
72.04 111
72.06 117
72.08 108
72.1 111
72.12 88
72.14 102
72.16 117
72.18 122
72.2 103
72.22 116
72.24 96
72.26 107
72.28 109
72.3 101
72.32 94
72.34 115
72.36 94
72.38 119
72.4 99
72.42 113
72.44 105
72.46 79
72.48 101
72.5 94
72.52 76
72.54 95
72.56 83
72.58 85
72.6 94
72.62 83
72.64 102
72.66 89
72.68 84
72.7 105
72.72 97
72.74 96
72.76 81
72.78 72
72.8 97
72.82 87
72.84 96
72.86 84
72.88 97
72.9 76
72.92 85
72.94 90
72.96 92
72.98 84
73 92
73.02 99
73.04 93
73.06 86
73.08 91
73.1 86
73.12 94
73.14 101
73.16 91
73.18 84
73.2 103
73.22 88
73.24 80
73.26 75
73.28 90
73.3 91
73.32 104
73.34 79
73.36 92
73.38 97
73.4 78
73.42 85
73.44 84
73.46 72
73.48 66
73.5 67
73.52 95
73.54 76
73.56 76
73.58 80
73.6 77
73.62 70
73.64 70
73.66 68
73.68 88
73.7 66
73.72 73
73.74 75
73.76 77
73.78 74
73.8 75
73.82 65
73.84 82
73.86 82
73.88 90
73.9 88
73.92 87
73.94 94
73.96 87
73.98 94
74 79
74.02 82
74.04 75
74.06 74
74.08 70
74.1 86
74.12 85
74.14 74
74.16 70
74.18 89
74.2 94
74.22 78
74.24 80
74.26 68
74.28 78
74.3 76
74.32 84
74.34 80
74.36 74
74.38 55
74.4 77
74.42 75
74.44 73
74.46 70
74.48 71
74.5 86
74.52 89
74.54 68
74.56 86
74.58 83
74.6 83
74.62 67
74.64 67
74.66 74
74.68 78
74.7 75
74.72 78
74.74 66
74.76 92
74.78 65
74.8 80
74.82 74
74.84 86
74.86 86
74.88 77
74.9 69
74.92 85
74.94 70
74.96 80
74.98 74
75 79
75.02 62
75.04 74
75.06 75
75.08 69
75.1 77
75.12 72
75.14 83
75.16 67
75.18 73
75.2 68
75.22 71
75.24 75
75.26 76
75.28 75
75.3 64
75.32 70
75.34 64
75.36 82
75.38 58
75.4 78
75.42 79
75.44 58
75.46 70
75.48 69
75.5 78
75.52 69
75.54 83
75.56 83
75.58 63
75.6 72
75.62 78
75.64 71
75.66 71
75.68 61
75.7 59
75.72 69
75.74 73
75.76 87
75.78 81
75.8 75
75.82 58
75.84 75
75.86 69
75.88 76
75.9 53
75.92 70
75.94 54
75.96 64
75.98 73
76 57
76.02 85
76.04 73
76.06 92
76.08 67
76.1 75
76.12 70
76.14 54
76.16 56
76.18 70
76.2 75
76.22 65
76.24 76
76.26 72
76.28 86
76.3 81
76.32 56
76.34 82
76.36 72
76.38 71
76.4 69
76.42 61
76.44 79
76.46 85
76.48 70
76.5 70
76.52 70
76.54 68
76.56 74
76.58 64
76.6 63
76.62 70
76.64 65
76.66 74
76.68 78
76.7 68
76.72 60
76.74 71
76.76 71
76.78 74
76.8 71
76.82 70
76.84 56
76.86 83
76.88 70
76.9 66
76.92 60
76.94 79
76.96 74
76.98 70
77 61
77.02 70
77.04 60
77.06 71
77.08 64
77.1 71
77.12 64
77.14 63
77.16 72
77.18 67
77.2 72
77.22 69
77.24 74
77.26 87
77.28 69
77.3 53
77.32 61
77.34 71
77.36 63
77.38 55
77.4 52
77.42 74
77.44 67
77.46 72
77.48 65
77.5 56
77.52 66
77.54 65
77.56 64
77.58 81
77.6 86
77.62 69
77.64 59
77.66 67
77.68 68
77.7 63
77.72 67
77.74 63
77.76 69
77.78 57
77.8 91
77.82 74
77.84 70
77.86 64
77.88 55
77.9 75
77.92 77
77.94 60
77.96 59
77.98 61
78 69
78.02 59
78.04 62
78.06 74
78.08 57
78.1 67
78.12 58
78.14 83
78.16 56
78.18 77
78.2 72
78.22 64
78.24 70
78.26 69
78.28 60
78.3 70
78.32 63
78.34 60
78.36 64
78.38 63
78.4 59
78.42 58
78.44 69
78.46 70
78.48 71
78.5 67
78.52 68
78.54 62
78.56 62
78.58 66
78.6 58
78.62 56
78.64 61
78.66 70
78.68 60
78.7 73
78.72 59
78.74 70
78.76 71
78.78 61
78.8 58
78.82 64
78.84 59
78.86 67
78.88 76
78.9 61
78.92 75
78.94 73
78.96 74
78.98 48
79 64
79.02 69
79.04 68
79.06 68
79.08 64
79.1 76
79.12 65
79.14 84
79.16 58
79.18 57
79.2 79
79.22 60
79.24 67
79.26 56
79.28 59
79.3 63
79.32 74
79.34 72
79.36 60
79.38 65
79.4 61
79.42 77
79.44 63
79.46 72
79.48 57
79.5 72
79.52 64
79.54 71
79.56 50
79.58 68
79.6 63
79.62 73
79.64 74
79.66 63
79.68 60
79.7 70
79.72 62
79.74 65
79.76 66
79.78 71
79.8 64
79.82 49
79.84 77
79.86 63
79.88 53
79.9 60
79.92 66
79.94 51
79.96 52
79.98 57
80 57
80.02 59
80.04 60
80.06 68
80.08 63
80.1 63
80.12 73
80.14 52
80.16 56
80.18 63
80.2 63
80.22 62
80.24 59
80.26 53
80.28 63
80.3 61
80.32 59
80.34 53
80.36 57
80.38 66
80.4 45
80.42 51
80.44 66
80.46 61
80.48 55
80.5 65
80.52 65
80.54 70
80.56 51
80.58 70
80.6 58
80.62 49
80.64 48
80.66 55
80.68 63
80.7 63
80.72 71
80.74 59
80.76 68
80.78 70
80.8 56
80.82 57
80.84 73
80.86 51
80.88 63
80.9 68
80.92 67
80.94 62
80.96 58
80.98 53
81 65
81.02 68
81.04 55
81.06 67
81.08 61
81.1 57
81.12 56
81.14 59
81.16 64
81.18 59
81.2 66
81.22 46
81.24 56
81.26 66
81.28 61
81.3 61
81.32 54
81.34 43
81.36 58
81.38 51
81.4 61
81.42 61
81.44 67
81.46 71
81.48 52
81.5 45
81.52 60
81.54 60
81.56 67
81.58 51
81.6 55
81.62 67
81.64 39
81.66 55
81.68 56
81.7 52
81.72 73
81.74 70
81.76 59
81.78 56
81.8 65
81.82 60
81.84 52
81.86 50
81.88 72
81.9 71
81.92 62
81.94 62
81.96 68
81.98 62
82 67
82.02 61
82.04 59
82.06 66
82.08 69
82.1 50
82.12 65
82.14 71
82.16 54
82.18 49
82.2 58
82.22 52
82.24 58
82.26 58
82.28 64
82.3 51
82.32 69
82.34 52
82.36 67
82.38 47
82.4 54
82.42 51
82.44 55
82.46 59
82.48 58
82.5 53
82.52 61
82.54 51
82.56 68
82.58 57
82.6 60
82.62 56
82.64 56
82.66 50
82.68 45
82.7 58
82.72 55
82.74 50
82.76 58
82.78 49
82.8 60
82.82 71
82.84 61
82.86 59
82.88 61
82.9 50
82.92 49
82.94 54
82.96 50
82.98 80
83 74
83.02 63
83.04 66
83.06 68
83.08 59
83.1 40
83.12 62
83.14 52
83.16 57
83.18 53
83.2 60
83.22 47
83.24 70
83.26 66
83.28 47
83.3 65
83.32 65
83.34 39
83.36 55
83.38 61
83.4 48
83.42 74
83.44 59
83.46 64
83.48 56
83.5 59
83.52 55
83.54 64
83.56 61
83.58 50
83.6 46
83.62 51
83.64 53
83.66 53
83.68 60
83.7 59
83.72 54
83.74 51
83.76 49
83.78 69
83.8 60
83.82 68
83.84 64
83.86 57
83.88 49
83.9 62
83.92 51
83.94 55
83.96 50
83.98 41
84 42
84.02 50
84.04 48
84.06 58
84.08 57
84.1 78
84.12 44
84.14 63
84.16 54
84.18 48
84.2 62
84.22 45
84.24 52
84.26 63
84.28 47
84.3 48
84.32 57
84.34 50
84.36 47
84.38 67
84.4 57
84.42 48
84.44 55
84.46 51
84.48 46
84.5 53
84.52 56
84.54 54
84.56 62
84.58 69
84.6 49
84.62 62
84.64 53
84.66 73
84.68 64
84.7 56
84.72 34
84.74 55
84.76 54
84.78 58
84.8 48
84.82 48
84.84 53
84.86 44
84.88 54
84.9 53
84.92 53
84.94 48
84.96 56
84.98 61
85 65
85.02 39
85.04 63
85.06 55
85.08 60
85.1 56
85.12 65
85.14 43
85.16 60
85.18 58
85.2 39
85.22 56
85.24 63
85.26 54
85.28 46
85.3 52
85.32 50
85.34 49
85.36 54
85.38 57
85.4 59
85.42 40
85.44 52
85.46 51
85.48 53
85.5 56
85.52 52
85.54 45
85.56 60
85.58 47
85.6 55
85.62 60
85.64 52
85.66 58
85.68 55
85.7 43
85.72 67
85.74 56
85.76 52
85.78 52
85.8 39
85.82 56
85.84 47
85.86 47
85.88 42
85.9 55
85.92 47
85.94 40
85.96 48
85.98 48
86 49
86.02 62
86.04 52
86.06 56
86.08 34
86.1 43
86.12 54
86.14 61
86.16 61
86.18 57
86.2 54
86.22 44
86.24 48
86.26 55
86.28 52
86.3 45
86.32 50
86.34 48
86.36 54
86.38 60
86.4 45
86.42 46
86.44 58
86.46 53
86.48 51
86.5 53
86.52 47
86.54 42
86.56 48
86.58 32
86.6 54
86.62 53
86.64 41
86.66 45
86.68 63
86.7 53
86.72 44
86.74 50
86.76 49
86.78 47
86.8 56
86.82 63
86.84 56
86.86 64
86.88 49
86.9 50
86.92 58
86.94 44
86.96 46
86.98 49
87 52
87.02 58
87.04 36
87.06 44
87.08 51
87.1 54
87.12 61
87.14 64
87.16 53
87.18 41
87.2 47
87.22 48
87.24 43
87.26 37
87.28 41
87.3 55
87.32 48
87.34 47
87.36 57
87.38 50
87.4 46
87.42 45
87.44 51
87.46 44
87.48 51
87.5 51
87.52 53
87.54 50
87.56 53
87.58 59
87.6 53
87.62 58
87.64 43
87.66 59
87.68 48
87.7 54
87.72 40
87.74 49
87.76 65
87.78 44
87.8 44
87.82 45
87.84 38
87.86 47
87.88 49
87.9 35
87.92 47
87.94 56
87.96 49
87.98 47
88 46
88.02 52
88.04 36
88.06 52
88.08 51
88.1 43
88.12 68
88.14 56
88.16 55
88.18 56
88.2 41
88.22 46
88.24 46
88.26 55
88.28 57
88.3 42
88.32 50
88.34 46
88.36 39
88.38 64
88.4 61
88.42 51
88.44 41
88.46 47
88.48 55
88.5 63
88.52 55
88.54 48
88.56 48
88.58 43
88.6 38
88.62 47
88.64 39
88.66 58
88.68 47
88.7 58
88.72 40
88.74 52
88.76 39
88.78 59
88.8 61
88.82 49
88.84 48
88.86 42
88.88 44
88.9 49
88.92 47
88.94 43
88.96 49
88.98 58
89 43
89.02 51
89.04 45
89.06 47
89.08 49
89.1 49
89.12 45
89.14 38
89.16 40
89.18 46
89.2 50
89.22 36
89.24 56
89.26 52
89.28 58
89.3 46
89.32 53
89.34 56
89.36 51
89.38 57
89.4 41
89.42 51
89.44 44
89.46 60
89.48 38
89.5 45
89.52 47
89.54 50
89.56 49
89.58 49
89.6 48
89.62 55
89.64 46
89.66 40
89.68 50
89.7 54
89.72 41
89.74 38
89.76 56
89.78 49
89.8 43
89.82 51
89.84 40
89.86 40
89.88 47
89.9 44
89.92 50
89.94 50
89.96 44
89.98 49
90 55
