Sample SnonGe-å§ñÅÇ†ÇË-SnÇ
Comments medium
Filename C:\WINDMAX\DATA\SHIMANO\XRD20190306\SnonGe-Kenma#2000-K2SnO3aq_20190122_mid.raw
Goniometer TTRáV êÖïΩ∫ﬁ∆µ“∞¿(Tsé≤éËìÆ,ADS)
Attachment ïWèÄééóøŒŸ¿ﬁ∞
Monochromater å≈íË”…∏€“∞¿
ScanningMode 2Theta/Theta
ScanningType Continuos Scanning
X-Ray 40kV/300mA
î≠éUΩÿØƒ 2/3Åã
î≠éUècêßå¿ΩÿØƒ 10mm
éUóêΩÿØƒ 2/3Åã
éÛåıΩÿØƒ 0.3mm
±Ø√»∞¿ äJï˙
”…∏€éÛåıΩÿØƒ 0.8mm
Start 10
Stop 90
Step 0.02
10 138
10.02 119
10.04 151
10.06 112
10.08 129
10.1 135
10.12 129
10.14 138
10.16 116
10.18 126
10.2 136
10.22 108
10.24 137
10.26 115
10.28 123
10.3 122
10.32 142
10.34 143
10.36 126
10.38 106
10.4 113
10.42 133
10.44 144
10.46 104
10.48 142
10.5 122
10.52 136
10.54 129
10.56 140
10.58 129
10.6 129
10.62 131
10.64 126
10.66 117
10.68 142
10.7 121
10.72 127
10.74 123
10.76 138
10.78 121
10.8 125
10.82 111
10.84 126
10.86 105
10.88 130
10.9 122
10.92 136
10.94 132
10.96 135
10.98 147
11 124
11.02 147
11.04 113
11.06 107
11.08 118
11.1 128
11.12 136
11.14 120
11.16 119
11.18 109
11.2 128
11.22 145
11.24 119
11.26 127
11.28 134
11.3 126
11.32 130
11.34 142
11.36 138
11.38 131
11.4 132
11.42 136
11.44 140
11.46 122
11.48 144
11.5 134
11.52 103
11.54 119
11.56 125
11.58 135
11.6 120
11.62 117
11.64 117
11.66 112
11.68 109
11.7 138
11.72 111
11.74 141
11.76 112
11.78 127
11.8 114
11.82 118
11.84 120
11.86 122
11.88 105
11.9 153
11.92 119
11.94 106
11.96 138
11.98 134
12 118
12.02 131
12.04 132
12.06 130
12.08 121
12.1 123
12.12 119
12.14 130
12.16 122
12.18 115
12.2 120
12.22 125
12.24 124
12.26 105
12.28 126
12.3 126
12.32 118
12.34 133
12.36 113
12.38 140
12.4 115
12.42 119
12.44 115
12.46 128
12.48 138
12.5 131
12.52 116
12.54 120
12.56 117
12.58 133
12.6 88
12.62 122
12.64 134
12.66 125
12.68 137
12.7 126
12.72 122
12.74 121
12.76 136
12.78 110
12.8 145
12.82 128
12.84 108
12.86 121
12.88 122
12.9 130
12.92 124
12.94 127
12.96 112
12.98 104
13 101
13.02 114
13.04 121
13.06 106
13.08 134
13.1 118
13.12 118
13.14 108
13.16 133
13.18 114
13.2 138
13.22 137
13.24 122
13.26 131
13.28 110
13.3 116
13.32 116
13.34 136
13.36 120
13.38 117
13.4 120
13.42 142
13.44 135
13.46 119
13.48 119
13.5 126
13.52 122
13.54 130
13.56 138
13.58 125
13.6 111
13.62 111
13.64 119
13.66 105
13.68 120
13.7 115
13.72 120
13.74 123
13.76 100
13.78 128
13.8 127
13.82 109
13.84 143
13.86 136
13.88 118
13.9 126
13.92 134
13.94 137
13.96 122
13.98 125
14 111
14.02 113
14.04 109
14.06 131
14.08 129
14.1 135
14.12 118
14.14 117
14.16 138
14.18 131
14.2 147
14.22 133
14.24 105
14.26 117
14.28 127
14.3 118
14.32 106
14.34 121
14.36 127
14.38 128
14.4 124
14.42 136
14.44 146
14.46 126
14.48 133
14.5 131
14.52 126
14.54 117
14.56 125
14.58 117
14.6 112
14.62 123
14.64 120
14.66 127
14.68 151
14.7 121
14.72 135
14.74 126
14.76 142
14.78 123
14.8 116
14.82 159
14.84 106
14.86 116
14.88 126
14.9 135
14.92 131
14.94 134
14.96 148
14.98 123
15 135
15.02 133
15.04 139
15.06 144
15.08 105
15.1 140
15.12 153
15.14 121
15.16 122
15.18 121
15.2 150
15.22 145
15.24 138
15.26 137
15.28 140
15.3 118
15.32 114
15.34 136
15.36 116
15.38 110
15.4 125
15.42 153
15.44 142
15.46 113
15.48 132
15.5 139
15.52 140
15.54 122
15.56 137
15.58 135
15.6 135
15.62 125
15.64 122
15.66 122
15.68 131
15.7 119
15.72 121
15.74 143
15.76 143
15.78 144
15.8 156
15.82 123
15.84 167
15.86 140
15.88 114
15.9 118
15.92 126
15.94 129
15.96 130
15.98 125
16 144
16.02 134
16.04 117
16.06 126
16.08 138
16.1 129
16.12 129
16.14 155
16.16 141
16.18 145
16.2 150
16.22 123
16.24 112
16.26 156
16.28 143
16.3 124
16.32 136
16.34 122
16.36 126
16.38 133
16.4 132
16.42 136
16.44 137
16.46 159
16.48 131
16.5 127
16.52 118
16.54 149
16.56 131
16.58 152
16.6 133
16.62 111
16.64 135
16.66 139
16.68 151
16.7 132
16.72 137
16.74 137
16.76 134
16.78 115
16.8 142
16.82 113
16.84 121
16.86 132
16.88 133
16.9 158
16.92 121
16.94 137
16.96 142
16.98 116
17 128
17.02 150
17.04 138
17.06 146
17.08 129
17.1 147
17.12 145
17.14 122
17.16 133
17.18 132
17.2 147
17.22 145
17.24 154
17.26 139
17.28 136
17.3 126
17.32 121
17.34 122
17.36 132
17.38 119
17.4 142
17.42 135
17.44 116
17.46 149
17.48 124
17.5 128
17.52 133
17.54 137
17.56 125
17.58 144
17.6 149
17.62 135
17.64 132
17.66 143
17.68 143
17.7 130
17.72 135
17.74 137
17.76 147
17.78 132
17.8 132
17.82 140
17.84 145
17.86 147
17.88 142
17.9 141
17.92 119
17.94 137
17.96 145
17.98 145
18 128
18.02 116
18.04 141
18.06 138
18.08 169
18.1 134
18.12 136
18.14 141
18.16 140
18.18 131
18.2 140
18.22 131
18.24 146
18.26 156
18.28 158
18.3 141
18.32 109
18.34 136
18.36 124
18.38 136
18.4 118
18.42 129
18.44 145
18.46 156
18.48 162
18.5 129
18.52 152
18.54 149
18.56 134
18.58 154
18.6 131
18.62 152
18.64 127
18.66 159
18.68 143
18.7 159
18.72 158
18.74 128
18.76 159
18.78 141
18.8 163
18.82 147
18.84 159
18.86 143
18.88 155
18.9 138
18.92 133
18.94 136
18.96 185
18.98 137
19 155
19.02 146
19.04 134
19.06 146
19.08 135
19.1 167
19.12 137
19.14 158
19.16 154
19.18 154
19.2 160
19.22 160
19.24 160
19.26 156
19.28 161
19.3 133
19.32 156
19.34 149
19.36 154
19.38 138
19.4 132
19.42 156
19.44 164
19.46 148
19.48 173
19.5 155
19.52 165
19.54 170
19.56 157
19.58 190
19.6 180
19.62 175
19.64 138
19.66 174
19.68 151
19.7 183
19.72 149
19.74 173
19.76 187
19.78 170
19.8 170
19.82 166
19.84 174
19.86 181
19.88 183
19.9 192
19.92 171
19.94 151
19.96 182
19.98 152
20 156
20.02 170
20.04 142
20.06 159
20.08 131
20.1 181
20.12 189
20.14 172
20.16 175
20.18 168
20.2 182
20.22 154
20.24 175
20.26 148
20.28 150
20.3 170
20.32 180
20.34 194
20.36 168
20.38 172
20.4 164
20.42 177
20.44 159
20.46 169
20.48 155
20.5 189
20.52 179
20.54 164
20.56 163
20.58 145
20.6 204
20.62 178
20.64 162
20.66 143
20.68 189
20.7 184
20.72 166
20.74 180
20.76 180
20.78 169
20.8 180
20.82 184
20.84 170
20.86 198
20.88 192
20.9 185
20.92 188
20.94 176
20.96 193
20.98 207
21 192
21.02 192
21.04 172
21.06 190
21.08 204
21.1 202
21.12 214
21.14 211
21.16 193
21.18 170
21.2 210
21.22 216
21.24 191
21.26 213
21.28 187
21.3 220
21.32 197
21.34 207
21.36 211
21.38 195
21.4 201
21.42 208
21.44 184
21.46 228
21.48 235
21.5 216
21.52 228
21.54 222
21.56 226
21.58 213
21.6 186
21.62 198
21.64 201
21.66 195
21.68 199
21.7 203
21.72 223
21.74 193
21.76 192
21.78 189
21.8 201
21.82 221
21.84 258
21.86 212
21.88 192
21.9 238
21.92 229
21.94 231
21.96 234
21.98 217
22 204
22.02 207
22.04 223
22.06 213
22.08 239
22.1 248
22.12 246
22.14 216
22.16 215
22.18 216
22.2 259
22.22 222
22.24 267
22.26 223
22.28 213
22.3 206
22.32 220
22.34 227
22.36 236
22.38 244
22.4 212
22.42 231
22.44 220
22.46 214
22.48 246
22.5 237
22.52 242
22.54 226
22.56 243
22.58 252
22.6 252
22.62 227
22.64 255
22.66 218
22.68 246
22.7 233
22.72 198
22.74 267
22.76 262
22.78 234
22.8 215
22.82 239
22.84 209
22.86 233
22.88 220
22.9 230
22.92 232
22.94 226
22.96 205
22.98 219
23 218
23.02 232
23.04 230
23.06 219
23.08 239
23.1 247
23.12 223
23.14 215
23.16 225
23.18 243
23.2 204
23.22 223
23.24 236
23.26 232
23.28 244
23.3 232
23.32 243
23.34 200
23.36 194
23.38 215
23.4 228
23.42 217
23.44 196
23.46 227
23.48 208
23.5 224
23.52 210
23.54 213
23.56 198
23.58 232
23.6 208
23.62 211
23.64 197
23.66 216
23.68 200
23.7 215
23.72 199
23.74 221
23.76 226
23.78 217
23.8 200
23.82 214
23.84 215
23.86 214
23.88 191
23.9 209
23.92 240
23.94 205
23.96 226
23.98 192
24 207
24.02 216
24.04 193
24.06 239
24.08 212
24.1 209
24.12 226
24.14 209
24.16 212
24.18 189
24.2 214
24.22 237
24.24 201
24.26 202
24.28 206
24.3 191
24.32 223
24.34 236
24.36 203
24.38 210
24.4 204
24.42 225
24.44 203
24.46 218
24.48 216
24.5 201
24.52 221
24.54 214
24.56 198
24.58 213
24.6 212
24.62 216
24.64 207
24.66 208
24.68 206
24.7 218
24.72 220
24.74 220
24.76 226
24.78 180
24.8 197
24.82 215
24.84 212
24.86 214
24.88 233
24.9 197
24.92 238
24.94 230
24.96 204
24.98 213
25 209
25.02 209
25.04 210
25.06 232
25.08 208
25.1 197
25.12 185
25.14 186
25.16 193
25.18 196
25.2 212
25.22 220
25.24 205
25.26 204
25.28 219
25.3 203
25.32 212
25.34 217
25.36 219
25.38 209
25.4 221
25.42 215
25.44 186
25.46 216
25.48 193
25.5 191
25.52 194
25.54 225
25.56 216
25.58 177
25.6 224
25.62 180
25.64 217
25.66 180
25.68 216
25.7 220
25.72 213
25.74 226
25.76 204
25.78 221
25.8 246
25.82 241
25.84 220
25.86 215
25.88 217
25.9 231
25.92 246
25.94 199
25.96 209
25.98 200
26 221
26.02 201
26.04 179
26.06 209
26.08 220
26.1 240
26.12 233
26.14 192
26.16 208
26.18 231
26.2 220
26.22 209
26.24 193
26.26 236
26.28 198
26.3 207
26.32 210
26.34 230
26.36 211
26.38 206
26.4 197
26.42 209
26.44 209
26.46 209
26.48 217
26.5 188
26.52 214
26.54 193
26.56 251
26.58 211
26.6 222
26.62 201
26.64 225
26.66 204
26.68 199
26.7 221
26.72 197
26.74 220
26.76 212
26.78 229
26.8 220
26.82 235
26.84 195
26.86 231
26.88 242
26.9 227
26.92 195
26.94 204
26.96 186
26.98 207
27 216
27.02 200
27.04 195
27.06 241
27.08 189
27.1 238
27.12 203
27.14 216
27.16 235
27.18 221
27.2 217
27.22 206
27.24 201
27.26 234
27.28 224
27.3 200
27.32 228
27.34 217
27.36 220
27.38 240
27.4 226
27.42 235
27.44 235
27.46 198
27.48 207
27.5 269
27.52 221
27.54 248
27.56 249
27.58 207
27.6 228
27.62 231
27.64 224
27.66 231
27.68 196
27.7 212
27.72 198
27.74 236
27.76 244
27.78 229
27.8 211
27.82 218
27.84 210
27.86 202
27.88 239
27.9 215
27.92 180
27.94 201
27.96 192
27.98 199
28 201
28.02 205
28.04 197
28.06 205
28.08 210
28.1 209
28.12 208
28.14 207
28.16 188
28.18 215
28.2 196
28.22 224
28.24 206
28.26 201
28.28 228
28.3 219
28.32 233
28.34 206
28.36 187
28.38 191
28.4 200
28.42 189
28.44 185
28.46 184
28.48 229
28.5 213
28.52 218
28.54 185
28.56 207
28.58 202
28.6 212
28.62 197
28.64 192
28.66 205
28.68 220
28.7 191
28.72 186
28.74 196
28.76 214
28.78 192
28.8 192
28.82 220
28.84 221
28.86 173
28.88 220
28.9 198
28.92 199
28.94 239
28.96 196
28.98 213
29 202
29.02 194
29.04 199
29.06 218
29.08 185
29.1 193
29.12 182
29.14 219
29.16 215
29.18 207
29.2 201
29.22 194
29.24 212
29.26 166
29.28 196
29.3 197
29.32 214
29.34 195
29.36 207
29.38 203
29.4 207
29.42 205
29.44 188
29.46 190
29.48 202
29.5 184
29.52 198
29.54 198
29.56 213
29.58 187
29.6 201
29.62 210
29.64 200
29.66 213
29.68 193
29.7 182
29.72 195
29.74 195
29.76 171
29.78 169
29.8 173
29.82 205
29.84 175
29.86 193
29.88 183
29.9 178
29.92 216
29.94 204
29.96 181
29.98 198
30 195
30.02 177
30.04 197
30.06 178
30.08 185
30.1 176
30.12 192
30.14 200
30.16 201
30.18 167
30.2 186
30.22 204
30.24 184
30.26 190
30.28 191
30.3 186
30.32 155
30.34 183
30.36 201
30.38 210
30.4 179
30.42 181
30.44 181
30.46 171
30.48 170
30.5 174
30.52 207
30.54 199
30.56 179
30.58 212
30.6 198
30.62 183
30.64 200
30.66 191
30.68 167
30.7 170
30.72 192
30.74 210
30.76 186
30.78 175
30.8 157
30.82 187
30.84 169
30.86 192
30.88 182
30.9 176
30.92 182
30.94 169
30.96 163
30.98 188
31 180
31.02 170
31.04 183
31.06 175
31.08 190
31.1 163
31.12 191
31.14 168
31.16 171
31.18 159
31.2 171
31.22 185
31.24 173
31.26 164
31.28 177
31.3 177
31.32 183
31.34 187
31.36 179
31.38 170
31.4 207
31.42 196
31.44 166
31.46 176
31.48 186
31.5 180
31.52 180
31.54 163
31.56 174
31.58 189
31.6 142
31.62 161
31.64 158
31.66 178
31.68 199
31.7 174
31.72 161
31.74 171
31.76 189
31.78 172
31.8 152
31.82 146
31.84 152
31.86 196
31.88 171
31.9 181
31.92 167
31.94 175
31.96 162
31.98 127
32 167
32.02 162
32.04 170
32.06 180
32.08 170
32.1 183
32.12 182
32.14 168
32.16 173
32.18 165
32.2 168
32.22 180
32.24 177
32.26 154
32.28 162
32.3 176
32.32 152
32.34 159
32.36 140
32.38 166
32.4 160
32.42 144
32.44 154
32.46 176
32.48 136
32.5 150
32.52 154
32.54 141
32.56 147
32.58 154
32.6 136
32.62 162
32.64 145
32.66 158
32.68 167
32.7 167
32.72 155
32.74 151
32.76 157
32.78 160
32.8 157
32.82 148
32.84 149
32.86 157
32.88 163
32.9 139
32.92 141
32.94 147
32.96 162
32.98 177
33 145
33.02 139
33.04 133
33.06 147
33.08 154
33.1 130
33.12 165
33.14 163
33.16 173
33.18 153
33.2 181
33.22 167
33.24 132
33.26 163
33.28 158
33.3 156
33.32 158
33.34 158
33.36 152
33.38 143
33.4 159
33.42 149
33.44 172
33.46 158
33.48 161
33.5 156
33.52 157
33.54 167
33.56 135
33.58 171
33.6 141
33.62 164
33.64 149
33.66 158
33.68 143
33.7 136
33.72 140
33.74 172
33.76 161
33.78 122
33.8 142
33.82 125
33.84 155
33.86 165
33.88 156
33.9 161
33.92 136
33.94 137
33.96 137
33.98 146
34 151
34.02 137
34.04 139
34.06 112
34.08 167
34.1 136
34.12 130
34.14 146
34.16 129
34.18 138
34.2 171
34.22 137
34.24 138
34.26 129
34.28 146
34.3 128
34.32 153
34.34 161
34.36 153
34.38 141
34.4 150
34.42 125
34.44 137
34.46 150
34.48 159
34.5 132
34.52 119
34.54 128
34.56 141
34.58 123
34.6 140
34.62 143
34.64 118
34.66 141
34.68 133
34.7 139
34.72 141
34.74 142
34.76 108
34.78 124
34.8 136
34.82 115
34.84 111
34.86 157
34.88 111
34.9 111
34.92 145
34.94 144
34.96 130
34.98 113
35 144
35.02 117
35.04 132
35.06 145
35.08 119
35.1 122
35.12 135
35.14 135
35.16 145
35.18 151
35.2 142
35.22 115
35.24 136
35.26 113
35.28 122
35.3 144
35.32 149
35.34 136
35.36 127
35.38 112
35.4 131
35.42 121
35.44 145
35.46 123
35.48 130
35.5 125
35.52 119
35.54 122
35.56 105
35.58 124
35.6 115
35.62 133
35.64 114
35.66 115
35.68 115
35.7 120
35.72 140
35.74 125
35.76 115
35.78 99
35.8 112
35.82 117
35.84 133
35.86 103
35.88 103
35.9 116
35.92 123
35.94 118
35.96 129
35.98 123
36 118
36.02 106
36.04 105
36.06 111
36.08 104
36.1 121
36.12 123
36.14 96
36.16 116
36.18 112
36.2 110
36.22 118
36.24 117
36.26 113
36.28 117
36.3 122
36.32 124
36.34 96
36.36 110
36.38 109
36.4 111
36.42 123
36.44 95
36.46 123
36.48 124
36.5 113
36.52 110
36.54 111
36.56 134
36.58 109
36.6 126
36.62 125
36.64 116
36.66 111
36.68 115
36.7 88
36.72 111
36.74 128
36.76 106
36.78 119
36.8 94
36.82 117
36.84 109
36.86 129
36.88 120
36.9 117
36.92 107
36.94 112
36.96 99
36.98 128
37 89
37.02 102
37.04 110
37.06 97
37.08 116
37.1 123
37.12 113
37.14 100
37.16 105
37.18 91
37.2 94
37.22 116
37.24 98
37.26 101
37.28 100
37.3 118
37.32 109
37.34 115
37.36 93
37.38 116
37.4 103
37.42 91
37.44 111
37.46 99
37.48 110
37.5 99
37.52 105
37.54 115
37.56 110
37.58 101
37.6 120
37.62 114
37.64 96
37.66 91
37.68 92
37.7 107
37.72 107
37.74 110
37.76 100
37.78 101
37.8 106
37.82 85
37.84 87
37.86 87
37.88 96
37.9 95
37.92 81
37.94 106
37.96 110
37.98 101
38 108
38.02 102
38.04 77
38.06 116
38.08 115
38.1 118
38.12 106
38.14 100
38.16 87
38.18 110
38.2 90
38.22 114
38.24 112
38.26 91
38.28 101
38.3 109
38.32 111
38.34 108
38.36 102
38.38 98
38.4 113
38.42 95
38.44 85
38.46 85
38.48 108
38.5 115
38.52 100
38.54 97
38.56 112
38.58 103
38.6 113
38.62 107
38.64 94
38.66 84
38.68 126
38.7 102
38.72 102
38.74 104
38.76 128
38.78 108
38.8 99
38.82 115
38.84 91
38.86 88
38.88 97
38.9 86
38.92 92
38.94 100
38.96 96
38.98 88
39 104
39.02 105
39.04 98
39.06 89
39.08 126
39.1 95
39.12 105
39.14 83
39.16 91
39.18 100
39.2 87
39.22 114
39.24 99
39.26 105
39.28 113
39.3 102
39.32 104
39.34 98
39.36 131
39.38 111
39.4 96
39.42 111
39.44 105
39.46 105
39.48 106
39.5 97
39.52 95
39.54 97
39.56 80
39.58 103
39.6 82
39.62 95
39.64 90
39.66 81
39.68 97
39.7 91
39.72 94
39.74 85
39.76 106
39.78 89
39.8 103
39.82 81
39.84 113
39.86 90
39.88 95
39.9 84
39.92 95
39.94 104
39.96 101
39.98 78
40 112
40.02 98
40.04 86
40.06 96
40.08 107
40.1 93
40.12 95
40.14 96
40.16 91
40.18 101
40.2 104
40.22 106
40.24 90
40.26 94
40.28 112
40.3 91
40.32 107
40.34 91
40.36 104
40.38 75
40.4 91
40.42 100
40.44 93
40.46 99
40.48 84
40.5 91
40.52 95
40.54 97
40.56 83
40.58 94
40.6 92
40.62 98
40.64 107
40.66 98
40.68 107
40.7 101
40.72 95
40.74 88
40.76 98
40.78 98
40.8 82
40.82 94
40.84 94
40.86 95
40.88 104
40.9 101
40.92 95
40.94 102
40.96 109
40.98 83
41 91
41.02 102
41.04 103
41.06 105
41.08 102
41.1 100
41.12 90
41.14 98
41.16 102
41.18 103
41.2 93
41.22 99
41.24 92
41.26 106
41.28 104
41.3 107
41.32 100
41.34 96
41.36 93
41.38 123
41.4 115
41.42 107
41.44 100
41.46 83
41.48 88
41.5 96
41.52 97
41.54 105
41.56 82
41.58 93
41.6 93
41.62 87
41.64 109
41.66 102
41.68 82
41.7 106
41.72 84
41.74 82
41.76 97
41.78 96
41.8 102
41.82 81
41.84 68
41.86 90
41.88 97
41.9 89
41.92 97
41.94 103
41.96 84
41.98 111
42 103
42.02 80
42.04 92
42.06 102
42.08 97
42.1 74
42.12 86
42.14 108
42.16 92
42.18 99
42.2 105
42.22 92
42.24 82
42.26 104
42.28 105
42.3 96
42.32 108
42.34 95
42.36 85
42.38 93
42.4 86
42.42 111
42.44 89
42.46 104
42.48 95
42.5 100
42.52 89
42.54 85
42.56 90
42.58 94
42.6 91
42.62 101
42.64 94
42.66 108
42.68 97
42.7 104
42.72 105
42.74 94
42.76 97
42.78 99
42.8 91
42.82 95
42.84 82
42.86 85
42.88 80
42.9 94
42.92 96
42.94 90
42.96 102
42.98 102
43 87
43.02 86
43.04 95
43.06 81
43.08 85
43.1 93
43.12 96
43.14 91
43.16 65
43.18 102
43.2 91
43.22 92
43.24 90
43.26 85
43.28 96
43.3 81
43.32 87
43.34 107
43.36 89
43.38 98
43.4 90
43.42 100
43.44 79
43.46 92
43.48 100
43.5 91
43.52 103
43.54 92
43.56 112
43.58 82
43.6 100
43.62 93
43.64 81
43.66 90
43.68 100
43.7 80
43.72 86
43.74 79
43.76 93
43.78 82
43.8 87
43.82 99
43.84 90
43.86 93
43.88 86
43.9 99
43.92 101
43.94 100
43.96 86
43.98 90
44 96
44.02 98
44.04 91
44.06 115
44.08 97
44.1 87
44.12 77
44.14 78
44.16 99
44.18 81
44.2 94
44.22 86
44.24 88
44.26 80
44.28 80
44.3 90
44.32 99
44.34 89
44.36 100
44.38 92
44.4 81
44.42 88
44.44 88
44.46 92
44.48 94
44.5 93
44.52 85
44.54 88
44.56 91
44.58 90
44.6 75
44.62 88
44.64 91
44.66 94
44.68 91
44.7 100
44.72 96
44.74 93
44.76 94
44.78 98
44.8 92
44.82 82
44.84 85
44.86 75
44.88 95
44.9 70
44.92 96
44.94 82
44.96 92
44.98 96
45 89
45.02 102
45.04 101
45.06 102
45.08 82
45.1 76
45.12 89
45.14 112
45.16 82
45.18 81
45.2 90
45.22 102
45.24 85
45.26 95
45.28 85
45.3 84
45.32 93
45.34 90
45.36 111
45.38 98
45.4 84
45.42 104
45.44 84
45.46 83
45.48 92
45.5 84
45.52 93
45.54 102
45.56 88
45.58 90
45.6 104
45.62 82
45.64 97
45.66 100
45.68 91
45.7 96
45.72 97
45.74 94
45.76 91
45.78 93
45.8 83
45.82 88
45.84 95
45.86 86
45.88 81
45.9 87
45.92 85
45.94 80
45.96 102
45.98 80
46 82
46.02 76
46.04 106
46.06 84
46.08 106
46.1 67
46.12 88
46.14 98
46.16 86
46.18 95
46.2 88
46.22 99
46.24 85
46.26 80
46.28 82
46.3 77
46.32 81
46.34 77
46.36 97
46.38 106
46.4 90
46.42 91
46.44 99
46.46 99
46.48 105
46.5 102
46.52 92
46.54 96
46.56 89
46.58 77
46.6 89
46.62 84
46.64 76
46.66 94
46.68 100
46.7 80
46.72 74
46.74 92
46.76 82
46.78 88
46.8 106
46.82 99
46.84 78
46.86 78
46.88 104
46.9 84
46.92 73
46.94 94
46.96 106
46.98 79
47 78
47.02 96
47.04 78
47.06 98
47.08 87
47.1 77
47.12 83
47.14 81
47.16 89
47.18 93
47.2 81
47.22 69
47.24 91
47.26 92
47.28 83
47.3 85
47.32 82
47.34 112
47.36 89
47.38 99
47.4 99
47.42 86
47.44 89
47.46 94
47.48 94
47.5 83
47.52 80
47.54 95
47.56 85
47.58 92
47.6 72
47.62 65
47.64 90
47.66 81
47.68 104
47.7 103
47.72 95
47.74 87
47.76 92
47.78 83
47.8 98
47.82 90
47.84 88
47.86 73
47.88 103
47.9 73
47.92 82
47.94 91
47.96 83
47.98 83
48 81
48.02 85
48.04 85
48.06 81
48.08 67
48.1 62
48.12 92
48.14 96
48.16 84
48.18 85
48.2 83
48.22 90
48.24 89
48.26 105
48.28 93
48.3 85
48.32 82
48.34 84
48.36 85
48.38 82
48.4 69
48.42 85
48.44 100
48.46 82
48.48 90
48.5 80
48.52 101
48.54 77
48.56 77
48.58 70
48.6 79
48.62 64
48.64 85
48.66 88
48.68 87
48.7 91
48.72 89
48.74 80
48.76 88
48.78 78
48.8 82
48.82 81
48.84 78
48.86 74
48.88 89
48.9 81
48.92 72
48.94 85
48.96 78
48.98 69
49 99
49.02 83
49.04 68
49.06 75
49.08 83
49.1 80
49.12 73
49.14 82
49.16 82
49.18 74
49.2 82
49.22 96
49.24 66
49.26 76
49.28 77
49.3 78
49.32 67
49.34 77
49.36 71
49.38 86
49.4 76
49.42 82
49.44 71
49.46 87
49.48 81
49.5 75
49.52 79
49.54 86
49.56 76
49.58 79
49.6 93
49.62 62
49.64 86
49.66 82
49.68 79
49.7 93
49.72 85
49.74 68
49.76 88
49.78 80
49.8 82
49.82 71
49.84 86
49.86 82
49.88 81
49.9 88
49.92 92
49.94 77
49.96 88
49.98 80
50 86
50.02 89
50.04 78
50.06 82
50.08 87
50.1 69
50.12 94
50.14 88
50.16 80
50.18 85
50.2 78
50.22 72
50.24 80
50.26 67
50.28 89
50.3 91
50.32 93
50.34 69
50.36 75
50.38 78
50.4 86
50.42 80
50.44 99
50.46 81
50.48 91
50.5 77
50.52 82
50.54 90
50.56 89
50.58 64
50.6 87
50.62 79
50.64 89
50.66 95
50.68 79
50.7 81
50.72 82
50.74 71
50.76 70
50.78 65
50.8 85
50.82 84
50.84 96
50.86 76
50.88 87
50.9 75
50.92 97
50.94 77
50.96 78
50.98 78
51 75
51.02 77
51.04 86
51.06 88
51.08 80
51.1 83
51.12 81
51.14 84
51.16 77
51.18 76
51.2 53
51.22 101
51.24 89
51.26 79
51.28 80
51.3 69
51.32 84
51.34 68
51.36 91
51.38 79
51.4 74
51.42 64
51.44 88
51.46 63
51.48 83
51.5 78
51.52 87
51.54 74
51.56 92
51.58 62
51.6 89
51.62 77
51.64 93
51.66 78
51.68 75
51.7 80
51.72 80
51.74 83
51.76 91
51.78 71
51.8 76
51.82 78
51.84 77
51.86 79
51.88 80
51.9 83
51.92 80
51.94 91
51.96 87
51.98 83
52 79
52.02 89
52.04 69
52.06 89
52.08 77
52.1 80
52.12 79
52.14 93
52.16 77
52.18 70
52.2 78
52.22 83
52.24 78
52.26 90
52.28 67
52.3 87
52.32 76
52.34 86
52.36 74
52.38 78
52.4 89
52.42 79
52.44 95
52.46 74
52.48 80
52.5 85
52.52 92
52.54 102
52.56 81
52.58 80
52.6 99
52.62 70
52.64 68
52.66 79
52.68 78
52.7 84
52.72 69
52.74 75
52.76 87
52.78 94
52.8 70
52.82 69
52.84 85
52.86 91
52.88 79
52.9 75
52.92 80
52.94 88
52.96 87
52.98 71
53 66
53.02 69
53.04 73
53.06 81
53.08 76
53.1 54
53.12 89
53.14 72
53.16 83
53.18 87
53.2 70
53.22 66
53.24 83
53.26 94
53.28 85
53.3 69
53.32 80
53.34 85
53.36 75
53.38 81
53.4 65
53.42 73
53.44 69
53.46 87
53.48 79
53.5 78
53.52 84
53.54 76
53.56 85
53.58 86
53.6 80
53.62 77
53.64 77
53.66 76
53.68 92
53.7 79
53.72 80
53.74 70
53.76 73
53.78 81
53.8 89
53.82 81
53.84 88
53.86 98
53.88 72
53.9 67
53.92 98
53.94 88
53.96 84
53.98 74
54 77
54.02 86
54.04 71
54.06 74
54.08 89
54.1 64
54.12 67
54.14 90
54.16 79
54.18 78
54.2 81
54.22 77
54.24 74
54.26 86
54.28 78
54.3 68
54.32 84
54.34 81
54.36 84
54.38 95
54.4 80
54.42 68
54.44 81
54.46 71
54.48 87
54.5 67
54.52 61
54.54 73
54.56 96
54.58 67
54.6 74
54.62 87
54.64 85
54.66 73
54.68 89
54.7 79
54.72 87
54.74 80
54.76 67
54.78 70
54.8 78
54.82 81
54.84 76
54.86 74
54.88 74
54.9 64
54.92 73
54.94 76
54.96 100
54.98 82
55 75
55.02 70
55.04 73
55.06 65
55.08 77
55.1 67
55.12 66
55.14 81
55.16 62
55.18 74
55.2 81
55.22 78
55.24 64
55.26 78
55.28 68
55.3 81
55.32 90
55.34 63
55.36 79
55.38 71
55.4 87
55.42 83
55.44 63
55.46 76
55.48 78
55.5 77
55.52 83
55.54 80
55.56 76
55.58 67
55.6 72
55.62 83
55.64 75
55.66 85
55.68 76
55.7 81
55.72 76
55.74 62
55.76 75
55.78 75
55.8 68
55.82 84
55.84 84
55.86 87
55.88 76
55.9 76
55.92 60
55.94 75
55.96 76
55.98 68
56 79
56.02 67
56.04 86
56.06 77
56.08 79
56.1 68
56.12 84
56.14 70
56.16 77
56.18 97
56.2 78
56.22 88
56.24 61
56.26 93
56.28 89
56.3 85
56.32 90
56.34 65
56.36 73
56.38 71
56.4 59
56.42 67
56.44 86
56.46 74
56.48 80
56.5 76
56.52 71
56.54 64
56.56 89
56.58 57
56.6 71
56.62 63
56.64 76
56.66 93
56.68 78
56.7 70
56.72 82
56.74 73
56.76 89
56.78 84
56.8 69
56.82 82
56.84 78
56.86 73
56.88 64
56.9 81
56.92 95
56.94 96
56.96 76
56.98 88
57 70
57.02 83
57.04 69
57.06 64
57.08 63
57.1 80
57.12 73
57.14 77
57.16 83
57.18 68
57.2 80
57.22 77
57.24 74
57.26 77
57.28 57
57.3 78
57.32 83
57.34 66
57.36 99
57.38 87
57.4 75
57.42 77
57.44 62
57.46 63
57.48 75
57.5 79
57.52 89
57.54 79
57.56 75
57.58 73
57.6 79
57.62 73
57.64 68
57.66 74
57.68 74
57.7 81
57.72 84
57.74 74
57.76 77
57.78 84
57.8 74
57.82 66
57.84 87
57.86 88
57.88 84
57.9 91
57.92 69
57.94 90
57.96 79
57.98 72
58 91
58.02 70
58.04 78
58.06 80
58.08 78
58.1 62
58.12 57
58.14 72
58.16 79
58.18 80
58.2 58
58.22 82
58.24 93
58.26 75
58.28 72
58.3 80
58.32 72
58.34 77
58.36 88
58.38 76
58.4 75
58.42 80
58.44 89
58.46 83
58.48 90
58.5 89
58.52 56
58.54 86
58.56 79
58.58 105
58.6 76
58.62 73
58.64 81
58.66 85
58.68 80
58.7 81
58.72 84
58.74 83
58.76 73
58.78 69
58.8 84
58.82 72
58.84 74
58.86 82
58.88 80
58.9 87
58.92 69
58.94 84
58.96 78
58.98 67
59 70
59.02 74
59.04 79
59.06 94
59.08 86
59.1 79
59.12 74
59.14 80
59.16 78
59.18 69
59.2 69
59.22 64
59.24 99
59.26 77
59.28 87
59.3 69
59.32 77
59.34 84
59.36 80
59.38 72
59.4 76
59.42 79
59.44 68
59.46 72
59.48 66
59.5 74
59.52 72
59.54 87
59.56 82
59.58 67
59.6 69
59.62 80
59.64 95
59.66 67
59.68 81
59.7 68
59.72 79
59.74 81
59.76 81
59.78 75
59.8 84
59.82 79
59.84 57
59.86 89
59.88 73
59.9 82
59.92 74
59.94 69
59.96 76
59.98 77
60 85
60.02 77
60.04 57
60.06 57
60.08 75
60.1 79
60.12 64
60.14 78
60.16 72
60.18 86
60.2 79
60.22 66
60.24 72
60.26 75
60.28 77
60.3 55
60.32 76
60.34 89
60.36 73
60.38 82
60.4 81
60.42 86
60.44 84
60.46 80
60.48 84
60.5 67
60.52 76
60.54 75
60.56 73
60.58 76
60.6 77
60.62 85
60.64 79
60.66 74
60.68 79
60.7 74
60.72 73
60.74 76
60.76 82
60.78 73
60.8 92
60.82 54
60.84 72
60.86 88
60.88 87
60.9 87
60.92 79
60.94 76
60.96 70
60.98 71
61 71
61.02 74
61.04 79
61.06 83
61.08 93
61.1 85
61.12 78
61.14 75
61.16 74
61.18 73
61.2 80
61.22 84
61.24 76
61.26 69
61.28 86
61.3 74
61.32 72
61.34 64
61.36 74
61.38 84
61.4 73
61.42 76
61.44 81
61.46 77
61.48 71
61.5 84
61.52 72
61.54 79
61.56 65
61.58 95
61.6 69
61.62 70
61.64 79
61.66 58
61.68 82
61.7 73
61.72 75
61.74 71
61.76 86
61.78 77
61.8 78
61.82 71
61.84 70
61.86 66
61.88 79
61.9 71
61.92 90
61.94 95
61.96 77
61.98 77
62 82
62.02 83
62.04 87
62.06 75
62.08 78
62.1 80
62.12 74
62.14 76
62.16 67
62.18 83
62.2 78
62.22 70
62.24 68
62.26 58
62.28 65
62.3 76
62.32 77
62.34 81
62.36 81
62.38 67
62.4 71
62.42 70
62.44 70
62.46 71
62.48 81
62.5 66
62.52 70
62.54 83
62.56 70
62.58 78
62.6 98
62.62 54
62.64 75
62.66 75
62.68 82
62.7 68
62.72 64
62.74 91
62.76 74
62.78 69
62.8 87
62.82 77
62.84 52
62.86 65
62.88 84
62.9 86
62.92 72
62.94 62
62.96 72
62.98 72
63 80
63.02 89
63.04 68
63.06 72
63.08 72
63.1 71
63.12 67
63.14 74
63.16 76
63.18 76
63.2 62
63.22 84
63.24 77
63.26 70
63.28 73
63.3 81
63.32 75
63.34 71
63.36 75
63.38 77
63.4 66
63.42 79
63.44 74
63.46 73
63.48 76
63.5 70
63.52 91
63.54 83
63.56 70
63.58 63
63.6 76
63.62 78
63.64 74
63.66 79
63.68 67
63.7 63
63.72 68
63.74 60
63.76 102
63.78 77
63.8 71
63.82 83
63.84 88
63.86 74
63.88 77
63.9 79
63.92 73
63.94 77
63.96 68
63.98 72
64 76
64.02 77
64.04 70
64.06 75
64.08 77
64.1 64
64.12 77
64.14 75
64.16 71
64.18 70
64.2 80
64.22 71
64.24 67
64.26 73
64.28 77
64.3 81
64.32 75
64.34 78
64.36 79
64.38 83
64.4 72
64.42 83
64.44 75
64.46 69
64.48 70
64.5 53
64.52 86
64.54 67
64.56 77
64.58 76
64.6 74
64.62 73
64.64 72
64.66 102
64.68 60
64.7 53
64.72 67
64.74 65
64.76 84
64.78 72
64.8 85
64.82 69
64.84 65
64.86 57
64.88 69
64.9 83
64.92 76
64.94 73
64.96 79
64.98 80
65 69
65.02 74
65.04 61
65.06 79
65.08 76
65.1 85
65.12 80
65.14 82
65.16 78
65.18 72
65.2 78
65.22 75
65.24 71
65.26 55
65.28 74
65.3 74
65.32 68
65.34 68
65.36 59
65.38 78
65.4 61
65.42 77
65.44 81
65.46 76
65.48 59
65.5 80
65.52 80
65.54 78
65.56 77
65.58 77
65.6 75
65.62 74
65.64 67
65.66 84
65.68 73
65.7 79
65.72 71
65.74 73
65.76 85
65.78 79
65.8 71
65.82 74
65.84 69
65.86 75
65.88 83
65.9 81
65.92 87
65.94 79
65.96 70
65.98 67
66 78
66.02 79
66.04 73
66.06 70
66.08 86
66.1 78
66.12 75
66.14 74
66.16 80
66.18 79
66.2 70
66.22 92
66.24 75
66.26 73
66.28 74
66.3 87
66.32 70
66.34 83
66.36 84
66.38 97
66.4 71
66.42 67
66.44 81
66.46 65
66.48 64
66.5 67
66.52 67
66.54 69
66.56 84
66.58 64
66.6 75
66.62 69
66.64 73
66.66 79
66.68 71
66.7 68
66.72 73
66.74 62
66.76 67
66.78 59
66.8 64
66.82 53
66.84 60
66.86 56
66.88 74
66.9 79
66.92 65
66.94 74
66.96 65
66.98 72
67 83
67.02 68
67.04 68
67.06 78
67.08 57
67.1 75
67.12 62
67.14 61
67.16 61
67.18 65
67.2 65
67.22 88
67.24 84
67.26 85
67.28 63
67.3 86
67.32 75
67.34 61
67.36 68
67.38 77
67.4 57
67.42 69
67.44 68
67.46 62
67.48 77
67.5 79
67.52 78
67.54 67
67.56 67
67.58 70
67.6 58
67.62 69
67.64 78
67.66 68
67.68 65
67.7 61
67.72 91
67.74 80
67.76 72
67.78 65
67.8 83
67.82 76
67.84 67
67.86 66
67.88 64
67.9 66
67.92 76
67.94 66
67.96 67
67.98 68
68 58
68.02 78
68.04 75
68.06 64
68.08 80
68.1 72
68.12 87
68.14 70
68.16 77
68.18 79
68.2 71
68.22 84
68.24 51
68.26 84
68.28 74
68.3 72
68.32 69
68.34 63
68.36 80
68.38 72
68.4 71
68.42 69
68.44 67
68.46 60
68.48 70
68.5 69
68.52 74
68.54 66
68.56 63
68.58 71
68.6 69
68.62 58
68.64 73
68.66 66
68.68 59
68.7 67
68.72 81
68.74 74
68.76 66
68.78 61
68.8 70
68.82 66
68.84 65
68.86 68
68.88 60
68.9 63
68.92 66
68.94 69
68.96 79
68.98 65
69 57
69.02 74
69.04 60
69.06 69
69.08 64
69.1 72
69.12 63
69.14 60
69.16 38
69.18 74
69.2 71
69.22 65
69.24 61
69.26 69
69.28 73
69.3 77
69.32 79
69.34 61
69.36 67
69.38 76
69.4 67
69.42 80
69.44 74
69.46 76
69.48 69
69.5 64
69.52 65
69.54 63
69.56 83
69.58 67
69.6 67
69.62 64
69.64 75
69.66 73
69.68 51
69.7 54
69.72 72
69.74 65
69.76 57
69.78 63
69.8 63
69.82 75
69.84 61
69.86 77
69.88 74
69.9 68
69.92 68
69.94 58
69.96 55
69.98 82
70 55
70.02 64
70.04 71
70.06 58
70.08 51
70.1 66
70.12 62
70.14 65
70.16 59
70.18 56
70.2 72
70.22 74
70.24 71
70.26 65
70.28 61
70.3 66
70.32 68
70.34 66
70.36 60
70.38 88
70.4 64
70.42 52
70.44 60
70.46 64
70.48 60
70.5 61
70.52 71
70.54 62
70.56 76
70.58 57
70.6 57
70.62 60
70.64 64
70.66 66
70.68 74
70.7 69
70.72 53
70.74 58
70.76 61
70.78 61
70.8 75
70.82 64
70.84 69
70.86 76
70.88 76
70.9 62
70.92 77
70.94 55
70.96 59
70.98 47
71 57
71.02 68
71.04 67
71.06 65
71.08 53
71.1 59
71.12 74
71.14 76
71.16 54
71.18 62
71.2 55
71.22 71
71.24 64
71.26 53
71.28 63
71.3 46
71.32 74
71.34 50
71.36 61
71.38 61
71.4 65
71.42 51
71.44 59
71.46 66
71.48 74
71.5 65
71.52 60
71.54 47
71.56 59
71.58 53
71.6 65
71.62 67
71.64 73
71.66 52
71.68 62
71.7 50
71.72 70
71.74 60
71.76 72
71.78 55
71.8 59
71.82 56
71.84 66
71.86 60
71.88 70
71.9 54
71.92 66
71.94 72
71.96 70
71.98 59
72 58
72.02 67
72.04 61
72.06 62
72.08 61
72.1 56
72.12 56
72.14 56
72.16 48
72.18 58
72.2 58
72.22 64
72.24 64
72.26 69
72.28 57
72.3 63
72.32 84
72.34 47
72.36 63
72.38 85
72.4 64
72.42 60
72.44 65
72.46 74
72.48 56
72.5 64
72.52 71
72.54 87
72.56 58
72.58 64
72.6 51
72.62 59
72.64 65
72.66 55
72.68 69
72.7 58
72.72 50
72.74 80
72.76 66
72.78 56
72.8 54
72.82 48
72.84 65
72.86 72
72.88 78
72.9 48
72.92 69
72.94 71
72.96 62
72.98 61
73 53
73.02 71
73.04 49
73.06 66
73.08 67
73.1 63
73.12 61
73.14 47
73.16 76
73.18 74
73.2 65
73.22 63
73.24 62
73.26 60
73.28 66
73.3 62
73.32 55
73.34 52
73.36 75
73.38 57
73.4 60
73.42 75
73.44 79
73.46 65
73.48 64
73.5 71
73.52 61
73.54 60
73.56 66
73.58 54
73.6 57
73.62 60
73.64 56
73.66 64
73.68 76
73.7 62
73.72 63
73.74 69
73.76 48
73.78 72
73.8 56
73.82 57
73.84 72
73.86 72
73.88 59
73.9 54
73.92 58
73.94 72
73.96 66
73.98 68
74 64
74.02 63
74.04 62
74.06 66
74.08 56
74.1 56
74.12 69
74.14 68
74.16 50
74.18 72
74.2 77
74.22 80
74.24 52
74.26 81
74.28 53
74.3 61
74.32 59
74.34 55
74.36 65
74.38 73
74.4 57
74.42 55
74.44 65
74.46 54
74.48 61
74.5 59
74.52 63
74.54 50
74.56 49
74.58 64
74.6 55
74.62 73
74.64 57
74.66 68
74.68 58
74.7 72
74.72 78
74.74 63
74.76 55
74.78 58
74.8 61
74.82 53
74.84 63
74.86 48
74.88 71
74.9 66
74.92 63
74.94 58
74.96 59
74.98 64
75 63
75.02 55
75.04 53
75.06 63
75.08 58
75.1 57
75.12 60
75.14 75
75.16 67
75.18 62
75.2 47
75.22 61
75.24 67
75.26 65
75.28 63
75.3 60
75.32 60
75.34 67
75.36 54
75.38 45
75.4 51
75.42 66
75.44 63
75.46 65
75.48 58
75.5 77
75.52 58
75.54 60
75.56 57
75.58 72
75.6 69
75.62 65
75.64 61
75.66 76
75.68 55
75.7 66
75.72 75
75.74 61
75.76 49
75.78 63
75.8 60
75.82 61
75.84 55
75.86 63
75.88 58
75.9 49
75.92 56
75.94 53
75.96 54
75.98 60
76 57
76.02 68
76.04 68
76.06 59
76.08 52
76.1 66
76.12 65
76.14 57
76.16 69
76.18 67
76.2 62
76.22 62
76.24 61
76.26 48
76.28 55
76.3 61
76.32 55
76.34 68
76.36 40
76.38 57
76.4 61
76.42 59
76.44 65
76.46 70
76.48 59
76.5 60
76.52 58
76.54 80
76.56 75
76.58 53
76.6 57
76.62 58
76.64 57
76.66 47
76.68 60
76.7 61
76.72 54
76.74 82
76.76 63
76.78 72
76.8 48
76.82 75
76.84 61
76.86 57
76.88 56
76.9 53
76.92 58
76.94 49
76.96 66
76.98 63
77 54
77.02 67
77.04 65
77.06 68
77.08 58
77.1 54
77.12 58
77.14 63
77.16 51
77.18 63
77.2 69
77.22 62
77.24 61
77.26 67
77.28 61
77.3 62
77.32 64
77.34 70
77.36 57
77.38 52
77.4 47
77.42 54
77.44 58
77.46 71
77.48 63
77.5 46
77.52 75
77.54 59
77.56 53
77.58 60
77.6 49
77.62 60
77.64 47
77.66 69
77.68 55
77.7 58
77.72 60
77.74 66
77.76 59
77.78 56
77.8 55
77.82 67
77.84 62
77.86 54
77.88 62
77.9 70
77.92 55
77.94 57
77.96 53
77.98 66
78 68
78.02 50
78.04 43
78.06 56
78.08 70
78.1 67
78.12 50
78.14 56
78.16 69
78.18 50
78.2 74
78.22 49
78.24 52
78.26 66
78.28 50
78.3 61
78.32 54
78.34 82
78.36 60
78.38 50
78.4 55
78.42 54
78.44 58
78.46 63
78.48 61
78.5 50
78.52 44
78.54 74
78.56 49
78.58 42
78.6 44
78.62 60
78.64 54
78.66 67
78.68 53
78.7 57
78.72 56
78.74 39
78.76 50
78.78 69
78.8 56
78.82 43
78.84 57
78.86 51
78.88 59
78.9 61
78.92 58
78.94 57
78.96 55
78.98 69
79 51
79.02 57
79.04 53
79.06 58
79.08 53
79.1 59
79.12 67
79.14 62
79.16 64
79.18 55
79.2 48
79.22 46
79.24 54
79.26 70
79.28 51
79.3 50
79.32 69
79.34 59
79.36 56
79.38 59
79.4 73
79.42 51
79.44 73
79.46 68
79.48 59
79.5 48
79.52 61
79.54 60
79.56 56
79.58 46
79.6 58
79.62 54
79.64 66
79.66 54
79.68 46
79.7 53
79.72 49
79.74 44
79.76 53
79.78 68
79.8 47
79.82 53
79.84 54
79.86 54
79.88 49
79.9 53
79.92 59
79.94 50
79.96 56
79.98 57
80 63
80.02 54
80.04 41
80.06 46
80.08 47
80.1 50
80.12 66
80.14 57
80.16 49
80.18 52
80.2 43
80.22 55
80.24 54
80.26 57
80.28 49
80.3 49
80.32 52
80.34 45
80.36 55
80.38 52
80.4 52
80.42 43
80.44 55
80.46 53
80.48 46
80.5 62
80.52 53
80.54 59
80.56 50
80.58 43
80.6 59
80.62 45
80.64 70
80.66 62
80.68 50
80.7 64
80.72 53
80.74 63
80.76 61
80.78 62
80.8 68
80.82 55
80.84 40
80.86 48
80.88 52
80.9 52
80.92 45
80.94 65
80.96 54
80.98 49
81 54
81.02 51
81.04 54
81.06 60
81.08 58
81.1 54
81.12 53
81.14 44
81.16 54
81.18 54
81.2 49
81.22 70
81.24 56
81.26 53
81.28 46
81.3 54
81.32 50
81.34 51
81.36 60
81.38 55
81.4 40
81.42 50
81.44 56
81.46 54
81.48 55
81.5 62
81.52 52
81.54 47
81.56 47
81.58 47
81.6 38
81.62 49
81.64 54
81.66 47
81.68 61
81.7 49
81.72 60
81.74 53
81.76 58
81.78 53
81.8 37
81.82 57
81.84 43
81.86 44
81.88 42
81.9 60
81.92 46
81.94 57
81.96 39
81.98 55
82 50
82.02 49
82.04 55
82.06 54
82.08 50
82.1 46
82.12 60
82.14 45
82.16 58
82.18 45
82.2 54
82.22 69
82.24 56
82.26 48
82.28 43
82.3 50
82.32 60
82.34 58
82.36 46
82.38 54
82.4 48
82.42 49
82.44 51
82.46 56
82.48 42
82.5 48
82.52 34
82.54 70
82.56 52
82.58 53
82.6 47
82.62 50
82.64 48
82.66 42
82.68 46
82.7 48
82.72 52
82.74 47
82.76 59
82.78 44
82.8 49
82.82 46
82.84 35
82.86 42
82.88 52
82.9 46
82.92 48
82.94 54
82.96 56
82.98 48
83 56
83.02 56
83.04 43
83.06 40
83.08 63
83.1 56
83.12 54
83.14 40
83.16 43
83.18 43
83.2 44
83.22 57
83.24 59
83.26 67
83.28 50
83.3 47
83.32 46
83.34 60
83.36 46
83.38 48
83.4 47
83.42 50
83.44 47
83.46 44
83.48 43
83.5 54
83.52 43
83.54 54
83.56 32
83.58 55
83.6 50
83.62 50
83.64 53
83.66 44
83.68 43
83.7 45
83.72 51
83.74 52
83.76 46
83.78 50
83.8 52
83.82 58
83.84 52
83.86 45
83.88 59
83.9 48
83.92 52
83.94 41
83.96 41
83.98 66
84 51
84.02 52
84.04 49
84.06 51
84.08 61
84.1 45
84.12 55
84.14 52
84.16 46
84.18 41
84.2 53
84.22 55
84.24 54
84.26 47
84.28 39
84.3 49
84.32 52
84.34 47
84.36 44
84.38 56
84.4 56
84.42 53
84.44 52
84.46 44
84.48 49
84.5 35
84.52 49
84.54 48
84.56 51
84.58 51
84.6 56
84.62 51
84.64 44
84.66 43
84.68 39
84.7 57
84.72 43
84.74 38
84.76 43
84.78 46
84.8 48
84.82 49
84.84 47
84.86 55
84.88 46
84.9 39
84.92 47
84.94 48
84.96 42
84.98 51
85 41
85.02 57
85.04 46
85.06 54
85.08 55
85.1 56
85.12 42
85.14 42
85.16 38
85.18 41
85.2 34
85.22 41
85.24 41
85.26 45
85.28 45
85.3 45
85.32 52
85.34 51
85.36 49
85.38 53
85.4 41
85.42 39
85.44 39
85.46 40
85.48 34
85.5 40
85.52 49
85.54 33
85.56 41
85.58 43
85.6 41
85.62 45
85.64 49
85.66 46
85.68 49
85.7 57
85.72 48
85.74 41
85.76 45
85.78 50
85.8 55
85.82 41
85.84 38
85.86 44
85.88 43
85.9 45
85.92 35
85.94 37
85.96 40
85.98 55
86 54
86.02 43
86.04 39
86.06 47
86.08 40
86.1 53
86.12 36
86.14 57
86.16 42
86.18 35
86.2 48
86.22 36
86.24 37
86.26 46
86.28 51
86.3 43
86.32 41
86.34 39
86.36 47
86.38 51
86.4 40
86.42 41
86.44 51
86.46 51
86.48 44
86.5 48
86.52 33
86.54 54
86.56 31
86.58 38
86.6 41
86.62 48
86.64 47
86.66 50
86.68 52
86.7 49
86.72 44
86.74 47
86.76 41
86.78 51
86.8 48
86.82 42
86.84 29
86.86 55
86.88 46
86.9 44
86.92 50
86.94 43
86.96 39
86.98 42
87 30
87.02 46
87.04 41
87.06 32
87.08 53
87.1 53
87.12 49
87.14 44
87.16 64
87.18 33
87.2 45
87.22 41
87.24 42
87.26 34
87.28 49
87.3 52
87.32 52
87.34 51
87.36 45
87.38 39
87.4 51
87.42 47
87.44 37
87.46 33
87.48 41
87.5 39
87.52 49
87.54 38
87.56 49
87.58 40
87.6 43
87.62 43
87.64 48
87.66 48
87.68 40
87.7 48
87.72 48
87.74 53
87.76 44
87.78 57
87.8 32
87.82 47
87.84 36
87.86 33
87.88 40
87.9 46
87.92 45
87.94 39
87.96 50
87.98 39
88 44
88.02 30
88.04 32
88.06 50
88.08 45
88.1 31
88.12 39
88.14 46
88.16 41
88.18 42
88.2 46
88.22 62
88.24 43
88.26 48
88.28 35
88.3 38
88.32 41
88.34 31
88.36 44
88.38 50
88.4 50
88.42 47
88.44 48
88.46 46
88.48 35
88.5 37
88.52 57
88.54 44
88.56 50
88.58 39
88.6 34
88.62 39
88.64 47
88.66 50
88.68 48
88.7 40
88.72 37
88.74 50
88.76 41
88.78 42
88.8 47
88.82 40
88.84 44
88.86 35
88.88 46
88.9 42
88.92 40
88.94 46
88.96 45
88.98 51
89 22
89.02 45
89.04 48
89.06 39
89.08 49
89.1 43
89.12 38
89.14 43
89.16 50
89.18 33
89.2 50
89.22 38
89.24 47
89.26 44
89.28 39
89.3 41
89.32 39
89.34 36
89.36 41
89.38 35
89.4 41
89.42 43
89.44 49
89.46 45
89.48 52
89.5 36
89.52 42
89.54 45
89.56 42
89.58 42
89.6 47
89.62 33
89.64 47
89.66 37
89.68 60
89.7 36
89.72 51
89.74 37
89.76 49
89.78 54
89.8 46
89.82 32
89.84 53
89.86 49
89.88 47
89.9 48
89.92 41
89.94 48
89.96 41
89.98 46
90 50
