Sample SnonGe-å§ñÅÇ»Çµ-SnÇ
Comments medium
Filename C:\WINDMAX\DATA\SHIMANO\XRD20190306\SnonGe-No-Kenma-K2SnO3aq_20190122_mid.raw
Goniometer TTRáV êÖïΩ∫ﬁ∆µ“∞¿(Tsé≤éËìÆ,ADS)
Attachment ïWèÄééóøŒŸ¿ﬁ∞
Monochromater å≈íË”…∏€“∞¿
ScanningMode 2Theta/Theta
ScanningType Continuos Scanning
X-Ray 40kV/300mA
î≠éUΩÿØƒ 2/3Åã
î≠éUècêßå¿ΩÿØƒ 10mm
éUóêΩÿØƒ 2/3Åã
éÛåıΩÿØƒ 0.3mm
±Ø√»∞¿ äJï˙
”…∏€éÛåıΩÿØƒ 0.8mm
Start 10
Stop 90
Step 0.02
10 148
10.02 130
10.04 137
10.06 136
10.08 131
10.1 154
10.12 149
10.14 142
10.16 135
10.18 146
10.2 130
10.22 143
10.24 132
10.26 121
10.28 126
10.3 132
10.32 162
10.34 134
10.36 126
10.38 134
10.4 141
10.42 150
10.44 161
10.46 135
10.48 154
10.5 134
10.52 135
10.54 135
10.56 134
10.58 133
10.6 140
10.62 147
10.64 135
10.66 138
10.68 133
10.7 139
10.72 134
10.74 144
10.76 144
10.78 107
10.8 147
10.82 137
10.84 97
10.86 145
10.88 131
10.9 140
10.92 149
10.94 124
10.96 130
10.98 121
11 146
11.02 137
11.04 125
11.06 139
11.08 110
11.1 165
11.12 130
11.14 126
11.16 143
11.18 146
11.2 119
11.22 146
11.24 119
11.26 139
11.28 117
11.3 129
11.32 131
11.34 145
11.36 133
11.38 133
11.4 115
11.42 129
11.44 128
11.46 143
11.48 144
11.5 113
11.52 121
11.54 140
11.56 117
11.58 149
11.6 120
11.62 134
11.64 121
11.66 131
11.68 138
11.7 132
11.72 117
11.74 140
11.76 119
11.78 132
11.8 121
11.82 121
11.84 147
11.86 153
11.88 143
11.9 137
11.92 114
11.94 144
11.96 149
11.98 131
12 146
12.02 135
12.04 131
12.06 119
12.08 115
12.1 120
12.12 144
12.14 119
12.16 123
12.18 140
12.2 138
12.22 156
12.24 114
12.26 124
12.28 122
12.3 140
12.32 120
12.34 118
12.36 140
12.38 120
12.4 142
12.42 140
12.44 127
12.46 134
12.48 106
12.5 136
12.52 121
12.54 97
12.56 145
12.58 137
12.6 137
12.62 109
12.64 131
12.66 131
12.68 131
12.7 103
12.72 127
12.74 125
12.76 155
12.78 132
12.8 117
12.82 109
12.84 138
12.86 142
12.88 120
12.9 130
12.92 128
12.94 140
12.96 142
12.98 127
13 152
13.02 138
13.04 139
13.06 121
13.08 145
13.1 140
13.12 113
13.14 138
13.16 144
13.18 138
13.2 146
13.22 155
13.24 133
13.26 126
13.28 127
13.3 151
13.32 146
13.34 119
13.36 112
13.38 132
13.4 142
13.42 136
13.44 146
13.46 109
13.48 133
13.5 131
13.52 140
13.54 122
13.56 111
13.58 137
13.6 139
13.62 141
13.64 145
13.66 120
13.68 126
13.7 139
13.72 164
13.74 149
13.76 154
13.78 131
13.8 140
13.82 133
13.84 131
13.86 139
13.88 151
13.9 137
13.92 140
13.94 156
13.96 137
13.98 146
14 131
14.02 148
14.04 133
14.06 168
14.08 139
14.1 135
14.12 140
14.14 138
14.16 135
14.18 142
14.2 155
14.22 163
14.24 131
14.26 149
14.28 152
14.3 161
14.32 155
14.34 137
14.36 122
14.38 142
14.4 119
14.42 124
14.44 153
14.46 153
14.48 150
14.5 130
14.52 150
14.54 118
14.56 131
14.58 166
14.6 156
14.62 126
14.64 154
14.66 166
14.68 156
14.7 151
14.72 126
14.74 154
14.76 146
14.78 147
14.8 129
14.82 147
14.84 152
14.86 148
14.88 141
14.9 142
14.92 135
14.94 158
14.96 147
14.98 145
15 171
15.02 155
15.04 143
15.06 143
15.08 145
15.1 163
15.12 123
15.14 134
15.16 168
15.18 129
15.2 164
15.22 154
15.24 136
15.26 152
15.28 123
15.3 147
15.32 132
15.34 156
15.36 129
15.38 127
15.4 151
15.42 149
15.44 150
15.46 125
15.48 143
15.5 159
15.52 164
15.54 172
15.56 159
15.58 151
15.6 150
15.62 149
15.64 147
15.66 132
15.68 159
15.7 144
15.72 150
15.74 123
15.76 159
15.78 157
15.8 163
15.82 141
15.84 167
15.86 160
15.88 146
15.9 140
15.92 178
15.94 140
15.96 160
15.98 157
16 155
16.02 160
16.04 153
16.06 138
16.08 152
16.1 157
16.12 163
16.14 159
16.16 176
16.18 172
16.2 149
16.22 170
16.24 144
16.26 149
16.28 147
16.3 152
16.32 162
16.34 153
16.36 164
16.38 150
16.4 147
16.42 163
16.44 149
16.46 158
16.48 153
16.5 153
16.52 150
16.54 147
16.56 164
16.58 156
16.6 161
16.62 162
16.64 154
16.66 151
16.68 150
16.7 166
16.72 161
16.74 162
16.76 135
16.78 148
16.8 135
16.82 151
16.84 141
16.86 161
16.88 139
16.9 162
16.92 150
16.94 129
16.96 164
16.98 141
17 151
17.02 153
17.04 147
17.06 166
17.08 167
17.1 141
17.12 160
17.14 166
17.16 147
17.18 142
17.2 168
17.22 162
17.24 142
17.26 173
17.28 175
17.3 141
17.32 136
17.34 160
17.36 159
17.38 148
17.4 134
17.42 138
17.44 145
17.46 148
17.48 184
17.5 167
17.52 153
17.54 140
17.56 139
17.58 136
17.6 163
17.62 147
17.64 132
17.66 161
17.68 157
17.7 157
17.72 160
17.74 153
17.76 183
17.78 180
17.8 155
17.82 135
17.84 148
17.86 144
17.88 143
17.9 148
17.92 160
17.94 155
17.96 137
17.98 149
18 146
18.02 181
18.04 153
18.06 157
18.08 144
18.1 152
18.12 167
18.14 143
18.16 156
18.18 166
18.2 150
18.22 142
18.24 168
18.26 166
18.28 156
18.3 157
18.32 165
18.34 162
18.36 162
18.38 170
18.4 162
18.42 178
18.44 160
18.46 174
18.48 177
18.5 156
18.52 165
18.54 164
18.56 157
18.58 148
18.6 155
18.62 161
18.64 172
18.66 137
18.68 164
18.7 169
18.72 173
18.74 149
18.76 159
18.78 133
18.8 141
18.82 163
18.84 166
18.86 140
18.88 155
18.9 153
18.92 188
18.94 164
18.96 159
18.98 181
19 161
19.02 182
19.04 136
19.06 156
19.08 162
19.1 171
19.12 177
19.14 168
19.16 153
19.18 151
19.2 160
19.22 164
19.24 184
19.26 187
19.28 172
19.3 162
19.32 156
19.34 173
19.36 176
19.38 155
19.4 198
19.42 158
19.44 171
19.46 178
19.48 186
19.5 160
19.52 160
19.54 170
19.56 164
19.58 190
19.6 195
19.62 185
19.64 189
19.66 181
19.68 176
19.7 180
19.72 198
19.74 182
19.76 169
19.78 183
19.8 179
19.82 178
19.84 171
19.86 175
19.88 158
19.9 163
19.92 168
19.94 179
19.96 169
19.98 178
20 167
20.02 189
20.04 158
20.06 169
20.08 183
20.1 178
20.12 166
20.14 181
20.16 173
20.18 170
20.2 179
20.22 176
20.24 187
20.26 179
20.28 179
20.3 208
20.32 196
20.34 181
20.36 188
20.38 166
20.4 198
20.42 169
20.44 173
20.46 181
20.48 182
20.5 188
20.52 186
20.54 185
20.56 208
20.58 195
20.6 205
20.62 171
20.64 175
20.66 195
20.68 181
20.7 174
20.72 191
20.74 188
20.76 185
20.78 186
20.8 166
20.82 198
20.84 202
20.86 185
20.88 216
20.9 212
20.92 201
20.94 196
20.96 183
20.98 200
21 192
21.02 182
21.04 207
21.06 194
21.08 193
21.1 215
21.12 198
21.14 217
21.16 206
21.18 226
21.2 207
21.22 210
21.24 216
21.26 225
21.28 184
21.3 200
21.32 223
21.34 196
21.36 218
21.38 201
21.4 198
21.42 200
21.44 242
21.46 214
21.48 222
21.5 224
21.52 226
21.54 223
21.56 205
21.58 230
21.6 213
21.62 221
21.64 215
21.66 240
21.68 237
21.7 252
21.72 227
21.74 195
21.76 239
21.78 229
21.8 230
21.82 241
21.84 225
21.86 241
21.88 239
21.9 284
21.92 224
21.94 251
21.96 235
21.98 255
22 297
22.02 259
22.04 242
22.06 263
22.08 245
22.1 294
22.12 274
22.14 279
22.16 255
22.18 275
22.2 249
22.22 282
22.24 287
22.26 273
22.28 257
22.3 266
22.32 276
22.34 264
22.36 258
22.38 259
22.4 266
22.42 246
22.44 265
22.46 257
22.48 253
22.5 271
22.52 263
22.54 271
22.56 253
22.58 228
22.6 265
22.62 280
22.64 244
22.66 260
22.68 241
22.7 262
22.72 274
22.74 256
22.76 234
22.78 252
22.8 247
22.82 266
22.84 250
22.86 249
22.88 229
22.9 264
22.92 241
22.94 274
22.96 257
22.98 245
23 231
23.02 260
23.04 259
23.06 242
23.08 209
23.1 267
23.12 239
23.14 257
23.16 283
23.18 225
23.2 219
23.22 226
23.24 235
23.26 231
23.28 205
23.3 221
23.32 222
23.34 236
23.36 228
23.38 233
23.4 217
23.42 209
23.44 234
23.46 224
23.48 218
23.5 224
23.52 197
23.54 219
23.56 195
23.58 232
23.6 196
23.62 195
23.64 215
23.66 209
23.68 213
23.7 198
23.72 215
23.74 193
23.76 212
23.78 207
23.8 219
23.82 205
23.84 239
23.86 201
23.88 208
23.9 242
23.92 223
23.94 225
23.96 209
23.98 190
24 207
24.02 227
24.04 222
24.06 209
24.08 193
24.1 216
24.12 182
24.14 212
24.16 202
24.18 231
24.2 180
24.22 210
24.24 196
24.26 177
24.28 206
24.3 211
24.32 220
24.34 197
24.36 177
24.38 191
24.4 213
24.42 197
24.44 204
24.46 204
24.48 182
24.5 203
24.52 217
24.54 181
24.56 178
24.58 220
24.6 207
24.62 232
24.64 197
24.66 217
24.68 184
24.7 198
24.72 235
24.74 198
24.76 220
24.78 206
24.8 239
24.82 189
24.84 206
24.86 212
24.88 208
24.9 197
24.92 175
24.94 183
24.96 207
24.98 211
25 186
25.02 196
25.04 218
25.06 199
25.08 197
25.1 188
25.12 211
25.14 208
25.16 198
25.18 220
25.2 189
25.22 204
25.24 200
25.26 195
25.28 193
25.3 182
25.32 201
25.34 197
25.36 176
25.38 201
25.4 182
25.42 206
25.44 199
25.46 172
25.48 238
25.5 204
25.52 200
25.54 162
25.56 205
25.58 190
25.6 190
25.62 206
25.64 205
25.66 202
25.68 226
25.7 223
25.72 196
25.74 192
25.76 179
25.78 210
25.8 206
25.82 201
25.84 185
25.86 195
25.88 195
25.9 195
25.92 168
25.94 215
25.96 210
25.98 191
26 229
26.02 208
26.04 214
26.06 197
26.08 207
26.1 192
26.12 188
26.14 195
26.16 229
26.18 201
26.2 197
26.22 198
26.24 203
26.26 194
26.28 228
26.3 210
26.32 202
26.34 209
26.36 196
26.38 210
26.4 187
26.42 202
26.44 180
26.46 168
26.48 179
26.5 212
26.52 201
26.54 177
26.56 198
26.58 217
26.6 234
26.62 203
26.64 212
26.66 193
26.68 204
26.7 215
26.72 209
26.74 198
26.76 208
26.78 235
26.8 220
26.82 178
26.84 232
26.86 215
26.88 203
26.9 218
26.92 222
26.94 206
26.96 196
26.98 184
27 195
27.02 209
27.04 180
27.06 197
27.08 208
27.1 223
27.12 196
27.14 189
27.16 204
27.18 216
27.2 203
27.22 218
27.24 219
27.26 230
27.28 201
27.3 197
27.32 225
27.34 209
27.36 213
27.38 216
27.4 208
27.42 202
27.44 218
27.46 231
27.48 187
27.5 195
27.52 221
27.54 204
27.56 195
27.58 197
27.6 186
27.62 194
27.64 205
27.66 204
27.68 186
27.7 203
27.72 185
27.74 192
27.76 204
27.78 199
27.8 197
27.82 182
27.84 218
27.86 225
27.88 193
27.9 191
27.92 222
27.94 203
27.96 190
27.98 199
28 197
28.02 217
28.04 202
28.06 205
28.08 187
28.1 212
28.12 201
28.14 190
28.16 193
28.18 192
28.2 198
28.22 166
28.24 198
28.26 224
28.28 219
28.3 195
28.32 219
28.34 190
28.36 192
28.38 202
28.4 183
28.42 206
28.44 178
28.46 183
28.48 199
28.5 177
28.52 194
28.54 188
28.56 194
28.58 187
28.6 197
28.62 211
28.64 193
28.66 192
28.68 211
28.7 199
28.72 192
28.74 194
28.76 205
28.78 219
28.8 213
28.82 185
28.84 185
28.86 213
28.88 200
28.9 190
28.92 209
28.94 229
28.96 208
28.98 192
29 210
29.02 199
29.04 208
29.06 205
29.08 211
29.1 176
29.12 210
29.14 212
29.16 194
29.18 222
29.2 183
29.22 205
29.24 218
29.26 196
29.28 212
29.3 206
29.32 238
29.34 224
29.36 175
29.38 175
29.4 197
29.42 193
29.44 217
29.46 207
29.48 186
29.5 218
29.52 210
29.54 214
29.56 193
29.58 204
29.6 190
29.62 214
29.64 189
29.66 193
29.68 172
29.7 236
29.72 191
29.74 164
29.76 217
29.78 204
29.8 198
29.82 210
29.84 207
29.86 202
29.88 184
29.9 177
29.92 192
29.94 201
29.96 207
29.98 167
30 216
30.02 200
30.04 203
30.06 212
30.08 191
30.1 204
30.12 182
30.14 194
30.16 199
30.18 201
30.2 185
30.22 219
30.24 216
30.26 181
30.28 187
30.3 192
30.32 167
30.34 201
30.36 205
30.38 182
30.4 170
30.42 195
30.44 182
30.46 196
30.48 190
30.5 200
30.52 217
30.54 200
30.56 210
30.58 184
30.6 165
30.62 187
30.64 186
30.66 205
30.68 203
30.7 179
30.72 229
30.74 187
30.76 194
30.78 188
30.8 181
30.82 183
30.84 218
30.86 179
30.88 189
30.9 207
30.92 185
30.94 204
30.96 179
30.98 185
31 201
31.02 187
31.04 195
31.06 199
31.08 158
31.1 180
31.12 166
31.14 182
31.16 189
31.18 166
31.2 173
31.22 201
31.24 207
31.26 200
31.28 179
31.3 220
31.32 204
31.34 192
31.36 181
31.38 173
31.4 161
31.42 191
31.44 199
31.46 203
31.48 162
31.5 170
31.52 193
31.54 163
31.56 186
31.58 184
31.6 163
31.62 185
31.64 177
31.66 186
31.68 184
31.7 175
31.72 181
31.74 193
31.76 161
31.78 170
31.8 168
31.82 192
31.84 181
31.86 175
31.88 181
31.9 173
31.92 176
31.94 207
31.96 186
31.98 198
32 171
32.02 177
32.04 167
32.06 194
32.08 175
32.1 172
32.12 186
32.14 187
32.16 191
32.18 183
32.2 185
32.22 197
32.24 188
32.26 184
32.28 165
32.3 182
32.32 179
32.34 178
32.36 195
32.38 155
32.4 176
32.42 203
32.44 195
32.46 187
32.48 187
32.5 179
32.52 186
32.54 170
32.56 174
32.58 183
32.6 191
32.62 196
32.64 174
32.66 175
32.68 173
32.7 194
32.72 174
32.74 190
32.76 182
32.78 187
32.8 187
32.82 198
32.84 189
32.86 206
32.88 134
32.9 183
32.92 173
32.94 189
32.96 196
32.98 178
33 172
33.02 161
33.04 181
33.06 185
33.08 188
33.1 171
33.12 164
33.14 199
33.16 171
33.18 174
33.2 185
33.22 181
33.24 186
33.26 201
33.28 177
33.3 167
33.32 165
33.34 184
33.36 179
33.38 189
33.4 164
33.42 169
33.44 167
33.46 173
33.48 192
33.5 155
33.52 175
33.54 179
33.56 155
33.58 170
33.6 183
33.62 180
33.64 178
33.66 177
33.68 156
33.7 176
33.72 174
33.74 183
33.76 170
33.78 142
33.8 161
33.82 183
33.84 168
33.86 176
33.88 171
33.9 170
33.92 164
33.94 181
33.96 180
33.98 164
34 188
34.02 146
34.04 140
34.06 156
34.08 185
34.1 157
34.12 176
34.14 162
34.16 177
34.18 157
34.2 164
34.22 170
34.24 163
34.26 164
34.28 176
34.3 181
34.32 182
34.34 149
34.36 151
34.38 181
34.4 161
34.42 156
34.44 151
34.46 148
34.48 178
34.5 178
34.52 188
34.54 149
34.56 157
34.58 152
34.6 152
34.62 170
34.64 165
34.66 163
34.68 153
34.7 162
34.72 165
34.74 169
34.76 147
34.78 166
34.8 177
34.82 165
34.84 175
34.86 152
34.88 141
34.9 155
34.92 161
34.94 174
34.96 143
34.98 139
35 170
35.02 156
35.04 145
35.06 135
35.08 172
35.1 144
35.12 160
35.14 153
35.16 153
35.18 159
35.2 157
35.22 168
35.24 140
35.26 159
35.28 157
35.3 136
35.32 135
35.34 162
35.36 157
35.38 166
35.4 141
35.42 145
35.44 155
35.46 140
35.48 139
35.5 147
35.52 160
35.54 139
35.56 139
35.58 126
35.6 121
35.62 151
35.64 145
35.66 134
35.68 128
35.7 139
35.72 148
35.74 157
35.76 173
35.78 137
35.8 140
35.82 140
35.84 142
35.86 165
35.88 128
35.9 155
35.92 114
35.94 142
35.96 149
35.98 120
36 136
36.02 143
36.04 141
36.06 144
36.08 143
36.1 139
36.12 137
36.14 154
36.16 133
36.18 111
36.2 132
36.22 143
36.24 135
36.26 139
36.28 129
36.3 142
36.32 127
36.34 133
36.36 121
36.38 139
36.4 127
36.42 133
36.44 140
36.46 117
36.48 130
36.5 152
36.52 115
36.54 154
36.56 133
36.58 142
36.6 120
36.62 147
36.64 133
36.66 129
36.68 133
36.7 136
36.72 131
36.74 139
36.76 121
36.78 137
36.8 138
36.82 126
36.84 117
36.86 125
36.88 130
36.9 111
36.92 134
36.94 150
36.96 153
36.98 148
37 133
37.02 109
37.04 153
37.06 120
37.08 138
37.1 126
37.12 117
37.14 133
37.16 124
37.18 130
37.2 116
37.22 133
37.24 112
37.26 135
37.28 122
37.3 112
37.32 134
37.34 129
37.36 136
37.38 124
37.4 143
37.42 107
37.44 103
37.46 125
37.48 120
37.5 125
37.52 142
37.54 136
37.56 123
37.58 111
37.6 115
37.62 103
37.64 117
37.66 106
37.68 115
37.7 112
37.72 120
37.74 104
37.76 102
37.78 137
37.8 139
37.82 117
37.84 127
37.86 116
37.88 137
37.9 117
37.92 100
37.94 120
37.96 137
37.98 113
38 140
38.02 109
38.04 123
38.06 118
38.08 121
38.1 97
38.12 127
38.14 120
38.16 120
38.18 105
38.2 122
38.22 123
38.24 126
38.26 139
38.28 139
38.3 119
38.32 115
38.34 116
38.36 109
38.38 122
38.4 110
38.42 131
38.44 130
38.46 126
38.48 121
38.5 122
38.52 107
38.54 117
38.56 95
38.58 125
38.6 137
38.62 122
38.64 109
38.66 105
38.68 129
38.7 124
38.72 120
38.74 104
38.76 125
38.78 119
38.8 124
38.82 107
38.84 109
38.86 115
38.88 119
38.9 123
38.92 106
38.94 113
38.96 123
38.98 128
39 126
39.02 112
39.04 104
39.06 124
39.08 123
39.1 111
39.12 119
39.14 113
39.16 122
39.18 141
39.2 123
39.22 100
39.24 113
39.26 115
39.28 113
39.3 117
39.32 104
39.34 125
39.36 106
39.38 128
39.4 120
39.42 95
39.44 123
39.46 118
39.48 128
39.5 112
39.52 110
39.54 113
39.56 107
39.58 118
39.6 128
39.62 103
39.64 89
39.66 134
39.68 108
39.7 117
39.72 110
39.74 151
39.76 109
39.78 105
39.8 110
39.82 100
39.84 115
39.86 113
39.88 103
39.9 121
39.92 111
39.94 102
39.96 116
39.98 112
40 128
40.02 113
40.04 123
40.06 119
40.08 114
40.1 127
40.12 118
40.14 128
40.16 111
40.18 114
40.2 105
40.22 102
40.24 116
40.26 117
40.28 129
40.3 103
40.32 114
40.34 120
40.36 131
40.38 124
40.4 105
40.42 121
40.44 150
40.46 127
40.48 122
40.5 95
40.52 126
40.54 117
40.56 129
40.58 101
40.6 113
40.62 131
40.64 107
40.66 117
40.68 108
40.7 118
40.72 112
40.74 131
40.76 105
40.78 122
40.8 108
40.82 117
40.84 108
40.86 108
40.88 123
40.9 105
40.92 107
40.94 106
40.96 123
40.98 106
41 123
41.02 123
41.04 117
41.06 102
41.08 124
41.1 103
41.12 110
41.14 115
41.16 131
41.18 118
41.2 92
41.22 117
41.24 108
41.26 131
41.28 107
41.3 110
41.32 109
41.34 112
41.36 118
41.38 106
41.4 103
41.42 110
41.44 111
41.46 135
41.48 108
41.5 113
41.52 122
41.54 102
41.56 96
41.58 108
41.6 106
41.62 118
41.64 109
41.66 120
41.68 114
41.7 137
41.72 121
41.74 119
41.76 125
41.78 97
41.8 117
41.82 119
41.84 93
41.86 101
41.88 100
41.9 115
41.92 118
41.94 106
41.96 112
41.98 127
42 117
42.02 112
42.04 114
42.06 107
42.08 115
42.1 138
42.12 112
42.14 113
42.16 111
42.18 125
42.2 105
42.22 118
42.24 120
42.26 113
42.28 123
42.3 119
42.32 110
42.34 115
42.36 125
42.38 99
42.4 134
42.42 105
42.44 89
42.46 126
42.48 112
42.5 114
42.52 124
42.54 116
42.56 115
42.58 101
42.6 115
42.62 145
42.64 111
42.66 109
42.68 98
42.7 108
42.72 130
42.74 124
42.76 93
42.78 129
42.8 106
42.82 133
42.84 93
42.86 111
42.88 113
42.9 119
42.92 112
42.94 107
42.96 118
42.98 111
43 119
43.02 123
43.04 126
43.06 117
43.08 127
43.1 126
43.12 112
43.14 105
43.16 108
43.18 106
43.2 113
43.22 106
43.24 110
43.26 125
43.28 105
43.3 109
43.32 125
43.34 122
43.36 117
43.38 127
43.4 95
43.42 137
43.44 120
43.46 107
43.48 99
43.5 97
43.52 118
43.54 133
43.56 115
43.58 114
43.6 120
43.62 133
43.64 109
43.66 105
43.68 108
43.7 104
43.72 122
43.74 106
43.76 122
43.78 122
43.8 119
43.82 107
43.84 121
43.86 111
43.88 101
43.9 106
43.92 98
43.94 114
43.96 122
43.98 130
44 96
44.02 103
44.04 109
44.06 102
44.08 109
44.1 115
44.12 116
44.14 105
44.16 100
44.18 113
44.2 114
44.22 117
44.24 102
44.26 105
44.28 114
44.3 98
44.32 108
44.34 114
44.36 129
44.38 114
44.4 111
44.42 96
44.44 104
44.46 108
44.48 111
44.5 129
44.52 103
44.54 108
44.56 100
44.58 109
44.6 105
44.62 93
44.64 135
44.66 104
44.68 115
44.7 100
44.72 103
44.74 102
44.76 101
44.78 118
44.8 139
44.82 117
44.84 116
44.86 112
44.88 92
44.9 114
44.92 98
44.94 128
44.96 119
44.98 124
45 114
45.02 114
45.04 107
45.06 119
45.08 118
45.1 127
45.12 128
45.14 112
45.16 137
45.18 122
45.2 139
45.22 132
45.24 159
45.26 132
45.28 145
45.3 125
45.32 113
45.34 118
45.36 118
45.38 130
45.4 143
45.42 142
45.44 125
45.46 124
45.48 118
45.5 131
45.52 120
45.54 124
45.56 103
45.58 114
45.6 116
45.62 114
45.64 109
45.66 119
45.68 97
45.7 126
45.72 98
45.74 117
45.76 113
45.78 100
45.8 101
45.82 94
45.84 109
45.86 99
45.88 107
45.9 123
45.92 91
45.94 113
45.96 96
45.98 103
46 104
46.02 87
46.04 106
46.06 100
46.08 106
46.1 98
46.12 97
46.14 106
46.16 116
46.18 125
46.2 112
46.22 94
46.24 91
46.26 115
46.28 89
46.3 106
46.32 97
46.34 88
46.36 99
46.38 101
46.4 95
46.42 123
46.44 93
46.46 109
46.48 124
46.5 114
46.52 117
46.54 115
46.56 104
46.58 125
46.6 113
46.62 115
46.64 103
46.66 92
46.68 103
46.7 112
46.72 107
46.74 101
46.76 100
46.78 92
46.8 135
46.82 122
46.84 95
46.86 112
46.88 125
46.9 107
46.92 101
46.94 94
46.96 95
46.98 114
47 93
47.02 98
47.04 100
47.06 102
47.08 111
47.1 105
47.12 104
47.14 107
47.16 103
47.18 84
47.2 97
47.22 106
47.24 102
47.26 103
47.28 102
47.3 112
47.32 83
47.34 95
47.36 112
47.38 101
47.4 88
47.42 109
47.44 121
47.46 94
47.48 120
47.5 99
47.52 101
47.54 106
47.56 108
47.58 101
47.6 105
47.62 97
47.64 102
47.66 102
47.68 104
47.7 105
47.72 107
47.74 101
47.76 102
47.78 93
47.8 95
47.82 114
47.84 112
47.86 114
47.88 97
47.9 105
47.92 90
47.94 117
47.96 91
47.98 91
48 108
48.02 97
48.04 107
48.06 111
48.08 96
48.1 112
48.12 85
48.14 106
48.16 107
48.18 106
48.2 93
48.22 119
48.24 119
48.26 109
48.28 85
48.3 83
48.32 97
48.34 115
48.36 104
48.38 96
48.4 101
48.42 97
48.44 110
48.46 108
48.48 117
48.5 111
48.52 108
48.54 97
48.56 100
48.58 88
48.6 121
48.62 86
48.64 111
48.66 96
48.68 96
48.7 76
48.72 112
48.74 107
48.76 113
48.78 76
48.8 104
48.82 94
48.84 93
48.86 98
48.88 118
48.9 101
48.92 80
48.94 92
48.96 109
48.98 105
49 104
49.02 109
49.04 94
49.06 78
49.08 114
49.1 95
49.12 104
49.14 108
49.16 94
49.18 98
49.2 104
49.22 87
49.24 106
49.26 106
49.28 106
49.3 95
49.32 96
49.34 107
49.36 84
49.38 91
49.4 109
49.42 97
49.44 101
49.46 111
49.48 99
49.5 96
49.52 94
49.54 105
49.56 91
49.58 88
49.6 67
49.62 92
49.64 89
49.66 109
49.68 95
49.7 90
49.72 90
49.74 98
49.76 100
49.78 105
49.8 90
49.82 94
49.84 86
49.86 83
49.88 95
49.9 106
49.92 100
49.94 91
49.96 90
49.98 94
50 93
50.02 93
50.04 103
50.06 96
50.08 102
50.1 95
50.12 112
50.14 95
50.16 106
50.18 89
50.2 91
50.22 97
50.24 99
50.26 117
50.28 97
50.3 91
50.32 88
50.34 104
50.36 106
50.38 89
50.4 103
50.42 84
50.44 118
50.46 102
50.48 99
50.5 92
50.52 98
50.54 85
50.56 105
50.58 96
50.6 114
50.62 105
50.64 113
50.66 109
50.68 103
50.7 85
50.72 91
50.74 73
50.76 109
50.78 89
50.8 83
50.82 104
50.84 90
50.86 97
50.88 103
50.9 85
50.92 105
50.94 96
50.96 112
50.98 91
51 92
51.02 86
51.04 94
51.06 100
51.08 96
51.1 88
51.12 87
51.14 111
51.16 95
51.18 101
51.2 100
51.22 98
51.24 116
51.26 94
51.28 82
51.3 74
51.32 89
51.34 110
51.36 96
51.38 104
51.4 104
51.42 106
51.44 101
51.46 91
51.48 89
51.5 99
51.52 86
51.54 112
51.56 112
51.58 84
51.6 102
51.62 94
51.64 95
51.66 92
51.68 107
51.7 90
51.72 104
51.74 89
51.76 110
51.78 98
51.8 93
51.82 95
51.84 96
51.86 80
51.88 94
51.9 105
51.92 81
51.94 90
51.96 94
51.98 106
52 107
52.02 84
52.04 109
52.06 96
52.08 102
52.1 103
52.12 95
52.14 98
52.16 94
52.18 103
52.2 98
52.22 95
52.24 90
52.26 101
52.28 108
52.3 110
52.32 88
52.34 95
52.36 107
52.38 99
52.4 86
52.42 96
52.44 115
52.46 94
52.48 102
52.5 92
52.52 90
52.54 98
52.56 100
52.58 80
52.6 101
52.62 120
52.64 80
52.66 95
52.68 96
52.7 84
52.72 104
52.74 97
52.76 82
52.78 99
52.8 91
52.82 106
52.84 117
52.86 85
52.88 86
52.9 110
52.92 102
52.94 84
52.96 92
52.98 98
53 105
53.02 115
53.04 117
53.06 106
53.08 80
53.1 128
53.12 114
53.14 117
53.16 105
53.18 96
53.2 95
53.22 114
53.24 92
53.26 93
53.28 111
53.3 86
53.32 103
53.34 99
53.36 110
53.38 103
53.4 110
53.42 106
53.44 95
53.46 97
53.48 102
53.5 82
53.52 103
53.54 125
53.56 109
53.58 96
53.6 96
53.62 111
53.64 103
53.66 92
53.68 100
53.7 108
53.72 99
53.74 112
53.76 109
53.78 94
53.8 95
53.82 91
53.84 109
53.86 91
53.88 84
53.9 107
53.92 91
53.94 96
53.96 101
53.98 94
54 94
54.02 90
54.04 94
54.06 98
54.08 78
54.1 110
54.12 90
54.14 96
54.16 96
54.18 94
54.2 89
54.22 115
54.24 100
54.26 106
54.28 87
54.3 100
54.32 94
54.34 110
54.36 131
54.38 89
54.4 90
54.42 102
54.44 95
54.46 95
54.48 111
54.5 97
54.52 108
54.54 76
54.56 84
54.58 101
54.6 93
54.62 83
54.64 93
54.66 98
54.68 76
54.7 99
54.72 108
54.74 79
54.76 80
54.78 101
54.8 89
54.82 99
54.84 106
54.86 103
54.88 112
54.9 105
54.92 96
54.94 92
54.96 91
54.98 86
55 90
55.02 91
55.04 103
55.06 103
55.08 91
55.1 98
55.12 76
55.14 87
55.16 101
55.18 81
55.2 84
55.22 104
55.24 108
55.26 78
55.28 99
55.3 91
55.32 98
55.34 109
55.36 70
55.38 98
55.4 108
55.42 102
55.44 111
55.46 86
55.48 105
55.5 86
55.52 91
55.54 104
55.56 96
55.58 75
55.6 94
55.62 84
55.64 107
55.66 102
55.68 97
55.7 98
55.72 105
55.74 84
55.76 108
55.78 96
55.8 79
55.82 93
55.84 73
55.86 103
55.88 87
55.9 115
55.92 114
55.94 99
55.96 87
55.98 92
56 99
56.02 97
56.04 87
56.06 92
56.08 91
56.1 83
56.12 90
56.14 86
56.16 104
56.18 95
56.2 94
56.22 97
56.24 94
56.26 99
56.28 82
56.3 96
56.32 81
56.34 103
56.36 93
56.38 96
56.4 87
56.42 97
56.44 77
56.46 78
56.48 84
56.5 95
56.52 104
56.54 99
56.56 85
56.58 88
56.6 100
56.62 100
56.64 100
56.66 84
56.68 97
56.7 106
56.72 94
56.74 88
56.76 91
56.78 95
56.8 84
56.82 88
56.84 79
56.86 91
56.88 91
56.9 79
56.92 96
56.94 113
56.96 96
56.98 87
57 106
57.02 90
57.04 94
57.06 85
57.08 97
57.1 109
57.12 96
57.14 103
57.16 96
57.18 93
57.2 103
57.22 86
57.24 88
57.26 97
57.28 90
57.3 75
57.32 105
57.34 95
57.36 96
57.38 83
57.4 87
57.42 91
57.44 88
57.46 97
57.48 84
57.5 71
57.52 90
57.54 76
57.56 91
57.58 88
57.6 72
57.62 104
57.64 88
57.66 121
57.68 89
57.7 97
57.72 97
57.74 99
57.76 84
57.78 96
57.8 100
57.82 106
57.84 98
57.86 100
57.88 95
57.9 76
57.92 82
57.94 98
57.96 79
57.98 83
58 97
58.02 87
58.04 89
58.06 94
58.08 91
58.1 90
58.12 80
58.14 90
58.16 94
58.18 83
58.2 89
58.22 94
58.24 81
58.26 90
58.28 77
58.3 93
58.32 96
58.34 83
58.36 81
58.38 83
58.4 89
58.42 75
58.44 73
58.46 97
58.48 90
58.5 81
58.52 93
58.54 76
58.56 101
58.58 79
58.6 80
58.62 100
58.64 92
58.66 89
58.68 87
58.7 85
58.72 90
58.74 107
58.76 98
58.78 82
58.8 84
58.82 72
58.84 96
58.86 91
58.88 89
58.9 81
58.92 74
58.94 82
58.96 80
58.98 81
59 82
59.02 92
59.04 86
59.06 97
59.08 84
59.1 71
59.12 91
59.14 85
59.16 89
59.18 91
59.2 83
59.22 92
59.24 86
59.26 81
59.28 99
59.3 103
59.32 87
59.34 81
59.36 99
59.38 92
59.4 91
59.42 91
59.44 64
59.46 101
59.48 76
59.5 88
59.52 86
59.54 90
59.56 80
59.58 73
59.6 83
59.62 104
59.64 90
59.66 101
59.68 84
59.7 84
59.72 79
59.74 101
59.76 93
59.78 88
59.8 69
59.82 98
59.84 97
59.86 83
59.88 101
59.9 94
59.92 100
59.94 85
59.96 73
59.98 88
60 97
60.02 87
60.04 75
60.06 95
60.08 97
60.1 98
60.12 80
60.14 78
60.16 88
60.18 92
60.2 99
60.22 91
60.24 97
60.26 83
60.28 82
60.3 96
60.32 93
60.34 97
60.36 93
60.38 77
60.4 87
60.42 92
60.44 81
60.46 87
60.48 96
60.5 89
60.52 85
60.54 86
60.56 82
60.58 87
60.6 104
60.62 80
60.64 107
60.66 78
60.68 102
60.7 94
60.72 95
60.74 99
60.76 80
60.78 84
60.8 99
60.82 86
60.84 74
60.86 76
60.88 80
60.9 101
60.92 92
60.94 87
60.96 85
60.98 76
61 93
61.02 88
61.04 102
61.06 90
61.08 87
61.1 78
61.12 85
61.14 72
61.16 97
61.18 95
61.2 85
61.22 96
61.24 94
61.26 82
61.28 87
61.3 95
61.32 79
61.34 87
61.36 89
61.38 87
61.4 86
61.42 88
61.44 86
61.46 88
61.48 84
61.5 91
61.52 90
61.54 95
61.56 96
61.58 93
61.6 83
61.62 92
61.64 89
61.66 78
61.68 88
61.7 91
61.72 78
61.74 95
61.76 95
61.78 87
61.8 81
61.82 76
61.84 80
61.86 94
61.88 87
61.9 83
61.92 90
61.94 89
61.96 90
61.98 81
62 93
62.02 88
62.04 90
62.06 97
62.08 81
62.1 67
62.12 91
62.14 89
62.16 102
62.18 91
62.2 88
62.22 93
62.24 111
62.26 79
62.28 95
62.3 79
62.32 94
62.34 82
62.36 80
62.38 88
62.4 82
62.42 86
62.44 94
62.46 82
62.48 88
62.5 91
62.52 70
62.54 82
62.56 80
62.58 73
62.6 80
62.62 95
62.64 111
62.66 84
62.68 83
62.7 74
62.72 97
62.74 57
62.76 94
62.78 79
62.8 104
62.82 88
62.84 97
62.86 91
62.88 91
62.9 94
62.92 88
62.94 76
62.96 87
62.98 82
63 85
63.02 74
63.04 76
63.06 84
63.08 77
63.1 86
63.12 81
63.14 105
63.16 99
63.18 78
63.2 97
63.22 95
63.24 81
63.26 72
63.28 71
63.3 80
63.32 84
63.34 79
63.36 87
63.38 86
63.4 80
63.42 99
63.44 81
63.46 82
63.48 92
63.5 94
63.52 88
63.54 94
63.56 81
63.58 89
63.6 105
63.62 81
63.64 83
63.66 75
63.68 92
63.7 106
63.72 84
63.74 94
63.76 88
63.78 78
63.8 83
63.82 99
63.84 91
63.86 73
63.88 79
63.9 86
63.92 87
63.94 85
63.96 88
63.98 84
64 79
64.02 92
64.04 88
64.06 94
64.08 97
64.1 82
64.12 91
64.14 97
64.16 90
64.18 93
64.2 65
64.22 87
64.24 77
64.26 86
64.28 100
64.3 72
64.32 96
64.34 80
64.36 72
64.38 84
64.4 81
64.42 80
64.44 85
64.46 80
64.48 87
64.5 110
64.52 85
64.54 75
64.56 78
64.58 80
64.6 77
64.62 109
64.64 68
64.66 79
64.68 73
64.7 93
64.72 101
64.74 84
64.76 74
64.78 80
64.8 79
64.82 91
64.84 78
64.86 90
64.88 93
64.9 98
64.92 90
64.94 99
64.96 82
64.98 83
65 84
65.02 101
65.04 84
65.06 74
65.08 78
65.1 90
65.12 89
65.14 78
65.16 77
65.18 69
65.2 101
65.22 82
65.24 93
65.26 89
65.28 87
65.3 97
65.32 79
65.34 85
65.36 79
65.38 83
65.4 81
65.42 95
65.44 79
65.46 90
65.48 82
65.5 79
65.52 81
65.54 74
65.56 100
65.58 66
65.6 68
65.62 82
65.64 78
65.66 77
65.68 84
65.7 82
65.72 89
65.74 78
65.76 75
65.78 96
65.8 67
65.82 73
65.84 79
65.86 94
65.88 75
65.9 67
65.92 82
65.94 72
65.96 74
65.98 94
66 78
66.02 87
66.04 82
66.06 85
66.08 70
66.1 76
66.12 78
66.14 75
66.16 80
66.18 80
66.2 106
66.22 83
66.24 100
66.26 80
66.28 80
66.3 70
66.32 76
66.34 85
66.36 72
66.38 73
66.4 91
66.42 89
66.44 94
66.46 76
66.48 79
66.5 98
66.52 73
66.54 75
66.56 76
66.58 77
66.6 94
66.62 79
66.64 77
66.66 78
66.68 77
66.7 97
66.72 79
66.74 91
66.76 92
66.78 84
66.8 65
66.82 79
66.84 80
66.86 84
66.88 77
66.9 85
66.92 85
66.94 76
66.96 81
66.98 86
67 81
67.02 80
67.04 77
67.06 71
67.08 107
67.1 86
67.12 89
67.14 83
67.16 86
67.18 83
67.2 83
67.22 78
67.24 76
67.26 69
67.28 72
67.3 77
67.32 72
67.34 84
67.36 81
67.38 85
67.4 78
67.42 89
67.44 90
67.46 101
67.48 86
67.5 85
67.52 66
67.54 74
67.56 88
67.58 82
67.6 89
67.62 81
67.64 74
67.66 85
67.68 89
67.7 91
67.72 92
67.74 77
67.76 74
67.78 82
67.8 74
67.82 78
67.84 79
67.86 89
67.88 83
67.9 70
67.92 84
67.94 70
67.96 79
67.98 84
68 80
68.02 74
68.04 92
68.06 71
68.08 74
68.1 76
68.12 88
68.14 81
68.16 89
68.18 83
68.2 71
68.22 67
68.24 73
68.26 84
68.28 60
68.3 82
68.32 89
68.34 63
68.36 77
68.38 80
68.4 81
68.42 78
68.44 82
68.46 89
68.48 77
68.5 54
68.52 94
68.54 85
68.56 84
68.58 78
68.6 73
68.62 68
68.64 82
68.66 65
68.68 78
68.7 79
68.72 90
68.74 89
68.76 89
68.78 72
68.8 87
68.82 75
68.84 73
68.86 80
68.88 65
68.9 83
68.92 68
68.94 67
68.96 80
68.98 83
69 79
69.02 77
69.04 73
69.06 70
69.08 81
69.1 79
69.12 90
69.14 73
69.16 69
69.18 80
69.2 71
69.22 84
69.24 71
69.26 66
69.28 80
69.3 72
69.32 87
69.34 77
69.36 62
69.38 60
69.4 61
69.42 72
69.44 90
69.46 75
69.48 83
69.5 76
69.52 78
69.54 71
69.56 83
69.58 78
69.6 76
69.62 76
69.64 103
69.66 70
69.68 83
69.7 72
69.72 81
69.74 79
69.76 82
69.78 55
69.8 81
69.82 71
69.84 92
69.86 71
69.88 72
69.9 69
69.92 61
69.94 74
69.96 84
69.98 82
70 88
70.02 70
70.04 75
70.06 60
70.08 83
70.1 82
70.12 78
70.14 68
70.16 77
70.18 98
70.2 83
70.22 69
70.24 70
70.26 64
70.28 81
70.3 60
70.32 73
70.34 61
70.36 76
70.38 68
70.4 93
70.42 80
70.44 70
70.46 69
70.48 77
70.5 87
70.52 74
70.54 54
70.56 63
70.58 76
70.6 74
70.62 62
70.64 81
70.66 72
70.68 78
70.7 71
70.72 68
70.74 68
70.76 89
70.78 69
70.8 73
70.82 85
70.84 74
70.86 70
70.88 78
70.9 69
70.92 60
70.94 80
70.96 90
70.98 75
71 90
71.02 65
71.04 77
71.06 59
71.08 64
71.1 76
71.12 68
71.14 69
71.16 85
71.18 72
71.2 80
71.22 63
71.24 76
71.26 79
71.28 68
71.3 79
71.32 86
71.34 71
71.36 79
71.38 68
71.4 86
71.42 89
71.44 91
71.46 69
71.48 77
71.5 82
71.52 59
71.54 79
71.56 83
71.58 74
71.6 81
71.62 85
71.64 85
71.66 56
71.68 71
71.7 85
71.72 78
71.74 86
71.76 66
71.78 92
71.8 80
71.82 82
71.84 63
71.86 80
71.88 64
71.9 67
71.92 76
71.94 58
71.96 70
71.98 65
72 54
72.02 76
72.04 85
72.06 54
72.08 69
72.1 69
72.12 70
72.14 78
72.16 77
72.18 85
72.2 83
72.22 67
72.24 62
72.26 67
72.28 92
72.3 65
72.32 77
72.34 63
72.36 77
72.38 64
72.4 90
72.42 71
72.44 68
72.46 62
72.48 67
72.5 87
72.52 74
72.54 68
72.56 72
72.58 67
72.6 74
72.62 52
72.64 61
72.66 67
72.68 73
72.7 65
72.72 69
72.74 65
72.76 73
72.78 74
72.8 76
72.82 77
72.84 64
72.86 72
72.88 82
72.9 65
72.92 67
72.94 74
72.96 60
72.98 75
73 67
73.02 78
73.04 60
73.06 59
73.08 65
73.1 72
73.12 80
73.14 66
73.16 79
73.18 60
73.2 67
73.22 77
73.24 72
73.26 69
73.28 70
73.3 83
73.32 80
73.34 75
73.36 72
73.38 63
73.4 81
73.42 75
73.44 71
73.46 74
73.48 77
73.5 71
73.52 57
73.54 59
73.56 53
73.58 79
73.6 77
73.62 62
73.64 78
73.66 69
73.68 76
73.7 69
73.72 78
73.74 73
73.76 62
73.78 80
73.8 83
73.82 46
73.84 61
73.86 93
73.88 64
73.9 62
73.92 69
73.94 62
73.96 67
73.98 60
74 61
74.02 53
74.04 79
74.06 58
74.08 67
74.1 56
74.12 76
74.14 64
74.16 76
74.18 85
74.2 64
74.22 61
74.24 87
74.26 61
74.28 77
74.3 60
74.32 69
74.34 62
74.36 78
74.38 74
74.4 65
74.42 70
74.44 50
74.46 54
74.48 87
74.5 80
74.52 65
74.54 71
74.56 75
74.58 73
74.6 72
74.62 70
74.64 84
74.66 73
74.68 72
74.7 60
74.72 68
74.74 66
74.76 72
74.78 59
74.8 73
74.82 60
74.84 70
74.86 56
74.88 69
74.9 74
74.92 70
74.94 73
74.96 65
74.98 61
75 68
75.02 64
75.04 62
75.06 74
75.08 51
75.1 58
75.12 60
75.14 69
75.16 63
75.18 67
75.2 69
75.22 75
75.24 81
75.26 58
75.28 64
75.3 59
75.32 64
75.34 76
75.36 72
75.38 66
75.4 70
75.42 58
75.44 68
75.46 68
75.48 78
75.5 68
75.52 60
75.54 71
75.56 67
75.58 58
75.6 79
75.62 69
75.64 71
75.66 86
75.68 64
75.7 68
75.72 61
75.74 72
75.76 67
75.78 66
75.8 62
75.82 64
75.84 56
75.86 65
75.88 60
75.9 59
75.92 74
75.94 67
75.96 61
75.98 57
76 72
76.02 78
76.04 88
76.06 61
76.08 65
76.1 54
76.12 76
76.14 87
76.16 68
76.18 63
76.2 70
76.22 79
76.24 59
76.26 69
76.28 65
76.3 73
76.32 63
76.34 54
76.36 65
76.38 72
76.4 75
76.42 66
76.44 76
76.46 66
76.48 61
76.5 71
76.52 61
76.54 61
76.56 61
76.58 70
76.6 68
76.62 70
76.64 67
76.66 82
76.68 71
76.7 58
76.72 71
76.74 74
76.76 74
76.78 71
76.8 71
76.82 65
76.84 59
76.86 65
76.88 65
76.9 56
76.92 66
76.94 59
76.96 81
76.98 69
77 65
77.02 70
77.04 84
77.06 81
77.08 67
77.1 67
77.12 56
77.14 65
77.16 67
77.18 64
77.2 69
77.22 58
77.24 77
77.26 67
77.28 71
77.3 67
77.32 78
77.34 69
77.36 59
77.38 62
77.4 69
77.42 65
77.44 73
77.46 77
77.48 71
77.5 62
77.52 81
77.54 73
77.56 53
77.58 58
77.6 73
77.62 51
77.64 79
77.66 70
77.68 55
77.7 75
77.72 72
77.74 77
77.76 63
77.78 75
77.8 70
77.82 83
77.84 65
77.86 71
77.88 74
77.9 72
77.92 64
77.94 66
77.96 81
77.98 71
78 62
78.02 57
78.04 73
78.06 63
78.08 64
78.1 78
78.12 63
78.14 73
78.16 76
78.18 81
78.2 77
78.22 66
78.24 57
78.26 61
78.28 75
78.3 57
78.32 68
78.34 80
78.36 61
78.38 72
78.4 59
78.42 74
78.44 52
78.46 65
78.48 59
78.5 63
78.52 52
78.54 65
78.56 63
78.58 52
78.6 66
78.62 72
78.64 62
78.66 75
78.68 68
78.7 70
78.72 71
78.74 70
78.76 70
78.78 75
78.8 62
78.82 63
78.84 52
78.86 74
78.88 56
78.9 48
78.92 69
78.94 69
78.96 84
78.98 70
79 79
79.02 61
79.04 62
79.06 79
79.08 73
79.1 68
79.12 64
79.14 81
79.16 57
79.18 66
79.2 78
79.22 73
79.24 69
79.26 58
79.28 76
79.3 65
79.32 78
79.34 67
79.36 54
79.38 71
79.4 78
79.42 62
79.44 73
79.46 64
79.48 68
79.5 65
79.52 67
79.54 77
79.56 65
79.58 68
79.6 76
79.62 58
79.64 47
79.66 74
79.68 68
79.7 59
79.72 67
79.74 60
79.76 92
79.78 63
79.8 62
79.82 58
79.84 67
79.86 48
79.88 68
79.9 69
79.92 57
79.94 59
79.96 76
79.98 71
80 61
80.02 86
80.04 67
80.06 75
80.08 57
80.1 59
80.12 48
80.14 66
80.16 73
80.18 68
80.2 66
80.22 62
80.24 76
80.26 59
80.28 60
80.3 77
80.32 67
80.34 79
80.36 73
80.38 64
80.4 75
80.42 49
80.44 67
80.46 73
80.48 58
80.5 59
80.52 74
80.54 64
80.56 57
80.58 65
80.6 72
80.62 68
80.64 72
80.66 55
80.68 67
80.7 65
80.72 81
80.74 58
80.76 65
80.78 73
80.8 77
80.82 58
80.84 66
80.86 60
80.88 58
80.9 51
80.92 63
80.94 59
80.96 80
80.98 74
81 59
81.02 73
81.04 61
81.06 65
81.08 64
81.1 72
81.12 48
81.14 75
81.16 58
81.18 73
81.2 75
81.22 82
81.24 61
81.26 76
81.28 66
81.3 54
81.32 66
81.34 57
81.36 55
81.38 63
81.4 64
81.42 61
81.44 62
81.46 69
81.48 72
81.5 66
81.52 59
81.54 64
81.56 65
81.58 64
81.6 74
81.62 63
81.64 53
81.66 40
81.68 64
81.7 62
81.72 50
81.74 65
81.76 64
81.78 63
81.8 72
81.82 59
81.84 58
81.86 73
81.88 52
81.9 67
81.92 59
81.94 58
81.96 56
81.98 67
82 58
82.02 64
82.04 57
82.06 50
82.08 57
82.1 62
82.12 66
82.14 62
82.16 48
82.18 59
82.2 72
82.22 65
82.24 60
82.26 60
82.28 58
82.3 75
82.32 62
82.34 70
82.36 51
82.38 62
82.4 73
82.42 72
82.44 75
82.46 59
82.48 59
82.5 69
82.52 77
82.54 63
82.56 64
82.58 69
82.6 59
82.62 58
82.64 70
82.66 74
82.68 76
82.7 51
82.72 54
82.74 50
82.76 62
82.78 57
82.8 65
82.82 71
82.84 62
82.86 60
82.88 64
82.9 58
82.92 58
82.94 60
82.96 60
82.98 54
83 56
83.02 55
83.04 56
83.06 70
83.08 57
83.1 69
83.12 69
83.14 67
83.16 63
83.18 49
83.2 62
83.22 61
83.24 68
83.26 58
83.28 67
83.3 70
83.32 48
83.34 61
83.36 61
83.38 71
83.4 72
83.42 57
83.44 57
83.46 71
83.48 60
83.5 58
83.52 60
83.54 59
83.56 66
83.58 68
83.6 71
83.62 67
83.64 56
83.66 75
83.68 64
83.7 65
83.72 69
83.74 54
83.76 60
83.78 71
83.8 53
83.82 70
83.84 55
83.86 58
83.88 66
83.9 61
83.92 52
83.94 69
83.96 68
83.98 58
84 55
84.02 45
84.04 82
84.06 46
84.08 66
84.1 53
84.12 70
84.14 58
84.16 53
84.18 62
84.2 58
84.22 64
84.24 60
84.26 80
84.28 64
84.3 67
84.32 65
84.34 58
84.36 51
84.38 52
84.4 33
84.42 57
84.44 63
84.46 52
84.48 60
84.5 64
84.52 64
84.54 66
84.56 59
84.58 77
84.6 68
84.62 67
84.64 58
84.66 53
84.68 59
84.7 66
84.72 73
84.74 44
84.76 59
84.78 54
84.8 46
84.82 67
84.84 58
84.86 55
84.88 57
84.9 49
84.92 56
84.94 61
84.96 50
84.98 67
85 58
85.02 70
85.04 61
85.06 57
85.08 64
85.1 63
85.12 54
85.14 75
85.16 62
85.18 54
85.2 62
85.22 68
85.24 55
85.26 72
85.28 61
85.3 59
85.32 57
85.34 56
85.36 62
85.38 58
85.4 56
85.42 58
85.44 43
85.46 60
85.48 74
85.5 66
85.52 64
85.54 53
85.56 50
85.58 69
85.6 59
85.62 67
85.64 53
85.66 55
85.68 60
85.7 60
85.72 79
85.74 70
85.76 68
85.78 61
85.8 51
85.82 49
85.84 56
85.86 42
85.88 59
85.9 44
85.92 59
85.94 58
85.96 46
85.98 39
86 59
86.02 50
86.04 52
86.06 62
86.08 54
86.1 60
86.12 68
86.14 49
86.16 61
86.18 65
86.2 49
86.22 60
86.24 79
86.26 52
86.28 53
86.3 55
86.32 68
86.34 66
86.36 50
86.38 55
86.4 48
86.42 69
86.44 54
86.46 51
86.48 73
86.5 53
86.52 49
86.54 53
86.56 53
86.58 67
86.6 56
86.62 47
86.64 52
86.66 57
86.68 57
86.7 63
86.72 64
86.74 63
86.76 49
86.78 61
86.8 52
86.82 58
86.84 59
86.86 59
86.88 54
86.9 67
86.92 47
86.94 55
86.96 47
86.98 55
87 52
87.02 60
87.04 46
87.06 56
87.08 58
87.1 54
87.12 56
87.14 52
87.16 44
87.18 58
87.2 61
87.22 56
87.24 42
87.26 73
87.28 55
87.3 55
87.32 53
87.34 50
87.36 55
87.38 50
87.4 51
87.42 56
87.44 63
87.46 41
87.48 60
87.5 42
87.52 54
87.54 59
87.56 55
87.58 52
87.6 62
87.62 44
87.64 69
87.66 57
87.68 56
87.7 47
87.72 67
87.74 54
87.76 55
87.78 57
87.8 56
87.82 46
87.84 54
87.86 64
87.88 63
87.9 53
87.92 52
87.94 46
87.96 51
87.98 59
88 50
88.02 68
88.04 63
88.06 53
88.08 55
88.1 55
88.12 60
88.14 69
88.16 52
88.18 51
88.2 63
88.22 54
88.24 55
88.26 48
88.28 62
88.3 57
88.32 61
88.34 50
88.36 69
88.38 58
88.4 45
88.42 53
88.44 61
88.46 56
88.48 62
88.5 52
88.52 55
88.54 64
88.56 61
88.58 61
88.6 46
88.62 68
88.64 57
88.66 46
88.68 53
88.7 54
88.72 67
88.74 52
88.76 48
88.78 49
88.8 52
88.82 62
88.84 64
88.86 51
88.88 62
88.9 49
88.92 56
88.94 63
88.96 73
88.98 72
89 61
89.02 58
89.04 46
89.06 50
89.08 51
89.1 42
89.12 60
89.14 49
89.16 65
89.18 57
89.2 59
89.22 61
89.24 49
89.26 49
89.28 49
89.3 51
89.32 57
89.34 49
89.36 57
89.38 48
89.4 54
89.42 50
89.44 44
89.46 51
89.48 46
89.5 39
89.52 54
89.54 62
89.56 57
89.58 45
89.6 50
89.62 55
89.64 42
89.66 50
89.68 55
89.7 38
89.72 50
89.74 48
89.76 58
89.78 56
89.8 55
89.82 69
89.84 54
89.86 53
89.88 56
89.9 50
89.92 53
89.94 49
89.96 52
89.98 63
90 59
