Sample SnonSi_å§ñÅÇ»Çµ_SnÇ
Comments rapid
Filename C:\WINDMAX\DATA\SHIMANO\XRD20190306\SnonSi_No-Kenma_K2SnO3aq_20190122.raw
Goniometer TTRáV êÖïΩ∫ﬁ∆µ“∞¿(Tsé≤éËìÆ,ADS)
Attachment ïWèÄééóøŒŸ¿ﬁ∞
Monochromater å≈íË”…∏€“∞¿
ScanningMode 2Theta/Theta
ScanningType Continuos Scanning
X-Ray 40kV/300mA
î≠éUΩÿØƒ 2/3Åã
î≠éUècêßå¿ΩÿØƒ 2mm
éUóêΩÿØƒ 2/3Åã
éÛåıΩÿØƒ 0.3mm
±Ø√»∞¿ äJï˙
”…∏€éÛåıΩÿØƒ 0.8mm
Start 10
Stop 90
Step 0.02
10 24
10.02 22
10.04 34
10.06 29
10.08 32
10.1 36
10.12 32
10.14 32
10.16 34
10.18 42
10.2 24
10.22 44
10.24 28
10.26 34
10.28 33
10.3 40
10.32 23
10.34 28
10.36 41
10.38 36
10.4 34
10.42 33
10.44 26
10.46 36
10.48 28
10.5 25
10.52 33
10.54 43
10.56 30
10.58 48
10.6 37
10.62 26
10.64 27
10.66 39
10.68 35
10.7 50
10.72 32
10.74 46
10.76 27
10.78 41
10.8 36
10.82 30
10.84 31
10.86 30
10.88 37
10.9 39
10.92 36
10.94 32
10.96 35
10.98 39
11 34
11.02 23
11.04 39
11.06 39
11.08 28
11.1 34
11.12 47
11.14 29
11.16 38
11.18 31
11.2 24
11.22 32
11.24 33
11.26 21
11.28 21
11.3 34
11.32 27
11.34 30
11.36 20
11.38 36
11.4 35
11.42 27
11.44 28
11.46 33
11.48 23
11.5 32
11.52 31
11.54 33
11.56 24
11.58 32
11.6 35
11.62 27
11.64 30
11.66 28
11.68 28
11.7 37
11.72 31
11.74 29
11.76 29
11.78 33
11.8 35
11.82 24
11.84 23
11.86 28
11.88 28
11.9 26
11.92 38
11.94 33
11.96 24
11.98 36
12 29
12.02 30
12.04 48
12.06 44
12.08 42
12.1 27
12.12 40
12.14 27
12.16 32
12.18 21
12.2 27
12.22 27
12.24 27
12.26 29
12.28 21
12.3 41
12.32 31
12.34 36
12.36 32
12.38 37
12.4 33
12.42 34
12.44 32
12.46 24
12.48 25
12.5 30
12.52 31
12.54 21
12.56 27
12.58 32
12.6 32
12.62 32
12.64 33
12.66 27
12.68 33
12.7 25
12.72 41
12.74 34
12.76 26
12.78 26
12.8 29
12.82 24
12.84 34
12.86 29
12.88 38
12.9 31
12.92 34
12.94 31
12.96 36
12.98 32
13 31
13.02 38
13.04 28
13.06 32
13.08 22
13.1 32
13.12 32
13.14 36
13.16 31
13.18 25
13.2 33
13.22 20
13.24 37
13.26 20
13.28 24
13.3 23
13.32 28
13.34 38
13.36 24
13.38 33
13.4 30
13.42 36
13.44 29
13.46 35
13.48 30
13.5 31
13.52 34
13.54 27
13.56 39
13.58 29
13.6 31
13.62 31
13.64 35
13.66 34
13.68 36
13.7 43
13.72 28
13.74 34
13.76 27
13.78 27
13.8 33
13.82 29
13.84 39
13.86 41
13.88 24
13.9 34
13.92 41
13.94 32
13.96 36
13.98 36
14 29
14.02 41
14.04 26
14.06 40
14.08 26
14.1 41
14.12 30
14.14 41
14.16 25
14.18 30
14.2 33
14.22 27
14.24 39
14.26 23
14.28 35
14.3 26
14.32 35
14.34 40
14.36 30
14.38 33
14.4 27
14.42 43
14.44 24
14.46 29
14.48 24
14.5 34
14.52 35
14.54 26
14.56 27
14.58 39
14.6 40
14.62 28
14.64 30
14.66 38
14.68 33
14.7 40
14.72 31
14.74 31
14.76 32
14.78 26
14.8 32
14.82 27
14.84 44
14.86 39
14.88 40
14.9 36
14.92 37
14.94 30
14.96 38
14.98 27
15 42
15.02 42
15.04 29
15.06 33
15.08 37
15.1 24
15.12 34
15.14 24
15.16 47
15.18 36
15.2 33
15.22 36
15.24 29
15.26 32
15.28 36
15.3 34
15.32 34
15.34 36
15.36 27
15.38 29
15.4 39
15.42 43
15.44 35
15.46 25
15.48 36
15.5 35
15.52 42
15.54 35
15.56 30
15.58 29
15.6 41
15.62 36
15.64 29
15.66 26
15.68 34
15.7 27
15.72 42
15.74 31
15.76 32
15.78 43
15.8 34
15.82 30
15.84 39
15.86 47
15.88 29
15.9 38
15.92 34
15.94 36
15.96 38
15.98 36
16 36
16.02 31
16.04 29
16.06 34
16.08 37
16.1 29
16.12 34
16.14 51
16.16 41
16.18 35
16.2 44
16.22 32
16.24 38
16.26 30
16.28 17
16.3 33
16.32 42
16.34 40
16.36 36
16.38 39
16.4 46
16.42 36
16.44 26
16.46 36
16.48 37
16.5 26
16.52 35
16.54 32
16.56 25
16.58 34
16.6 31
16.62 28
16.64 23
16.66 28
16.68 29
16.7 33
16.72 36
16.74 35
16.76 35
16.78 34
16.8 34
16.82 25
16.84 31
16.86 35
16.88 39
16.9 41
16.92 22
16.94 21
16.96 39
16.98 37
17 29
17.02 34
17.04 36
17.06 28
17.08 37
17.1 40
17.12 34
17.14 34
17.16 39
17.18 39
17.2 35
17.22 29
17.24 31
17.26 40
17.28 34
17.3 33
17.32 39
17.34 25
17.36 41
17.38 34
17.4 28
17.42 36
17.44 37
17.46 34
17.48 31
17.5 36
17.52 24
17.54 30
17.56 44
17.58 42
17.6 32
17.62 32
17.64 29
17.66 35
17.68 39
17.7 37
17.72 35
17.74 29
17.76 37
17.78 31
17.8 39
17.82 41
17.84 28
17.86 38
17.88 38
17.9 34
17.92 25
17.94 36
17.96 41
17.98 29
18 30
18.02 30
18.04 44
18.06 28
18.08 31
18.1 30
18.12 38
18.14 33
18.16 26
18.18 23
18.2 35
18.22 38
18.24 38
18.26 32
18.28 42
18.3 35
18.32 33
18.34 34
18.36 37
18.38 34
18.4 46
18.42 41
18.44 41
18.46 31
18.48 32
18.5 36
18.52 35
18.54 35
18.56 34
18.58 39
18.6 45
18.62 46
18.64 31
18.66 28
18.68 37
18.7 39
18.72 29
18.74 36
18.76 35
18.78 55
18.8 37
18.82 33
18.84 37
18.86 26
18.88 29
18.9 37
18.92 42
18.94 25
18.96 33
18.98 32
19 45
19.02 25
19.04 34
19.06 39
19.08 39
19.1 41
19.12 40
19.14 41
19.16 37
19.18 37
19.2 46
19.22 34
19.24 49
19.26 36
19.28 33
19.3 34
19.32 30
19.34 39
19.36 35
19.38 33
19.4 36
19.42 49
19.44 31
19.46 35
19.48 32
19.5 39
19.52 38
19.54 45
19.56 38
19.58 20
19.6 44
19.62 30
19.64 52
19.66 33
19.68 32
19.7 36
19.72 46
19.74 41
19.76 26
19.78 35
19.8 35
19.82 42
19.84 30
19.86 36
19.88 40
19.9 41
19.92 43
19.94 45
19.96 44
19.98 36
20 37
20.02 52
20.04 35
20.06 39
20.08 49
20.1 42
20.12 29
20.14 32
20.16 45
20.18 40
20.2 36
20.22 40
20.24 53
20.26 35
20.28 41
20.3 35
20.32 38
20.34 42
20.36 45
20.38 33
20.4 38
20.42 49
20.44 39
20.46 42
20.48 43
20.5 44
20.52 44
20.54 52
20.56 45
20.58 55
20.6 46
20.62 28
20.64 39
20.66 45
20.68 51
20.7 43
20.72 50
20.74 38
20.76 33
20.78 43
20.8 44
20.82 54
20.84 43
20.86 38
20.88 33
20.9 45
20.92 36
20.94 43
20.96 36
20.98 45
21 48
21.02 42
21.04 51
21.06 40
21.08 45
21.1 46
21.12 37
21.14 46
21.16 37
21.18 49
21.2 53
21.22 48
21.24 50
21.26 50
21.28 48
21.3 55
21.32 49
21.34 49
21.36 40
21.38 46
21.4 54
21.42 38
21.44 52
21.46 39
21.48 45
21.5 66
21.52 43
21.54 44
21.56 43
21.58 56
21.6 56
21.62 38
21.64 65
21.66 43
21.68 51
21.7 36
21.72 31
21.74 52
21.76 56
21.78 54
21.8 48
21.82 45
21.84 53
21.86 54
21.88 53
21.9 55
21.92 49
21.94 61
21.96 48
21.98 53
22 51
22.02 55
22.04 67
22.06 54
22.08 58
22.1 53
22.12 60
22.14 61
22.16 54
22.18 54
22.2 50
22.22 47
22.24 47
22.26 57
22.28 67
22.3 46
22.32 54
22.34 57
22.36 64
22.38 54
22.4 50
22.42 57
22.44 46
22.46 49
22.48 44
22.5 54
22.52 55
22.54 56
22.56 64
22.58 57
22.6 63
22.62 61
22.64 77
22.66 55
22.68 59
22.7 55
22.72 57
22.74 45
22.76 60
22.78 54
22.8 53
22.82 61
22.84 54
22.86 51
22.88 37
22.9 59
22.92 56
22.94 54
22.96 53
22.98 43
23 42
23.02 41
23.04 53
23.06 56
23.08 46
23.1 51
23.12 45
23.14 43
23.16 45
23.18 38
23.2 39
23.22 56
23.24 58
23.26 48
23.28 40
23.3 37
23.32 50
23.34 45
23.36 39
23.38 56
23.4 62
23.42 62
23.44 38
23.46 55
23.48 58
23.5 48
23.52 42
23.54 43
23.56 59
23.58 43
23.6 48
23.62 44
23.64 37
23.66 41
23.68 43
23.7 42
23.72 47
23.74 38
23.76 49
23.78 41
23.8 33
23.82 49
23.84 45
23.86 48
23.88 36
23.9 33
23.92 51
23.94 47
23.96 47
23.98 29
24 53
24.02 41
24.04 56
24.06 39
24.08 53
24.1 45
24.12 45
24.14 43
24.16 37
24.18 40
24.2 47
24.22 42
24.24 33
24.26 50
24.28 57
24.3 35
24.32 46
24.34 46
24.36 35
24.38 42
24.4 35
24.42 44
24.44 38
24.46 41
24.48 46
24.5 30
24.52 41
24.54 40
24.56 40
24.58 46
24.6 38
24.62 33
24.64 40
24.66 43
24.68 45
24.7 36
24.72 36
24.74 41
24.76 49
24.78 47
24.8 57
24.82 44
24.84 39
24.86 46
24.88 48
24.9 38
24.92 40
24.94 37
24.96 57
24.98 46
25 38
25.02 37
25.04 41
25.06 39
25.08 39
25.1 43
25.12 37
25.14 45
25.16 50
25.18 39
25.2 39
25.22 36
25.24 54
25.26 46
25.28 42
25.3 47
25.32 40
25.34 43
25.36 43
25.38 44
25.4 40
25.42 41
25.44 38
25.46 50
25.48 29
25.5 43
25.52 42
25.54 34
25.56 46
25.58 44
25.6 40
25.62 42
25.64 31
25.66 31
25.68 39
25.7 46
25.72 38
25.74 42
25.76 33
25.78 47
25.8 46
25.82 42
25.84 44
25.86 47
25.88 54
25.9 40
25.92 38
25.94 41
25.96 38
25.98 31
26 30
26.02 52
26.04 28
26.06 49
26.08 38
26.1 48
26.12 36
26.14 31
26.16 39
26.18 53
26.2 45
26.22 48
26.24 40
26.26 47
26.28 43
26.3 50
26.32 45
26.34 44
26.36 24
26.38 40
26.4 51
26.42 40
26.44 44
26.46 41
26.48 44
26.5 34
26.52 38
26.54 53
26.56 41
26.58 40
26.6 33
26.62 45
26.64 47
26.66 46
26.68 31
26.7 40
26.72 39
26.74 41
26.76 51
26.78 40
26.8 43
26.82 30
26.84 33
26.86 56
26.88 35
26.9 40
26.92 46
26.94 42
26.96 48
26.98 40
27 49
27.02 41
27.04 37
27.06 47
27.08 35
27.1 38
27.12 50
27.14 22
27.16 35
27.18 28
27.2 37
27.22 52
27.24 41
27.26 39
27.28 50
27.3 39
27.32 39
27.34 55
27.36 36
27.38 42
27.4 46
27.42 46
27.44 53
27.46 36
27.48 37
27.5 42
27.52 40
27.54 27
27.56 49
27.58 41
27.6 41
27.62 57
27.64 48
27.66 56
27.68 59
27.7 34
27.72 32
27.74 37
27.76 39
27.78 30
27.8 38
27.82 43
27.84 42
27.86 41
27.88 44
27.9 46
27.92 43
27.94 39
27.96 31
27.98 48
28 42
28.02 34
28.04 44
28.06 39
28.08 47
28.1 44
28.12 45
28.14 50
28.16 45
28.18 49
28.2 44
28.22 50
28.24 35
28.26 38
28.28 35
28.3 32
28.32 47
28.34 30
28.36 45
28.38 46
28.4 36
28.42 40
28.44 33
28.46 39
28.48 36
28.5 41
28.52 49
28.54 49
28.56 47
28.58 46
28.6 47
28.62 31
28.64 35
28.66 49
28.68 38
28.7 41
28.72 35
28.74 49
28.76 39
28.78 51
28.8 35
28.82 38
28.84 40
28.86 46
28.88 32
28.9 47
28.92 38
28.94 42
28.96 54
28.98 33
29 44
29.02 40
29.04 33
29.06 46
29.08 44
29.1 49
29.12 43
29.14 49
29.16 44
29.18 42
29.2 33
29.22 42
29.24 39
29.26 44
29.28 48
29.3 33
29.32 46
29.34 39
29.36 39
29.38 49
29.4 31
29.42 45
29.44 45
29.46 40
29.48 42
29.5 47
29.52 34
29.54 41
29.56 49
29.58 39
29.6 53
29.62 43
29.64 46
29.66 48
29.68 37
29.7 50
29.72 42
29.74 37
29.76 34
29.78 44
29.8 35
29.82 36
29.84 35
29.86 34
29.88 39
29.9 42
29.92 33
29.94 48
29.96 33
29.98 41
30 48
30.02 40
30.04 46
30.06 38
30.08 41
30.1 42
30.12 26
30.14 41
30.16 32
30.18 35
30.2 43
30.22 50
30.24 37
30.26 56
30.28 42
30.3 42
30.32 40
30.34 37
30.36 47
30.38 48
30.4 35
30.42 35
30.44 47
30.46 48
30.48 56
30.5 40
30.52 45
30.54 41
30.56 53
30.58 46
30.6 43
30.62 51
30.64 49
30.66 38
30.68 47
30.7 37
30.72 37
30.74 29
30.76 37
30.78 55
30.8 41
30.82 45
30.84 38
30.86 56
30.88 44
30.9 37
30.92 49
30.94 38
30.96 43
30.98 45
31 34
31.02 33
31.04 52
31.06 47
31.08 41
31.1 39
31.12 48
31.14 42
31.16 41
31.18 34
31.2 40
31.22 45
31.24 33
31.26 43
31.28 37
31.3 31
31.32 44
31.34 47
31.36 37
31.38 37
31.4 35
31.42 43
31.44 32
31.46 43
31.48 32
31.5 31
31.52 41
31.54 36
31.56 51
31.58 32
31.6 38
31.62 58
31.64 37
31.66 43
31.68 37
31.7 41
31.72 34
31.74 41
31.76 50
31.78 39
31.8 32
31.82 36
31.84 38
31.86 39
31.88 31
31.9 41
31.92 45
31.94 49
31.96 43
31.98 37
32 39
32.02 41
32.04 34
32.06 45
32.08 33
32.1 53
32.12 37
32.14 31
32.16 51
32.18 28
32.2 35
32.22 38
32.24 50
32.26 41
32.28 47
32.3 29
32.32 36
32.34 38
32.36 44
32.38 50
32.4 36
32.42 32
32.44 25
32.46 40
32.48 37
32.5 44
32.52 47
32.54 42
32.56 41
32.58 35
32.6 26
32.62 45
32.64 37
32.66 42
32.68 32
32.7 39
32.72 37
32.74 41
32.76 32
32.78 40
32.8 43
32.82 31
32.84 39
32.86 29
32.88 38
32.9 40
32.92 39
32.94 42
32.96 42
32.98 39
33 26
33.02 34
33.04 50
33.06 40
33.08 28
33.1 40
33.12 47
33.14 36
33.16 46
33.18 39
33.2 43
33.22 29
33.24 36
33.26 31
33.28 39
33.3 55
33.32 34
33.34 39
33.36 29
33.38 35
33.4 32
33.42 29
33.44 47
33.46 45
33.48 37
33.5 36
33.52 36
33.54 28
33.56 41
33.58 31
33.6 38
33.62 46
33.64 41
33.66 43
33.68 27
33.7 49
33.72 32
33.74 42
33.76 48
33.78 49
33.8 42
33.82 37
33.84 29
33.86 31
33.88 41
33.9 44
33.92 39
33.94 33
33.96 39
33.98 39
34 31
34.02 38
34.04 51
34.06 29
34.08 31
34.1 35
34.12 46
34.14 44
34.16 27
34.18 35
34.2 33
34.22 35
34.24 34
34.26 40
34.28 30
34.3 51
34.32 54
34.34 41
34.36 43
34.38 33
34.4 36
34.42 35
34.44 37
34.46 28
34.48 30
34.5 35
34.52 28
34.54 29
34.56 33
34.58 37
34.6 41
34.62 42
34.64 33
34.66 31
34.68 35
34.7 29
34.72 38
34.74 32
34.76 45
34.78 29
34.8 37
34.82 32
34.84 39
34.86 29
34.88 40
34.9 34
34.92 28
34.94 34
34.96 40
34.98 37
35 36
35.02 27
35.04 30
35.06 33
35.08 38
35.1 32
35.12 26
35.14 41
35.16 26
35.18 33
35.2 27
35.22 33
35.24 21
35.26 37
35.28 44
35.3 24
35.32 24
35.34 30
35.36 35
35.38 22
35.4 35
35.42 26
35.44 30
35.46 34
35.48 29
35.5 27
35.52 30
35.54 47
35.56 21
35.58 21
35.6 34
35.62 43
35.64 35
35.66 30
35.68 43
35.7 31
35.72 31
35.74 28
35.76 26
35.78 33
35.8 24
35.82 34
35.84 29
35.86 37
35.88 34
35.9 29
35.92 29
35.94 29
35.96 28
35.98 28
36 30
36.02 32
36.04 27
36.06 22
36.08 28
36.1 30
36.12 30
36.14 40
36.16 29
36.18 32
36.2 26
36.22 28
36.24 33
36.26 34
36.28 35
36.3 38
36.32 33
36.34 23
36.36 40
36.38 30
36.4 20
36.42 30
36.44 16
36.46 28
36.48 21
36.5 34
36.52 31
36.54 45
36.56 25
36.58 37
36.6 38
36.62 43
36.64 32
36.66 30
36.68 26
36.7 21
36.72 30
36.74 22
36.76 25
36.78 27
36.8 26
36.82 24
36.84 24
36.86 29
36.88 29
36.9 25
36.92 20
36.94 19
36.96 32
36.98 23
37 25
37.02 23
37.04 19
37.06 24
37.08 24
37.1 21
37.12 37
37.14 35
37.16 24
37.18 26
37.2 32
37.22 25
37.24 31
37.26 26
37.28 23
37.3 23
37.32 32
37.34 33
37.36 24
37.38 28
37.4 27
37.42 30
37.44 26
37.46 31
37.48 24
37.5 29
37.52 28
37.54 30
37.56 20
37.58 27
37.6 28
37.62 22
37.64 33
37.66 27
37.68 21
37.7 28
37.72 20
37.74 33
37.76 24
37.78 26
37.8 25
37.82 30
37.84 22
37.86 27
37.88 30
37.9 22
37.92 26
37.94 33
37.96 27
37.98 30
38 24
38.02 23
38.04 26
38.06 22
38.08 24
38.1 25
38.12 22
38.14 13
38.16 32
38.18 22
38.2 26
38.22 27
38.24 31
38.26 23
38.28 30
38.3 32
38.32 27
38.34 29
38.36 25
38.38 30
38.4 35
38.42 38
38.44 30
38.46 15
38.48 26
38.5 23
38.52 26
38.54 21
38.56 27
38.58 22
38.6 29
38.62 24
38.64 28
38.66 21
38.68 32
38.7 32
38.72 32
38.74 29
38.76 31
38.78 27
38.8 17
38.82 18
38.84 36
38.86 24
38.88 32
38.9 25
38.92 25
38.94 38
38.96 28
38.98 22
39 33
39.02 31
39.04 28
39.06 30
39.08 34
39.1 31
39.12 21
39.14 28
39.16 22
39.18 27
39.2 28
39.22 25
39.24 27
39.26 25
39.28 26
39.3 24
39.32 26
39.34 29
39.36 32
39.38 28
39.4 23
39.42 17
39.44 25
39.46 18
39.48 14
39.5 28
39.52 20
39.54 30
39.56 23
39.58 19
39.6 29
39.62 15
39.64 31
39.66 34
39.68 30
39.7 20
39.72 22
39.74 22
39.76 34
39.78 26
39.8 28
39.82 26
39.84 30
39.86 27
39.88 30
39.9 33
39.92 19
39.94 19
39.96 27
39.98 26
40 28
40.02 24
40.04 31
40.06 24
40.08 28
40.1 28
40.12 29
40.14 18
40.16 24
40.18 18
40.2 39
40.22 31
40.24 26
40.26 23
40.28 25
40.3 27
40.32 28
40.34 32
40.36 31
40.38 33
40.4 36
40.42 25
40.44 15
40.46 17
40.48 28
40.5 21
40.52 24
40.54 26
40.56 30
40.58 31
40.6 23
40.62 32
40.64 23
40.66 30
40.68 23
40.7 20
40.72 24
40.74 24
40.76 28
40.78 24
40.8 31
40.82 30
40.84 29
40.86 37
40.88 27
40.9 21
40.92 28
40.94 20
40.96 21
40.98 30
41 23
41.02 32
41.04 23
41.06 17
41.08 31
41.1 20
41.12 27
41.14 21
41.16 28
41.18 30
41.2 29
41.22 31
41.24 27
41.26 26
41.28 25
41.3 26
41.32 19
41.34 36
41.36 28
41.38 15
41.4 34
41.42 29
41.44 21
41.46 21
41.48 21
41.5 24
41.52 24
41.54 18
41.56 28
41.58 31
41.6 33
41.62 27
41.64 24
41.66 25
41.68 33
41.7 22
41.72 21
41.74 29
41.76 24
41.78 25
41.8 18
41.82 27
41.84 27
41.86 25
41.88 31
41.9 46
41.92 25
41.94 29
41.96 24
41.98 25
42 30
42.02 23
42.04 19
42.06 31
42.08 29
42.1 22
42.12 28
42.14 17
42.16 26
42.18 16
42.2 32
42.22 18
42.24 22
42.26 23
42.28 20
42.3 25
42.32 26
42.34 22
42.36 29
42.38 34
42.4 26
42.42 31
42.44 22
42.46 25
42.48 18
42.5 16
42.52 21
42.54 20
42.56 22
42.58 7
42.6 27
42.62 22
42.64 40
42.66 36
42.68 15
42.7 21
42.72 14
42.74 33
42.76 25
42.78 34
42.8 16
42.82 12
42.84 32
42.86 30
42.88 22
42.9 22
42.92 24
42.94 26
42.96 27
42.98 23
43 15
43.02 22
43.04 19
43.06 19
43.08 28
43.1 25
43.12 27
43.14 26
43.16 23
43.18 27
43.2 25
43.22 26
43.24 18
43.26 35
43.28 20
43.3 19
43.32 30
43.34 22
43.36 33
43.38 17
43.4 23
43.42 29
43.44 33
43.46 23
43.48 24
43.5 25
43.52 23
43.54 24
43.56 27
43.58 24
43.6 25
43.62 18
43.64 21
43.66 26
43.68 26
43.7 32
43.72 20
43.74 26
43.76 23
43.78 23
43.8 19
43.82 21
43.84 24
43.86 22
43.88 22
43.9 25
43.92 33
43.94 17
43.96 24
43.98 23
44 15
44.02 25
44.04 17
44.06 19
44.08 20
44.1 22
44.12 25
44.14 33
44.16 20
44.18 31
44.2 28
44.22 28
44.24 11
44.26 13
44.28 31
44.3 20
44.32 22
44.34 25
44.36 18
44.38 17
44.4 35
44.42 23
44.44 16
44.46 18
44.48 23
44.5 27
44.52 27
44.54 27
44.56 28
44.58 27
44.6 25
44.62 16
44.64 20
44.66 20
44.68 18
44.7 24
44.72 34
44.74 16
44.76 31
44.78 27
44.8 26
44.82 33
44.84 23
44.86 16
44.88 31
44.9 26
44.92 23
44.94 22
44.96 31
44.98 22
45 35
45.02 34
45.04 20
45.06 24
45.08 25
45.1 17
45.12 21
45.14 30
45.16 27
45.18 18
45.2 23
45.22 20
45.24 26
45.26 19
45.28 20
45.3 30
45.32 17
45.34 24
45.36 22
45.38 19
45.4 33
45.42 22
45.44 18
45.46 24
45.48 30
45.5 19
45.52 15
45.54 15
45.56 25
45.58 23
45.6 20
45.62 10
45.64 23
45.66 23
45.68 21
45.7 14
45.72 18
45.74 25
45.76 18
45.78 27
45.8 22
45.82 22
45.84 20
45.86 25
45.88 23
45.9 21
45.92 32
45.94 27
45.96 28
45.98 28
46 31
46.02 20
46.04 20
46.06 20
46.08 14
46.1 23
46.12 22
46.14 14
46.16 25
46.18 17
46.2 24
46.22 20
46.24 16
46.26 24
46.28 17
46.3 24
46.32 19
46.34 28
46.36 25
46.38 21
46.4 17
46.42 20
46.44 23
46.46 16
46.48 21
46.5 20
46.52 29
46.54 32
46.56 28
46.58 23
46.6 29
46.62 22
46.64 20
46.66 22
46.68 25
46.7 12
46.72 16
46.74 16
46.76 22
46.78 14
46.8 22
46.82 18
46.84 28
46.86 20
46.88 21
46.9 24
46.92 25
46.94 21
46.96 28
46.98 25
47 33
47.02 13
47.04 15
47.06 23
47.08 30
47.1 28
47.12 21
47.14 24
47.16 21
47.18 20
47.2 22
47.22 19
47.24 25
47.26 21
47.28 19
47.3 17
47.32 24
47.34 15
47.36 34
47.38 26
47.4 19
47.42 15
47.44 17
47.46 16
47.48 20
47.5 17
47.52 33
47.54 23
47.56 29
47.58 19
47.6 22
47.62 21
47.64 19
47.66 19
47.68 18
47.7 16
47.72 25
47.74 20
47.76 26
47.78 12
47.8 25
47.82 24
47.84 14
47.86 31
47.88 18
47.9 18
47.92 26
47.94 27
47.96 24
47.98 24
48 17
48.02 12
48.04 25
48.06 26
48.08 23
48.1 19
48.12 22
48.14 22
48.16 20
48.18 25
48.2 16
48.22 25
48.24 24
48.26 20
48.28 22
48.3 15
48.32 13
48.34 18
48.36 23
48.38 27
48.4 18
48.42 26
48.44 15
48.46 26
48.48 17
48.5 15
48.52 21
48.54 18
48.56 22
48.58 22
48.6 20
48.62 21
48.64 23
48.66 25
48.68 14
48.7 18
48.72 22
48.74 20
48.76 28
48.78 22
48.8 28
48.82 39
48.84 26
48.86 15
48.88 20
48.9 25
48.92 13
48.94 19
48.96 21
48.98 19
49 14
49.02 16
49.04 19
49.06 27
49.08 18
49.1 30
49.12 18
49.14 19
49.16 29
49.18 18
49.2 20
49.22 22
49.24 18
49.26 24
49.28 21
49.3 24
49.32 27
49.34 18
49.36 21
49.38 21
49.4 23
49.42 17
49.44 27
49.46 21
49.48 21
49.5 11
49.52 13
49.54 27
49.56 26
49.58 15
49.6 27
49.62 20
49.64 20
49.66 15
49.68 21
49.7 24
49.72 14
49.74 31
49.76 21
49.78 17
49.8 17
49.82 16
49.84 24
49.86 21
49.88 14
49.9 15
49.92 15
49.94 24
49.96 18
49.98 24
50 13
50.02 24
50.04 22
50.06 18
50.08 20
50.1 18
50.12 15
50.14 22
50.16 18
50.18 13
50.2 18
50.22 24
50.24 20
50.26 14
50.28 15
50.3 31
50.32 15
50.34 16
50.36 15
50.38 16
50.4 22
50.42 15
50.44 27
50.46 23
50.48 17
50.5 16
50.52 21
50.54 22
50.56 10
50.58 19
50.6 25
50.62 24
50.64 25
50.66 26
50.68 22
50.7 18
50.72 22
50.74 18
50.76 22
50.78 20
50.8 24
50.82 17
50.84 19
50.86 15
50.88 18
50.9 25
50.92 23
50.94 17
50.96 18
50.98 27
51 24
51.02 22
51.04 19
51.06 17
51.08 21
51.1 22
51.12 20
51.14 27
51.16 17
51.18 17
51.2 17
51.22 16
51.24 21
51.26 15
51.28 12
51.3 15
51.32 20
51.34 11
51.36 17
51.38 19
51.4 18
51.42 27
51.44 15
51.46 19
51.48 18
51.5 16
51.52 25
51.54 20
51.56 20
51.58 19
51.6 28
51.62 15
51.64 27
51.66 21
51.68 15
51.7 20
51.72 20
51.74 13
51.76 21
51.78 24
51.8 24
51.82 17
51.84 13
51.86 23
51.88 26
51.9 15
51.92 13
51.94 12
51.96 18
51.98 20
52 22
52.02 26
52.04 27
52.06 17
52.08 19
52.1 10
52.12 16
52.14 11
52.16 24
52.18 19
52.2 17
52.22 13
52.24 23
52.26 23
52.28 23
52.3 21
52.32 24
52.34 19
52.36 31
52.38 21
52.4 15
52.42 22
52.44 22
52.46 25
52.48 19
52.5 24
52.52 17
52.54 22
52.56 12
52.58 14
52.6 20
52.62 21
52.64 15
52.66 16
52.68 19
52.7 18
52.72 22
52.74 19
52.76 11
52.78 16
52.8 21
52.82 25
52.84 26
52.86 21
52.88 25
52.9 17
52.92 15
52.94 21
52.96 20
52.98 17
53 20
53.02 15
53.04 19
53.06 16
53.08 24
53.1 20
53.12 18
53.14 9
53.16 20
53.18 19
53.2 24
53.22 16
53.24 17
53.26 26
53.28 28
53.3 17
53.32 19
53.34 22
53.36 10
53.38 19
53.4 23
53.42 12
53.44 22
53.46 17
53.48 17
53.5 23
53.52 20
53.54 19
53.56 18
53.58 32
53.6 26
53.62 23
53.64 13
53.66 19
53.68 18
53.7 21
53.72 20
53.74 20
53.76 16
53.78 22
53.8 22
53.82 25
53.84 25
53.86 21
53.88 28
53.9 15
53.92 22
53.94 21
53.96 19
53.98 21
54 14
54.02 12
54.04 17
54.06 15
54.08 16
54.1 14
54.12 14
54.14 21
54.16 13
54.18 16
54.2 15
54.22 19
54.24 20
54.26 14
54.28 17
54.3 18
54.32 19
54.34 17
54.36 27
54.38 15
54.4 25
54.42 22
54.44 19
54.46 22
54.48 24
54.5 17
54.52 18
54.54 17
54.56 10
54.58 23
54.6 19
54.62 23
54.64 23
54.66 23
54.68 18
54.7 25
54.72 19
54.74 18
54.76 21
54.78 23
54.8 17
54.82 23
54.84 24
54.86 21
54.88 22
54.9 19
54.92 20
54.94 20
54.96 22
54.98 21
55 23
55.02 14
55.04 22
55.06 21
55.08 15
55.1 21
55.12 18
55.14 24
55.16 21
55.18 20
55.2 23
55.22 21
55.24 22
55.26 17
55.28 24
55.3 19
55.32 19
55.34 16
55.36 17
55.38 27
55.4 20
55.42 20
55.44 16
55.46 26
55.48 22
55.5 16
55.52 24
55.54 21
55.56 28
55.58 28
55.6 23
55.62 23
55.64 19
55.66 23
55.68 14
55.7 23
55.72 27
55.74 16
55.76 14
55.78 10
55.8 13
55.82 14
55.84 20
55.86 13
55.88 21
55.9 28
55.92 22
55.94 29
55.96 13
55.98 15
56 14
56.02 11
56.04 14
56.06 15
56.08 13
56.1 13
56.12 15
56.14 25
56.16 23
56.18 24
56.2 21
56.22 25
56.24 16
56.26 24
56.28 14
56.3 24
56.32 19
56.34 26
56.36 21
56.38 14
56.4 17
56.42 19
56.44 17
56.46 17
56.48 10
56.5 30
56.52 12
56.54 17
56.56 26
56.58 20
56.6 25
56.62 18
56.64 26
56.66 14
56.68 17
56.7 12
56.72 14
56.74 15
56.76 17
56.78 16
56.8 20
56.82 16
56.84 17
56.86 16
56.88 17
56.9 24
56.92 13
56.94 26
56.96 13
56.98 17
57 15
57.02 19
57.04 14
57.06 19
57.08 15
57.1 18
57.12 15
57.14 19
57.16 18
57.18 23
57.2 17
57.22 11
57.24 19
57.26 18
57.28 15
57.3 18
57.32 21
57.34 15
57.36 33
57.38 16
57.4 10
57.42 17
57.44 16
57.46 19
57.48 21
57.5 13
57.52 13
57.54 23
57.56 25
57.58 16
57.6 15
57.62 17
57.64 25
57.66 16
57.68 22
57.7 12
57.72 13
57.74 20
57.76 28
57.78 16
57.8 25
57.82 18
57.84 19
57.86 16
57.88 24
57.9 15
57.92 22
57.94 17
57.96 17
57.98 19
58 17
58.02 20
58.04 17
58.06 23
58.08 21
58.1 25
58.12 17
58.14 12
58.16 17
58.18 20
58.2 19
58.22 22
58.24 22
58.26 14
58.28 28
58.3 15
58.32 21
58.34 16
58.36 24
58.38 14
58.4 20
58.42 16
58.44 9
58.46 21
58.48 16
58.5 21
58.52 15
58.54 20
58.56 19
58.58 14
58.6 13
58.62 15
58.64 20
58.66 25
58.68 24
58.7 15
58.72 20
58.74 16
58.76 18
58.78 21
58.8 21
58.82 24
58.84 12
58.86 15
58.88 28
58.9 26
58.92 26
58.94 24
58.96 20
58.98 10
59 22
59.02 16
59.04 15
59.06 13
59.08 15
59.1 21
59.12 19
59.14 22
59.16 26
59.18 17
59.2 12
59.22 21
59.24 14
59.26 24
59.28 11
59.3 21
59.32 18
59.34 12
59.36 18
59.38 24
59.4 19
59.42 15
59.44 19
59.46 25
59.48 17
59.5 23
59.52 12
59.54 28
59.56 21
59.58 14
59.6 25
59.62 10
59.64 18
59.66 22
59.68 13
59.7 24
59.72 27
59.74 17
59.76 13
59.78 17
59.8 21
59.82 16
59.84 13
59.86 12
59.88 17
59.9 16
59.92 14
59.94 11
59.96 25
59.98 22
60 22
60.02 26
60.04 13
60.06 12
60.08 17
60.1 18
60.12 23
60.14 24
60.16 22
60.18 22
60.2 15
60.22 21
60.24 14
60.26 21
60.28 18
60.3 24
60.32 29
60.34 24
60.36 12
60.38 14
60.4 12
60.42 12
60.44 13
60.46 22
60.48 15
60.5 24
60.52 24
60.54 15
60.56 23
60.58 21
60.6 16
60.62 14
60.64 21
60.66 28
60.68 14
60.7 22
60.72 14
60.74 11
60.76 17
60.78 13
60.8 16
60.82 35
60.84 17
60.86 22
60.88 18
60.9 17
60.92 17
60.94 19
60.96 18
60.98 18
61 20
61.02 15
61.04 16
61.06 13
61.08 20
61.1 17
61.12 23
61.14 19
61.16 22
61.18 19
61.2 13
61.22 21
61.24 12
61.26 20
61.28 12
61.3 22
61.32 8
61.34 20
61.36 17
61.38 17
61.4 25
61.42 21
61.44 15
61.46 20
61.48 18
61.5 23
61.52 23
61.54 19
61.56 27
61.58 22
61.6 25
61.62 28
61.64 27
61.66 30
61.68 21
61.7 19
61.72 12
61.74 23
61.76 21
61.78 21
61.8 20
61.82 19
61.84 21
61.86 26
61.88 16
61.9 22
61.92 20
61.94 17
61.96 16
61.98 22
62 18
62.02 18
62.04 28
62.06 17
62.08 17
62.1 19
62.12 21
62.14 18
62.16 18
62.18 18
62.2 18
62.22 20
62.24 20
62.26 14
62.28 10
62.3 25
62.32 21
62.34 16
62.36 20
62.38 19
62.4 19
62.42 23
62.44 26
62.46 22
62.48 19
62.5 18
62.52 20
62.54 19
62.56 20
62.58 21
62.6 13
62.62 13
62.64 11
62.66 25
62.68 16
62.7 20
62.72 19
62.74 16
62.76 15
62.78 22
62.8 24
62.82 25
62.84 24
62.86 20
62.88 14
62.9 25
62.92 20
62.94 25
62.96 18
62.98 11
63 18
63.02 27
63.04 19
63.06 23
63.08 23
63.1 21
63.12 7
63.14 19
63.16 19
63.18 22
63.2 18
63.22 24
63.24 14
63.26 11
63.28 23
63.3 13
63.32 27
63.34 13
63.36 29
63.38 19
63.4 22
63.42 17
63.44 24
63.46 18
63.48 14
63.5 17
63.52 23
63.54 21
63.56 25
63.58 26
63.6 16
63.62 12
63.64 15
63.66 22
63.68 18
63.7 21
63.72 23
63.74 20
63.76 14
63.78 12
63.8 19
63.82 13
63.84 16
63.86 15
63.88 17
63.9 25
63.92 19
63.94 22
63.96 19
63.98 19
64 9
64.02 24
64.04 21
64.06 27
64.08 14
64.1 18
64.12 17
64.14 23
64.16 20
64.18 16
64.2 18
64.22 21
64.24 12
64.26 25
64.28 20
64.3 18
64.32 25
64.34 19
64.36 18
64.38 11
64.4 23
64.42 21
64.44 9
64.46 23
64.48 28
64.5 14
64.52 25
64.54 16
64.56 18
64.58 16
64.6 22
64.62 17
64.64 16
64.66 18
64.68 23
64.7 23
64.72 22
64.74 17
64.76 21
64.78 26
64.8 11
64.82 17
64.84 26
64.86 21
64.88 20
64.9 19
64.92 20
64.94 15
64.96 24
64.98 22
65 29
65.02 17
65.04 27
65.06 19
65.08 16
65.1 22
65.12 23
65.14 18
65.16 17
65.18 23
65.2 25
65.22 23
65.24 17
65.26 24
65.28 21
65.3 26
65.32 24
65.34 16
65.36 27
65.38 31
65.4 18
65.42 22
65.44 17
65.46 27
65.48 23
65.5 20
65.52 22
65.54 24
65.56 22
65.58 22
65.6 18
65.62 25
65.64 16
65.66 23
65.68 23
65.7 14
65.72 26
65.74 19
65.76 27
65.78 26
65.8 31
65.82 24
65.84 22
65.86 29
65.88 22
65.9 27
65.92 28
65.94 18
65.96 19
65.98 22
66 20
66.02 17
66.04 20
66.06 26
66.08 17
66.1 23
66.12 31
66.14 25
66.16 19
66.18 24
66.2 24
66.22 26
66.24 19
66.26 24
66.28 25
66.3 19
66.32 31
66.34 36
66.36 24
66.38 32
66.4 12
66.42 25
66.44 24
66.46 25
66.48 30
66.5 28
66.52 23
66.54 35
66.56 22
66.58 23
66.6 26
66.62 23
66.64 25
66.66 33
66.68 25
66.7 26
66.72 30
66.74 24
66.76 29
66.78 22
66.8 36
66.82 32
66.84 26
66.86 28
66.88 20
66.9 18
66.92 26
66.94 25
66.96 27
66.98 29
67 29
67.02 34
67.04 31
67.06 34
67.08 29
67.1 33
67.12 23
67.14 36
67.16 35
67.18 35
67.2 28
67.22 38
67.24 40
67.26 34
67.28 40
67.3 46
67.32 31
67.34 45
67.36 46
67.38 34
67.4 35
67.42 50
67.44 36
67.46 37
67.48 49
67.5 53
67.52 30
67.54 46
67.56 39
67.58 40
67.6 61
67.62 44
67.64 52
67.66 48
67.68 65
67.7 66
67.72 80
67.74 80
67.76 68
67.78 58
67.8 80
67.82 77
67.84 88
67.86 109
67.88 116
67.9 99
67.92 105
67.94 107
67.96 123
67.98 135
68 146
68.02 132
68.04 156
68.06 161
68.08 154
68.1 165
68.12 154
68.14 164
68.16 207
68.18 197
68.2 216
68.22 224
68.24 236
68.26 247
68.28 246
68.3 269
68.32 283
68.34 294
68.36 319
68.38 338
68.4 334
68.42 387
68.44 382
68.46 385
68.48 401
68.5 434
68.52 514
68.54 507
68.56 558
68.58 667
68.6 747
68.62 795
68.64 976
68.66 1256
68.68 1481
68.7 1737
68.72 1813
68.74 1939
68.76 2014
68.78 2135
68.8 1989
68.82 2079
68.84 2328
68.86 2742
68.88 3693
68.9 5370
68.92 7682
68.94 10309
68.96 13650
68.98 18315
69 28626
69.02 0
69.04 0
69.06 0
69.08 0
69.1 0
69.12 0
69.14 25408
69.16 17816
69.18 17136
69.2 22395
69.22 0
69.24 0
69.26 0
69.28 0
69.3 0
69.32 26170
69.34 12777
69.36 7704
69.38 5267
69.4 4206
69.42 3432
69.44 2930
69.46 2368
69.48 2138
69.5 1980
69.52 1812
69.54 1619
69.56 1446
69.58 1360
69.6 1307
69.62 1072
69.64 1058
69.66 964
69.68 911
69.7 856
69.72 826
69.74 815
69.76 751
69.78 662
69.8 658
69.82 622
69.84 594
69.86 570
69.88 566
69.9 548
69.92 522
69.94 514
69.96 534
69.98 489
70 450
70.02 487
70.04 444
70.06 438
70.08 414
70.1 402
70.12 395
70.14 398
70.16 403
70.18 384
70.2 365
70.22 361
70.24 340
70.26 341
70.28 320
70.3 346
70.32 330
70.34 319
70.36 306
70.38 285
70.4 273
70.42 305
70.44 284
70.46 278
70.48 263
70.5 247
70.52 258
70.54 250
70.56 227
70.58 236
70.6 244
70.62 203
70.64 216
70.66 241
70.68 209
70.7 197
70.72 187
70.74 187
70.76 205
70.78 166
70.8 162
70.82 163
70.84 173
70.86 153
70.88 148
70.9 145
70.92 169
70.94 164
70.96 136
70.98 146
71 126
71.02 144
71.04 143
71.06 122
71.08 130
71.1 92
71.12 128
71.14 97
71.16 113
71.18 121
71.2 106
71.22 94
71.24 96
71.26 83
71.28 90
71.3 80
71.32 86
71.34 71
71.36 69
71.38 79
71.4 79
71.42 66
71.44 72
71.46 63
71.48 64
71.5 55
71.52 55
71.54 61
71.56 52
71.58 45
71.6 48
71.62 60
71.64 46
71.66 52
71.68 45
71.7 34
71.72 50
71.74 49
71.76 43
71.78 38
71.8 54
71.82 30
71.84 25
71.86 41
71.88 42
71.9 40
71.92 38
71.94 38
71.96 38
71.98 43
72 27
72.02 20
72.04 34
72.06 31
72.08 31
72.1 28
72.12 31
72.14 22
72.16 28
72.18 30
72.2 20
72.22 29
72.24 27
72.26 30
72.28 31
72.3 39
72.32 21
72.34 29
72.36 25
72.38 26
72.4 22
72.42 31
72.44 27
72.46 21
72.48 21
72.5 32
72.52 42
72.54 22
72.56 23
72.58 24
72.6 19
72.62 20
72.64 20
72.66 26
72.68 17
72.7 26
72.72 28
72.74 25
72.76 18
72.78 19
72.8 19
72.82 22
72.84 12
72.86 19
72.88 21
72.9 17
72.92 23
72.94 31
72.96 25
72.98 24
73 7
73.02 17
73.04 23
73.06 17
73.08 10
73.1 14
73.12 18
73.14 20
73.16 17
73.18 16
73.2 17
73.22 8
73.24 12
73.26 19
73.28 19
73.3 16
73.32 24
73.34 20
73.36 22
73.38 18
73.4 19
73.42 19
73.44 19
73.46 20
73.48 17
73.5 17
73.52 19
73.54 25
73.56 21
73.58 20
73.6 14
73.62 11
73.64 23
73.66 16
73.68 21
73.7 15
73.72 20
73.74 14
73.76 22
73.78 21
73.8 19
73.82 20
73.84 22
73.86 9
73.88 29
73.9 14
73.92 17
73.94 11
73.96 16
73.98 12
74 14
74.02 18
74.04 10
74.06 15
74.08 12
74.1 12
74.12 16
74.14 10
74.16 13
74.18 12
74.2 19
74.22 19
74.24 20
74.26 16
74.28 15
74.3 12
74.32 17
74.34 15
74.36 17
74.38 9
74.4 8
74.42 17
74.44 9
74.46 18
74.48 10
74.5 14
74.52 10
74.54 16
74.56 11
74.58 17
74.6 6
74.62 12
74.64 17
74.66 25
74.68 17
74.7 11
74.72 7
74.74 24
74.76 14
74.78 20
74.8 11
74.82 12
74.84 13
74.86 15
74.88 10
74.9 15
74.92 11
74.94 15
74.96 14
74.98 16
75 19
75.02 17
75.04 16
75.06 18
75.08 18
75.1 18
75.12 13
75.14 15
75.16 11
75.18 7
75.2 17
75.22 18
75.24 22
75.26 12
75.28 16
75.3 15
75.32 15
75.34 14
75.36 16
75.38 22
75.4 16
75.42 15
75.44 11
75.46 16
75.48 14
75.5 14
75.52 16
75.54 9
75.56 18
75.58 18
75.6 12
75.62 16
75.64 18
75.66 16
75.68 9
75.7 14
75.72 16
75.74 6
75.76 11
75.78 17
75.8 17
75.82 13
75.84 16
75.86 16
75.88 11
75.9 13
75.92 18
75.94 12
75.96 24
75.98 12
76 17
76.02 18
76.04 9
76.06 10
76.08 12
76.1 15
76.12 10
76.14 14
76.16 14
76.18 18
76.2 12
76.22 13
76.24 15
76.26 12
76.28 13
76.3 16
76.32 16
76.34 10
76.36 19
76.38 9
76.4 10
76.42 15
76.44 14
76.46 13
76.48 21
76.5 16
76.52 16
76.54 16
76.56 9
76.58 17
76.6 10
76.62 19
76.64 13
76.66 17
76.68 13
76.7 17
76.72 7
76.74 13
76.76 11
76.78 13
76.8 14
76.82 9
76.84 11
76.86 11
76.88 14
76.9 14
76.92 16
76.94 10
76.96 12
76.98 14
77 11
77.02 8
77.04 11
77.06 16
77.08 13
77.1 15
77.12 10
77.14 13
77.16 17
77.18 11
77.2 16
77.22 11
77.24 16
77.26 18
77.28 10
77.3 17
77.32 7
77.34 16
77.36 15
77.38 14
77.4 10
77.42 14
77.44 12
77.46 16
77.48 11
77.5 18
77.52 10
77.54 13
77.56 16
77.58 8
77.6 13
77.62 10
77.64 12
77.66 9
77.68 12
77.7 13
77.72 14
77.74 12
77.76 12
77.78 13
77.8 9
77.82 6
77.84 14
77.86 9
77.88 7
77.9 15
77.92 6
77.94 12
77.96 8
77.98 22
78 14
78.02 7
78.04 17
78.06 19
78.08 14
78.1 13
78.12 7
78.14 8
78.16 10
78.18 4
78.2 13
78.22 14
78.24 13
78.26 17
78.28 12
78.3 15
78.32 11
78.34 14
78.36 13
78.38 10
78.4 14
78.42 16
78.44 9
78.46 12
78.48 12
78.5 11
78.52 11
78.54 10
78.56 12
78.58 13
78.6 11
78.62 4
78.64 11
78.66 11
78.68 13
78.7 9
78.72 9
78.74 12
78.76 11
78.78 4
78.8 14
78.82 13
78.84 8
78.86 9
78.88 8
78.9 11
78.92 13
78.94 13
78.96 13
78.98 18
79 11
79.02 16
79.04 13
79.06 10
79.08 14
79.1 7
79.12 13
79.14 16
79.16 11
79.18 10
79.2 18
79.22 7
79.24 14
79.26 14
79.28 15
79.3 6
79.32 15
79.34 13
79.36 9
79.38 10
79.4 16
79.42 13
79.44 12
79.46 10
79.48 5
79.5 14
79.52 6
79.54 10
79.56 13
79.58 14
79.6 12
79.62 13
79.64 15
79.66 11
79.68 12
79.7 14
79.72 16
79.74 11
79.76 12
79.78 7
79.8 10
79.82 15
79.84 14
79.86 12
79.88 13
79.9 15
79.92 14
79.94 10
79.96 12
79.98 15
80 11
80.02 10
80.04 13
80.06 11
80.08 13
80.1 12
80.12 15
80.14 16
80.16 12
80.18 11
80.2 13
80.22 10
80.24 13
80.26 13
80.28 11
80.3 16
80.32 8
80.34 17
80.36 8
80.38 11
80.4 12
80.42 6
80.44 15
80.46 16
80.48 10
80.5 13
80.52 9
80.54 9
80.56 14
80.58 12
80.6 12
80.62 12
80.64 17
80.66 9
80.68 18
80.7 15
80.72 13
80.74 11
80.76 15
80.78 9
80.8 16
80.82 21
80.84 7
80.86 14
80.88 12
80.9 12
80.92 11
80.94 17
80.96 11
80.98 15
81 9
81.02 11
81.04 9
81.06 11
81.08 11
81.1 11
81.12 17
81.14 11
81.16 8
81.18 11
81.2 16
81.22 8
81.24 10
81.26 7
81.28 12
81.3 10
81.32 20
81.34 12
81.36 13
81.38 7
81.4 7
81.42 9
81.44 11
81.46 9
81.48 19
81.5 5
81.52 11
81.54 10
81.56 11
81.58 4
81.6 10
81.62 10
81.64 11
81.66 13
81.68 10
81.7 16
81.72 8
81.74 10
81.76 12
81.78 7
81.8 16
81.82 10
81.84 9
81.86 12
81.88 18
81.9 7
81.92 13
81.94 10
81.96 11
81.98 14
82 6
82.02 8
82.04 18
82.06 13
82.08 9
82.1 12
82.12 16
82.14 19
82.16 12
82.18 10
82.2 16
82.22 10
82.24 12
82.26 19
82.28 14
82.3 12
82.32 8
82.34 11
82.36 17
82.38 9
82.4 8
82.42 12
82.44 13
82.46 9
82.48 10
82.5 10
82.52 8
82.54 7
82.56 11
82.58 10
82.6 8
82.62 15
82.64 11
82.66 9
82.68 11
82.7 13
82.72 13
82.74 8
82.76 14
82.78 16
82.8 14
82.82 10
82.84 9
82.86 7
82.88 13
82.9 15
82.92 11
82.94 12
82.96 11
82.98 9
83 17
83.02 11
83.04 10
83.06 14
83.08 8
83.1 12
83.12 4
83.14 10
83.16 10
83.18 11
83.2 7
83.22 16
83.24 10
83.26 12
83.28 17
83.3 10
83.32 17
83.34 12
83.36 6
83.38 16
83.4 15
83.42 13
83.44 8
83.46 10
83.48 7
83.5 10
83.52 14
83.54 14
83.56 16
83.58 13
83.6 10
83.62 9
83.64 15
83.66 10
83.68 8
83.7 17
83.72 11
83.74 13
83.76 5
83.78 19
83.8 9
83.82 10
83.84 6
83.86 11
83.88 13
83.9 11
83.92 8
83.94 11
83.96 15
83.98 8
84 13
84.02 8
84.04 10
84.06 10
84.08 12
84.1 6
84.12 7
84.14 15
84.16 7
84.18 7
84.2 6
84.22 10
84.24 14
84.26 10
84.28 14
84.3 10
84.32 8
84.34 7
84.36 9
84.38 16
84.4 13
84.42 9
84.44 9
84.46 7
84.48 10
84.5 8
84.52 5
84.54 10
84.56 9
84.58 11
84.6 8
84.62 11
84.64 7
84.66 4
84.68 12
84.7 16
84.72 8
84.74 7
84.76 15
84.78 15
84.8 15
84.82 5
84.84 10
84.86 11
84.88 9
84.9 11
84.92 9
84.94 12
84.96 12
84.98 9
85 1
85.02 10
85.04 8
85.06 16
85.08 7
85.1 6
85.12 9
85.14 10
85.16 7
85.18 8
85.2 10
85.22 11
85.24 12
85.26 7
85.28 13
85.3 16
85.32 11
85.34 12
85.36 6
85.38 10
85.4 8
85.42 11
85.44 9
85.46 7
85.48 11
85.5 7
85.52 11
85.54 14
85.56 12
85.58 9
85.6 6
85.62 9
85.64 14
85.66 5
85.68 5
85.7 4
85.72 7
85.74 14
85.76 15
85.78 9
85.8 14
85.82 9
85.84 10
85.86 5
85.88 9
85.9 8
85.92 12
85.94 9
85.96 9
85.98 15
86 8
86.02 7
86.04 9
86.06 17
86.08 6
86.1 15
86.12 8
86.14 8
86.16 10
86.18 6
86.2 11
86.22 10
86.24 8
86.26 13
86.28 8
86.3 9
86.32 8
86.34 11
86.36 9
86.38 8
86.4 7
86.42 7
86.44 10
86.46 6
86.48 12
86.5 9
86.52 6
86.54 2
86.56 8
86.58 8
86.6 8
86.62 8
86.64 11
86.66 7
86.68 4
86.7 9
86.72 6
86.74 7
86.76 8
86.78 20
86.8 12
86.82 13
86.84 10
86.86 7
86.88 7
86.9 7
86.92 11
86.94 7
86.96 5
86.98 9
87 7
87.02 9
87.04 14
87.06 9
87.08 5
87.1 8
87.12 14
87.14 7
87.16 9
87.18 12
87.2 7
87.22 9
87.24 9
87.26 8
87.28 6
87.3 8
87.32 9
87.34 3
87.36 4
87.38 8
87.4 12
87.42 11
87.44 6
87.46 8
87.48 11
87.5 6
87.52 8
87.54 7
87.56 8
87.58 11
87.6 10
87.62 12
87.64 9
87.66 6
87.68 5
87.7 9
87.72 10
87.74 11
87.76 4
87.78 7
87.8 9
87.82 15
87.84 10
87.86 9
87.88 11
87.9 11
87.92 11
87.94 7
87.96 9
87.98 10
88 5
88.02 10
88.04 7
88.06 17
88.08 8
88.1 9
88.12 7
88.14 8
88.16 11
88.18 10
88.2 13
88.22 10
88.24 7
88.26 9
88.28 7
88.3 9
88.32 6
88.34 7
88.36 10
88.38 4
88.4 12
88.42 4
88.44 7
88.46 11
88.48 13
88.5 7
88.52 4
88.54 8
88.56 5
88.58 5
88.6 8
88.62 11
88.64 12
88.66 5
88.68 11
88.7 9
88.72 6
88.74 13
88.76 9
88.78 8
88.8 13
88.82 9
88.84 6
88.86 10
88.88 12
88.9 8
88.92 7
88.94 6
88.96 11
88.98 6
89 12
89.02 6
89.04 12
89.06 14
89.08 9
89.1 8
89.12 10
89.14 10
89.16 7
89.18 7
89.2 10
89.22 12
89.24 8
89.26 6
89.28 10
89.3 7
89.32 9
89.34 10
89.36 7
89.38 3
89.4 10
89.42 5
89.44 10
89.46 9
89.48 6
89.5 9
89.52 12
89.54 6
89.56 6
89.58 8
89.6 8
89.62 12
89.64 14
89.66 12
89.68 10
89.7 9
89.72 10
89.74 5
89.76 10
89.78 4
89.8 9
89.82 6
89.84 10
89.86 15
89.88 6
89.9 9
89.92 7
89.94 5
89.96 12
89.98 9
90 8
