Sample SnonSi_å§ñÅÇ»Çµ_SnÇ
Comments medium
Filename C:\WINDMAX\DATA\SHIMANO\XRD20190306\SnonSi_No-Kenma_K2SnO3aq_20190122_mid.raw
Goniometer TTRáV êÖïΩ∫ﬁ∆µ“∞¿(Tsé≤éËìÆ,ADS)
Attachment ïWèÄééóøŒŸ¿ﬁ∞
Monochromater å≈íË”…∏€“∞¿
ScanningMode 2Theta/Theta
ScanningType Continuos Scanning
X-Ray 40kV/300mA
î≠éUΩÿØƒ 2/3Åã
î≠éUècêßå¿ΩÿØƒ 10mm
éUóêΩÿØƒ 2/3Åã
éÛåıΩÿØƒ 0.3mm
±Ø√»∞¿ äJï˙
”…∏€éÛåıΩÿØƒ 0.8mm
Start 10
Stop 90
Step 0.02
10 142
10.02 126
10.04 127
10.06 158
10.08 141
10.1 120
10.12 113
10.14 140
10.16 121
10.18 137
10.2 142
10.22 148
10.24 129
10.26 146
10.28 137
10.3 135
10.32 133
10.34 142
10.36 173
10.38 128
10.4 133
10.42 134
10.44 151
10.46 130
10.48 125
10.5 144
10.52 149
10.54 142
10.56 146
10.58 152
10.6 144
10.62 130
10.64 131
10.66 148
10.68 143
10.7 141
10.72 144
10.74 127
10.76 107
10.78 141
10.8 144
10.82 135
10.84 128
10.86 134
10.88 116
10.9 142
10.92 128
10.94 125
10.96 133
10.98 119
11 136
11.02 128
11.04 131
11.06 113
11.08 123
11.1 132
11.12 122
11.14 138
11.16 128
11.18 133
11.2 123
11.22 127
11.24 120
11.26 123
11.28 121
11.3 118
11.32 104
11.34 134
11.36 132
11.38 138
11.4 118
11.42 129
11.44 134
11.46 126
11.48 134
11.5 102
11.52 136
11.54 132
11.56 111
11.58 131
11.6 141
11.62 121
11.64 109
11.66 120
11.68 160
11.7 134
11.72 130
11.74 140
11.76 119
11.78 124
11.8 128
11.82 132
11.84 125
11.86 130
11.88 155
11.9 128
11.92 109
11.94 138
11.96 114
11.98 128
12 134
12.02 134
12.04 128
12.06 95
12.08 125
12.1 120
12.12 132
12.14 111
12.16 122
12.18 134
12.2 134
12.22 112
12.24 117
12.26 108
12.28 104
12.3 130
12.32 133
12.34 131
12.36 122
12.38 117
12.4 118
12.42 110
12.44 120
12.46 124
12.48 117
12.5 112
12.52 104
12.54 130
12.56 131
12.58 124
12.6 127
12.62 124
12.64 122
12.66 128
12.68 110
12.7 129
12.72 132
12.74 124
12.76 109
12.78 126
12.8 104
12.82 118
12.84 134
12.86 134
12.88 106
12.9 139
12.92 108
12.94 122
12.96 115
12.98 121
13 129
13.02 115
13.04 119
13.06 132
13.08 129
13.1 133
13.12 129
13.14 138
13.16 133
13.18 101
13.2 121
13.22 125
13.24 129
13.26 110
13.28 116
13.3 125
13.32 124
13.34 115
13.36 120
13.38 113
13.4 123
13.42 143
13.44 144
13.46 125
13.48 131
13.5 122
13.52 129
13.54 134
13.56 142
13.58 94
13.6 133
13.62 121
13.64 131
13.66 132
13.68 135
13.7 120
13.72 125
13.74 120
13.76 129
13.78 126
13.8 115
13.82 128
13.84 119
13.86 124
13.88 125
13.9 131
13.92 118
13.94 121
13.96 135
13.98 140
14 125
14.02 117
14.04 108
14.06 117
14.08 136
14.1 135
14.12 141
14.14 130
14.16 148
14.18 140
14.2 122
14.22 122
14.24 117
14.26 134
14.28 140
14.3 133
14.32 127
14.34 132
14.36 103
14.38 123
14.4 141
14.42 132
14.44 127
14.46 132
14.48 149
14.5 143
14.52 149
14.54 121
14.56 131
14.58 119
14.6 126
14.62 119
14.64 139
14.66 146
14.68 142
14.7 142
14.72 121
14.74 139
14.76 130
14.78 142
14.8 126
14.82 143
14.84 166
14.86 129
14.88 132
14.9 138
14.92 130
14.94 140
14.96 110
14.98 135
15 134
15.02 124
15.04 154
15.06 118
15.08 122
15.1 125
15.12 132
15.14 118
15.16 128
15.18 137
15.2 115
15.22 134
15.24 126
15.26 146
15.28 138
15.3 143
15.32 153
15.34 114
15.36 132
15.38 154
15.4 147
15.42 138
15.44 132
15.46 145
15.48 138
15.5 146
15.52 132
15.54 137
15.56 135
15.58 163
15.6 141
15.62 126
15.64 144
15.66 122
15.68 142
15.7 124
15.72 131
15.74 135
15.76 124
15.78 140
15.8 140
15.82 132
15.84 145
15.86 130
15.88 146
15.9 134
15.92 169
15.94 141
15.96 140
15.98 137
16 115
16.02 125
16.04 122
16.06 138
16.08 120
16.1 127
16.12 143
16.14 127
16.16 134
16.18 158
16.2 114
16.22 152
16.24 132
16.26 141
16.28 127
16.3 146
16.32 126
16.34 143
16.36 139
16.38 135
16.4 118
16.42 160
16.44 127
16.46 133
16.48 132
16.5 129
16.52 143
16.54 147
16.56 136
16.58 140
16.6 123
16.62 137
16.64 148
16.66 163
16.68 133
16.7 134
16.72 134
16.74 135
16.76 116
16.78 132
16.8 137
16.82 141
16.84 145
16.86 126
16.88 105
16.9 150
16.92 143
16.94 145
16.96 142
16.98 136
17 135
17.02 164
17.04 119
17.06 128
17.08 130
17.1 133
17.12 145
17.14 142
17.16 134
17.18 127
17.2 138
17.22 140
17.24 151
17.26 139
17.28 122
17.3 120
17.32 135
17.34 140
17.36 130
17.38 139
17.4 119
17.42 137
17.44 129
17.46 137
17.48 146
17.5 125
17.52 126
17.54 142
17.56 149
17.58 139
17.6 99
17.62 125
17.64 126
17.66 128
17.68 136
17.7 147
17.72 140
17.74 145
17.76 145
17.78 142
17.8 125
17.82 140
17.84 150
17.86 145
17.88 124
17.9 155
17.92 136
17.94 141
17.96 143
17.98 166
18 146
18.02 148
18.04 126
18.06 125
18.08 139
18.1 156
18.12 131
18.14 136
18.16 167
18.18 156
18.2 156
18.22 128
18.24 120
18.26 134
18.28 136
18.3 146
18.32 129
18.34 156
18.36 133
18.38 137
18.4 154
18.42 152
18.44 145
18.46 132
18.48 164
18.5 135
18.52 137
18.54 133
18.56 150
18.58 152
18.6 159
18.62 132
18.64 150
18.66 163
18.68 138
18.7 141
18.72 146
18.74 133
18.76 144
18.78 145
18.8 146
18.82 142
18.84 161
18.86 138
18.88 129
18.9 162
18.92 164
18.94 165
18.96 147
18.98 151
19 122
19.02 133
19.04 141
19.06 167
19.08 153
19.1 166
19.12 136
19.14 145
19.16 148
19.18 147
19.2 142
19.22 141
19.24 148
19.26 182
19.28 143
19.3 138
19.32 145
19.34 146
19.36 162
19.38 143
19.4 152
19.42 150
19.44 159
19.46 139
19.48 157
19.5 147
19.52 154
19.54 160
19.56 163
19.58 163
19.6 137
19.62 165
19.64 154
19.66 160
19.68 179
19.7 159
19.72 137
19.74 173
19.76 160
19.78 188
19.8 157
19.82 154
19.84 175
19.86 151
19.88 153
19.9 178
19.92 161
19.94 156
19.96 183
19.98 137
20 128
20.02 176
20.04 139
20.06 152
20.08 147
20.1 156
20.12 154
20.14 167
20.16 154
20.18 176
20.2 187
20.22 156
20.24 158
20.26 158
20.28 146
20.3 165
20.32 178
20.34 175
20.36 160
20.38 158
20.4 146
20.42 169
20.44 164
20.46 177
20.48 173
20.5 160
20.52 158
20.54 150
20.56 164
20.58 182
20.6 178
20.62 149
20.64 167
20.66 155
20.68 168
20.7 180
20.72 174
20.74 174
20.76 168
20.78 168
20.8 173
20.82 182
20.84 199
20.86 170
20.88 160
20.9 173
20.92 163
20.94 178
20.96 167
20.98 176
21 187
21.02 174
21.04 172
21.06 202
21.08 160
21.1 166
21.12 186
21.14 176
21.16 165
21.18 177
21.2 206
21.22 182
21.24 183
21.26 169
21.28 180
21.3 183
21.32 200
21.34 164
21.36 231
21.38 219
21.4 199
21.42 185
21.44 191
21.46 183
21.48 180
21.5 196
21.52 187
21.54 216
21.56 189
21.58 189
21.6 170
21.62 190
21.64 186
21.66 178
21.68 203
21.7 216
21.72 222
21.74 221
21.76 201
21.78 219
21.8 209
21.82 210
21.84 199
21.86 211
21.88 179
21.9 213
21.92 216
21.94 205
21.96 209
21.98 237
22 226
22.02 195
22.04 205
22.06 213
22.08 212
22.1 220
22.12 214
22.14 224
22.16 220
22.18 208
22.2 256
22.22 231
22.24 221
22.26 205
22.28 201
22.3 191
22.32 233
22.34 201
22.36 233
22.38 246
22.4 244
22.42 227
22.44 218
22.46 231
22.48 234
22.5 227
22.52 180
22.54 220
22.56 227
22.58 228
22.6 220
22.62 221
22.64 217
22.66 228
22.68 216
22.7 222
22.72 205
22.74 233
22.76 201
22.78 208
22.8 229
22.82 204
22.84 193
22.86 229
22.88 226
22.9 212
22.92 209
22.94 204
22.96 205
22.98 224
23 189
23.02 197
23.04 197
23.06 198
23.08 215
23.1 171
23.12 184
23.14 212
23.16 204
23.18 206
23.2 184
23.22 223
23.24 182
23.26 208
23.28 169
23.3 196
23.32 183
23.34 197
23.36 195
23.38 201
23.4 180
23.42 199
23.44 187
23.46 187
23.48 192
23.5 206
23.52 200
23.54 186
23.56 190
23.58 192
23.6 201
23.62 175
23.64 199
23.66 194
23.68 166
23.7 188
23.72 193
23.74 196
23.76 205
23.78 157
23.8 190
23.82 183
23.84 179
23.86 207
23.88 175
23.9 190
23.92 177
23.94 176
23.96 188
23.98 186
24 197
24.02 183
24.04 172
24.06 178
24.08 167
24.1 166
24.12 201
24.14 175
24.16 165
24.18 184
24.2 190
24.22 160
24.24 188
24.26 154
24.28 173
24.3 187
24.32 174
24.34 170
24.36 174
24.38 166
24.4 166
24.42 200
24.44 171
24.46 186
24.48 189
24.5 180
24.52 176
24.54 186
24.56 199
24.58 171
24.6 192
24.62 201
24.64 159
24.66 181
24.68 157
24.7 196
24.72 183
24.74 189
24.76 173
24.78 167
24.8 159
24.82 188
24.84 167
24.86 201
24.88 206
24.9 179
24.92 169
24.94 169
24.96 162
24.98 169
25 157
25.02 194
25.04 171
25.06 173
25.08 166
25.1 183
25.12 188
25.14 212
25.16 162
25.18 166
25.2 174
25.22 183
25.24 183
25.26 186
25.28 161
25.3 177
25.32 149
25.34 159
25.36 183
25.38 170
25.4 177
25.42 162
25.44 175
25.46 184
25.48 161
25.5 180
25.52 173
25.54 152
25.56 156
25.58 164
25.6 171
25.62 170
25.64 180
25.66 163
25.68 151
25.7 172
25.72 166
25.74 154
25.76 178
25.78 192
25.8 167
25.82 168
25.84 168
25.86 165
25.88 176
25.9 166
25.92 168
25.94 161
25.96 177
25.98 193
26 154
26.02 159
26.04 182
26.06 183
26.08 172
26.1 187
26.12 157
26.14 182
26.16 178
26.18 149
26.2 174
26.22 163
26.24 164
26.26 161
26.28 176
26.3 171
26.32 182
26.34 166
26.36 185
26.38 173
26.4 171
26.42 178
26.44 174
26.46 155
26.48 167
26.5 159
26.52 181
26.54 180
26.56 167
26.58 195
26.6 192
26.62 171
26.64 179
26.66 168
26.68 192
26.7 177
26.72 165
26.74 173
26.76 193
26.78 186
26.8 184
26.82 178
26.84 180
26.86 192
26.88 176
26.9 167
26.92 148
26.94 149
26.96 143
26.98 173
27 203
27.02 189
27.04 177
27.06 164
27.08 172
27.1 151
27.12 188
27.14 154
27.16 158
27.18 161
27.2 172
27.22 172
27.24 158
27.26 170
27.28 168
27.3 160
27.32 177
27.34 169
27.36 166
27.38 170
27.4 196
27.42 179
27.44 180
27.46 194
27.48 163
27.5 165
27.52 193
27.54 190
27.56 195
27.58 198
27.6 183
27.62 173
27.64 179
27.66 168
27.68 163
27.7 183
27.72 188
27.74 176
27.76 166
27.78 162
27.8 190
27.82 168
27.84 184
27.86 167
27.88 174
27.9 169
27.92 179
27.94 168
27.96 185
27.98 195
28 185
28.02 191
28.04 173
28.06 199
28.08 175
28.1 174
28.12 171
28.14 176
28.16 167
28.18 183
28.2 184
28.22 163
28.24 180
28.26 168
28.28 183
28.3 178
28.32 137
28.34 210
28.36 174
28.38 152
28.4 172
28.42 190
28.44 161
28.46 155
28.48 160
28.5 173
28.52 178
28.54 157
28.56 186
28.58 180
28.6 174
28.62 161
28.64 183
28.66 165
28.68 152
28.7 171
28.72 162
28.74 162
28.76 163
28.78 152
28.8 148
28.82 173
28.84 170
28.86 164
28.88 164
28.9 167
28.92 180
28.94 178
28.96 163
28.98 176
29 164
29.02 148
29.04 166
29.06 186
29.08 178
29.1 191
29.12 194
29.14 150
29.16 180
29.18 172
29.2 178
29.22 185
29.24 176
29.26 157
29.28 150
29.3 188
29.32 184
29.34 177
29.36 165
29.38 203
29.4 167
29.42 164
29.44 158
29.46 176
29.48 189
29.5 161
29.52 177
29.54 181
29.56 178
29.58 190
29.6 164
29.62 161
29.64 161
29.66 182
29.68 151
29.7 177
29.72 172
29.74 152
29.76 165
29.78 171
29.8 179
29.82 181
29.84 159
29.86 176
29.88 183
29.9 171
29.92 159
29.94 172
29.96 158
29.98 161
30 159
30.02 162
30.04 176
30.06 162
30.08 188
30.1 173
30.12 159
30.14 157
30.16 155
30.18 191
30.2 192
30.22 169
30.24 168
30.26 158
30.28 159
30.3 175
30.32 188
30.34 150
30.36 169
30.38 177
30.4 194
30.42 145
30.44 151
30.46 164
30.48 167
30.5 173
30.52 192
30.54 185
30.56 153
30.58 162
30.6 174
30.62 168
30.64 179
30.66 183
30.68 177
30.7 172
30.72 168
30.74 180
30.76 160
30.78 184
30.8 183
30.82 178
30.84 155
30.86 161
30.88 168
30.9 162
30.92 158
30.94 172
30.96 194
30.98 170
31 178
31.02 169
31.04 183
31.06 160
31.08 161
31.1 166
31.12 172
31.14 179
31.16 145
31.18 159
31.2 177
31.22 175
31.24 144
31.26 177
31.28 164
31.3 164
31.32 171
31.34 161
31.36 165
31.38 167
31.4 161
31.42 165
31.44 183
31.46 156
31.48 177
31.5 186
31.52 167
31.54 169
31.56 170
31.58 144
31.6 170
31.62 168
31.64 167
31.66 151
31.68 171
31.7 161
31.72 180
31.74 160
31.76 148
31.78 153
31.8 170
31.82 164
31.84 162
31.86 173
31.88 169
31.9 154
31.92 160
31.94 168
31.96 172
31.98 158
32 158
32.02 137
32.04 167
32.06 177
32.08 166
32.1 158
32.12 168
32.14 156
32.16 175
32.18 145
32.2 142
32.22 160
32.24 172
32.26 173
32.28 173
32.3 153
32.32 159
32.34 170
32.36 166
32.38 163
32.4 154
32.42 161
32.44 161
32.46 191
32.48 138
32.5 173
32.52 151
32.54 160
32.56 154
32.58 171
32.6 159
32.62 163
32.64 188
32.66 170
32.68 153
32.7 163
32.72 141
32.74 188
32.76 157
32.78 168
32.8 141
32.82 143
32.84 185
32.86 169
32.88 164
32.9 171
32.92 168
32.94 159
32.96 165
32.98 146
33 168
33.02 158
33.04 158
33.06 155
33.08 163
33.1 170
33.12 149
33.14 145
33.16 151
33.18 154
33.2 154
33.22 138
33.24 150
33.26 159
33.28 143
33.3 176
33.32 144
33.34 154
33.36 135
33.38 157
33.4 152
33.42 169
33.44 145
33.46 152
33.48 152
33.5 182
33.52 156
33.54 175
33.56 161
33.58 166
33.6 156
33.62 158
33.64 151
33.66 155
33.68 144
33.7 144
33.72 134
33.74 151
33.76 151
33.78 137
33.8 157
33.82 176
33.84 154
33.86 148
33.88 152
33.9 160
33.92 165
33.94 146
33.96 135
33.98 152
34 138
34.02 154
34.04 170
34.06 162
34.08 154
34.1 144
34.12 142
34.14 149
34.16 155
34.18 145
34.2 140
34.22 153
34.24 137
34.26 161
34.28 142
34.3 157
34.32 143
34.34 148
34.36 162
34.38 130
34.4 184
34.42 127
34.44 118
34.46 142
34.48 147
34.5 125
34.52 143
34.54 142
34.56 148
34.58 144
34.6 167
34.62 147
34.64 147
34.66 131
34.68 138
34.7 109
34.72 151
34.74 152
34.76 161
34.78 163
34.8 152
34.82 134
34.84 133
34.86 122
34.88 129
34.9 141
34.92 100
34.94 147
34.96 130
34.98 162
35 150
35.02 128
35.04 148
35.06 111
35.08 156
35.1 139
35.12 132
35.14 128
35.16 147
35.18 147
35.2 131
35.22 125
35.24 147
35.26 121
35.28 145
35.3 157
35.32 140
35.34 124
35.36 147
35.38 144
35.4 131
35.42 128
35.44 126
35.46 134
35.48 117
35.5 137
35.52 138
35.54 137
35.56 126
35.58 130
35.6 136
35.62 143
35.64 134
35.66 144
35.68 124
35.7 126
35.72 128
35.74 121
35.76 131
35.78 118
35.8 123
35.82 125
35.84 130
35.86 140
35.88 109
35.9 116
35.92 143
35.94 122
35.96 108
35.98 118
36 121
36.02 135
36.04 102
36.06 130
36.08 114
36.1 136
36.12 122
36.14 126
36.16 124
36.18 88
36.2 118
36.22 137
36.24 111
36.26 131
36.28 108
36.3 121
36.32 117
36.34 137
36.36 148
36.38 126
36.4 107
36.42 119
36.44 120
36.46 119
36.48 154
36.5 114
36.52 117
36.54 110
36.56 98
36.58 135
36.6 119
36.62 114
36.64 139
36.66 126
36.68 96
36.7 126
36.72 141
36.74 134
36.76 114
36.78 124
36.8 100
36.82 118
36.84 131
36.86 132
36.88 96
36.9 103
36.92 116
36.94 125
36.96 101
36.98 106
37 141
37.02 123
37.04 97
37.06 96
37.08 113
37.1 115
37.12 106
37.14 107
37.16 93
37.18 123
37.2 110
37.22 119
37.24 121
37.26 88
37.28 135
37.3 111
37.32 113
37.34 113
37.36 117
37.38 100
37.4 111
37.42 96
37.44 128
37.46 107
37.48 120
37.5 123
37.52 111
37.54 106
37.56 98
37.58 111
37.6 121
37.62 117
37.64 124
37.66 101
37.68 97
37.7 117
37.72 115
37.74 115
37.76 103
37.78 103
37.8 98
37.82 109
37.84 113
37.86 105
37.88 110
37.9 107
37.92 119
37.94 109
37.96 111
37.98 97
38 100
38.02 83
38.04 99
38.06 90
38.08 98
38.1 94
38.12 96
38.14 117
38.16 98
38.18 103
38.2 96
38.22 96
38.24 94
38.26 99
38.28 104
38.3 116
38.32 119
38.34 105
38.36 92
38.38 115
38.4 103
38.42 100
38.44 105
38.46 123
38.48 100
38.5 93
38.52 114
38.54 109
38.56 86
38.58 107
38.6 93
38.62 101
38.64 84
38.66 109
38.68 106
38.7 109
38.72 87
38.74 91
38.76 100
38.78 117
38.8 103
38.82 108
38.84 102
38.86 102
38.88 93
38.9 105
38.92 91
38.94 92
38.96 92
38.98 120
39 133
39.02 102
39.04 90
39.06 85
39.08 100
39.1 102
39.12 103
39.14 94
39.16 107
39.18 106
39.2 100
39.22 105
39.24 112
39.26 112
39.28 99
39.3 96
39.32 110
39.34 107
39.36 94
39.38 104
39.4 98
39.42 102
39.44 111
39.46 104
39.48 79
39.5 105
39.52 97
39.54 87
39.56 93
39.58 100
39.6 109
39.62 102
39.64 107
39.66 106
39.68 97
39.7 86
39.72 86
39.74 82
39.76 96
39.78 92
39.8 99
39.82 116
39.84 103
39.86 114
39.88 110
39.9 95
39.92 93
39.94 102
39.96 114
39.98 89
40 101
40.02 97
40.04 120
40.06 98
40.08 109
40.1 92
40.12 95
40.14 118
40.16 94
40.18 90
40.2 94
40.22 106
40.24 102
40.26 86
40.28 105
40.3 95
40.32 109
40.34 83
40.36 98
40.38 102
40.4 96
40.42 120
40.44 117
40.46 79
40.48 102
40.5 99
40.52 104
40.54 123
40.56 94
40.58 103
40.6 107
40.62 85
40.64 93
40.66 89
40.68 110
40.7 104
40.72 89
40.74 97
40.76 95
40.78 101
40.8 91
40.82 90
40.84 92
40.86 105
40.88 101
40.9 103
40.92 108
40.94 82
40.96 97
40.98 101
41 116
41.02 101
41.04 105
41.06 114
41.08 101
41.1 100
41.12 107
41.14 98
41.16 97
41.18 70
41.2 79
41.22 90
41.24 93
41.26 109
41.28 102
41.3 89
41.32 98
41.34 96
41.36 99
41.38 104
41.4 94
41.42 103
41.44 104
41.46 108
41.48 94
41.5 86
41.52 99
41.54 93
41.56 107
41.58 97
41.6 95
41.62 89
41.64 112
41.66 104
41.68 99
41.7 108
41.72 92
41.74 103
41.76 103
41.78 95
41.8 107
41.82 88
41.84 113
41.86 107
41.88 96
41.9 103
41.92 94
41.94 95
41.96 76
41.98 93
42 100
42.02 78
42.04 94
42.06 93
42.08 91
42.1 102
42.12 83
42.14 101
42.16 82
42.18 86
42.2 100
42.22 89
42.24 107
42.26 91
42.28 100
42.3 102
42.32 100
42.34 100
42.36 92
42.38 91
42.4 103
42.42 80
42.44 105
42.46 76
42.48 87
42.5 83
42.52 103
42.54 95
42.56 102
42.58 97
42.6 103
42.62 96
42.64 102
42.66 88
42.68 91
42.7 78
42.72 114
42.74 95
42.76 104
42.78 100
42.8 92
42.82 87
42.84 100
42.86 104
42.88 79
42.9 101
42.92 94
42.94 95
42.96 95
42.98 96
43 83
43.02 101
43.04 99
43.06 91
43.08 110
43.1 101
43.12 86
43.14 111
43.16 100
43.18 74
43.2 98
43.22 96
43.24 95
43.26 100
43.28 114
43.3 88
43.32 104
43.34 108
43.36 99
43.38 88
43.4 96
43.42 83
43.44 110
43.46 103
43.48 107
43.5 102
43.52 89
43.54 96
43.56 73
43.58 102
43.6 84
43.62 86
43.64 94
43.66 97
43.68 111
43.7 106
43.72 102
43.74 102
43.76 84
43.78 81
43.8 95
43.82 88
43.84 101
43.86 84
43.88 102
43.9 95
43.92 100
43.94 92
43.96 95
43.98 83
44 91
44.02 89
44.04 91
44.06 81
44.08 99
44.1 103
44.12 98
44.14 87
44.16 85
44.18 108
44.2 96
44.22 99
44.24 89
44.26 90
44.28 85
44.3 84
44.32 77
44.34 76
44.36 90
44.38 100
44.4 114
44.42 76
44.44 90
44.46 104
44.48 93
44.5 81
44.52 97
44.54 84
44.56 98
44.58 72
44.6 85
44.62 97
44.64 99
44.66 87
44.68 75
44.7 87
44.72 100
44.74 86
44.76 90
44.78 100
44.8 104
44.82 98
44.84 105
44.86 102
44.88 87
44.9 97
44.92 101
44.94 88
44.96 89
44.98 103
45 95
45.02 73
45.04 93
45.06 64
45.08 95
45.1 71
45.12 100
45.14 96
45.16 89
45.18 83
45.2 104
45.22 92
45.24 76
45.26 86
45.28 102
45.3 98
45.32 103
45.34 87
45.36 95
45.38 99
45.4 85
45.42 104
45.44 99
45.46 84
45.48 78
45.5 76
45.52 78
45.54 76
45.56 93
45.58 94
45.6 95
45.62 88
45.64 77
45.66 80
45.68 106
45.7 95
45.72 82
45.74 85
45.76 85
45.78 86
45.8 103
45.82 99
45.84 82
45.86 101
45.88 83
45.9 104
45.92 91
45.94 90
45.96 92
45.98 88
46 94
46.02 88
46.04 91
46.06 84
46.08 94
46.1 81
46.12 81
46.14 77
46.16 87
46.18 98
46.2 72
46.22 85
46.24 73
46.26 83
46.28 82
46.3 69
46.32 105
46.34 84
46.36 88
46.38 76
46.4 76
46.42 90
46.44 86
46.46 85
46.48 82
46.5 83
46.52 85
46.54 81
46.56 89
46.58 85
46.6 95
46.62 94
46.64 72
46.66 77
46.68 83
46.7 80
46.72 81
46.74 80
46.76 99
46.78 96
46.8 98
46.82 85
46.84 87
46.86 96
46.88 87
46.9 85
46.92 97
46.94 87
46.96 87
46.98 75
47 83
47.02 83
47.04 81
47.06 87
47.08 90
47.1 90
47.12 80
47.14 76
47.16 101
47.18 94
47.2 84
47.22 80
47.24 77
47.26 83
47.28 70
47.3 95
47.32 91
47.34 89
47.36 85
47.38 90
47.4 101
47.42 102
47.44 86
47.46 85
47.48 107
47.5 97
47.52 94
47.54 91
47.56 99
47.58 101
47.6 88
47.62 97
47.64 90
47.66 93
47.68 91
47.7 90
47.72 76
47.74 84
47.76 84
47.78 107
47.8 80
47.82 77
47.84 79
47.86 69
47.88 84
47.9 72
47.92 68
47.94 91
47.96 78
47.98 67
48 85
48.02 86
48.04 70
48.06 101
48.08 94
48.1 71
48.12 96
48.14 76
48.16 85
48.18 84
48.2 69
48.22 74
48.24 87
48.26 62
48.28 95
48.3 85
48.32 79
48.34 77
48.36 80
48.38 83
48.4 81
48.42 86
48.44 87
48.46 86
48.48 85
48.5 78
48.52 80
48.54 86
48.56 77
48.58 85
48.6 86
48.62 83
48.64 91
48.66 94
48.68 86
48.7 92
48.72 91
48.74 81
48.76 79
48.78 74
48.8 81
48.82 75
48.84 79
48.86 75
48.88 77
48.9 84
48.92 82
48.94 81
48.96 81
48.98 94
49 74
49.02 80
49.04 89
49.06 86
49.08 84
49.1 76
49.12 69
49.14 98
49.16 80
49.18 88
49.2 70
49.22 90
49.24 76
49.26 77
49.28 74
49.3 81
49.32 84
49.34 72
49.36 80
49.38 68
49.4 88
49.42 72
49.44 87
49.46 74
49.48 83
49.5 99
49.52 66
49.54 73
49.56 85
49.58 71
49.6 72
49.62 92
49.64 72
49.66 69
49.68 72
49.7 73
49.72 77
49.74 88
49.76 91
49.78 69
49.8 83
49.82 96
49.84 56
49.86 78
49.88 76
49.9 84
49.92 73
49.94 74
49.96 60
49.98 77
50 84
50.02 90
50.04 69
50.06 76
50.08 76
50.1 77
50.12 91
50.14 78
50.16 75
50.18 75
50.2 81
50.22 74
50.24 67
50.26 85
50.28 74
50.3 78
50.32 81
50.34 76
50.36 72
50.38 54
50.4 79
50.42 87
50.44 73
50.46 80
50.48 86
50.5 101
50.52 77
50.54 86
50.56 85
50.58 72
50.6 78
50.62 73
50.64 64
50.66 79
50.68 71
50.7 73
50.72 56
50.74 81
50.76 58
50.78 85
50.8 82
50.82 59
50.84 66
50.86 89
50.88 70
50.9 75
50.92 68
50.94 69
50.96 68
50.98 65
51 74
51.02 74
51.04 77
51.06 78
51.08 56
51.1 72
51.12 80
51.14 81
51.16 85
51.18 85
51.2 78
51.22 61
51.24 76
51.26 78
51.28 52
51.3 74
51.32 72
51.34 77
51.36 79
51.38 90
51.4 59
51.42 70
51.44 88
51.46 79
51.48 90
51.5 87
51.52 56
51.54 83
51.56 73
51.58 86
51.6 78
51.62 88
51.64 73
51.66 75
51.68 63
51.7 88
51.72 70
51.74 77
51.76 71
51.78 58
51.8 69
51.82 67
51.84 84
51.86 79
51.88 73
51.9 81
51.92 63
51.94 87
51.96 60
51.98 82
52 68
52.02 60
52.04 82
52.06 64
52.08 87
52.1 67
52.12 87
52.14 64
52.16 70
52.18 73
52.2 76
52.22 73
52.24 81
52.26 75
52.28 83
52.3 73
52.32 68
52.34 77
52.36 73
52.38 67
52.4 73
52.42 64
52.44 78
52.46 54
52.48 85
52.5 74
52.52 62
52.54 66
52.56 73
52.58 62
52.6 83
52.62 75
52.64 72
52.66 74
52.68 71
52.7 79
52.72 95
52.74 83
52.76 79
52.78 73
52.8 93
52.82 87
52.84 75
52.86 80
52.88 61
52.9 80
52.92 88
52.94 77
52.96 89
52.98 72
53 89
53.02 52
53.04 84
53.06 73
53.08 83
53.1 83
53.12 80
53.14 54
53.16 67
53.18 71
53.2 68
53.22 70
53.24 81
53.26 69
53.28 72
53.3 88
53.32 74
53.34 73
53.36 81
53.38 66
53.4 59
53.42 67
53.44 81
53.46 78
53.48 81
53.5 72
53.52 72
53.54 71
53.56 69
53.58 78
53.6 66
53.62 89
53.64 73
53.66 76
53.68 68
53.7 69
53.72 68
53.74 70
53.76 76
53.78 68
53.8 66
53.82 71
53.84 86
53.86 83
53.88 69
53.9 70
53.92 64
53.94 73
53.96 74
53.98 78
54 71
54.02 67
54.04 66
54.06 63
54.08 76
54.1 76
54.12 72
54.14 79
54.16 68
54.18 82
54.2 62
54.22 74
54.24 86
54.26 68
54.28 75
54.3 66
54.32 76
54.34 74
54.36 65
54.38 71
54.4 87
54.42 72
54.44 65
54.46 75
54.48 95
54.5 63
54.52 74
54.54 65
54.56 66
54.58 77
54.6 71
54.62 71
54.64 74
54.66 72
54.68 80
54.7 80
54.72 77
54.74 64
54.76 62
54.78 71
54.8 77
54.82 75
54.84 78
54.86 89
54.88 67
54.9 84
54.92 71
54.94 85
54.96 56
54.98 66
55 76
55.02 64
55.04 92
55.06 73
55.08 83
55.1 70
55.12 72
55.14 79
55.16 78
55.18 61
55.2 88
55.22 85
55.24 67
55.26 104
55.28 72
55.3 84
55.32 73
55.34 85
55.36 65
55.38 74
55.4 76
55.42 77
55.44 72
55.46 75
55.48 72
55.5 61
55.52 83
55.54 68
55.56 66
55.58 78
55.6 71
55.62 73
55.64 61
55.66 73
55.68 74
55.7 80
55.72 78
55.74 74
55.76 79
55.78 63
55.8 59
55.82 62
55.84 62
55.86 70
55.88 82
55.9 90
55.92 82
55.94 79
55.96 72
55.98 71
56 62
56.02 95
56.04 71
56.06 63
56.08 71
56.1 71
56.12 88
56.14 72
56.16 77
56.18 78
56.2 77
56.22 58
56.24 70
56.26 75
56.28 55
56.3 64
56.32 68
56.34 68
56.36 81
56.38 81
56.4 74
56.42 72
56.44 84
56.46 78
56.48 73
56.5 90
56.52 75
56.54 75
56.56 68
56.58 72
56.6 57
56.62 75
56.64 74
56.66 65
56.68 73
56.7 68
56.72 65
56.74 63
56.76 76
56.78 68
56.8 72
56.82 77
56.84 68
56.86 97
56.88 85
56.9 66
56.92 67
56.94 59
56.96 79
56.98 87
57 75
57.02 68
57.04 87
57.06 68
57.08 68
57.1 78
57.12 89
57.14 74
57.16 69
57.18 74
57.2 87
57.22 67
57.24 73
57.26 78
57.28 58
57.3 70
57.32 85
57.34 67
57.36 76
57.38 66
57.4 65
57.42 80
57.44 74
57.46 82
57.48 71
57.5 87
57.52 72
57.54 79
57.56 75
57.58 65
57.6 78
57.62 67
57.64 75
57.66 64
57.68 69
57.7 58
57.72 79
57.74 75
57.76 67
57.78 74
57.8 70
57.82 68
57.84 80
57.86 87
57.88 76
57.9 88
57.92 73
57.94 69
57.96 71
57.98 62
58 67
58.02 68
58.04 64
58.06 61
58.08 72
58.1 66
58.12 80
58.14 69
58.16 77
58.18 83
58.2 75
58.22 91
58.24 57
58.26 59
58.28 81
58.3 74
58.32 77
58.34 81
58.36 62
58.38 68
58.4 63
58.42 74
58.44 65
58.46 80
58.48 63
58.5 87
58.52 72
58.54 75
58.56 64
58.58 67
58.6 80
58.62 76
58.64 75
58.66 78
58.68 75
58.7 73
58.72 75
58.74 96
58.76 70
58.78 85
58.8 80
58.82 48
58.84 77
58.86 63
58.88 75
58.9 83
58.92 70
58.94 74
58.96 72
58.98 76
59 86
59.02 68
59.04 69
59.06 80
59.08 82
59.1 70
59.12 78
59.14 79
59.16 77
59.18 84
59.2 78
59.22 62
59.24 63
59.26 82
59.28 87
59.3 80
59.32 79
59.34 79
59.36 75
59.38 65
59.4 74
59.42 66
59.44 72
59.46 61
59.48 65
59.5 62
59.52 82
59.54 64
59.56 67
59.58 67
59.6 60
59.62 86
59.64 70
59.66 70
59.68 75
59.7 79
59.72 80
59.74 68
59.76 71
59.78 69
59.8 65
59.82 68
59.84 59
59.86 84
59.88 76
59.9 58
59.92 83
59.94 61
59.96 63
59.98 81
60 69
60.02 61
60.04 74
60.06 70
60.08 87
60.1 86
60.12 57
60.14 73
60.16 63
60.18 81
60.2 70
60.22 87
60.24 71
60.26 76
60.28 61
60.3 69
60.32 69
60.34 66
60.36 73
60.38 85
60.4 71
60.42 74
60.44 88
60.46 62
60.48 78
60.5 65
60.52 57
60.54 77
60.56 75
60.58 79
60.6 64
60.62 72
60.64 74
60.66 75
60.68 77
60.7 54
60.72 85
60.74 74
60.76 61
60.78 68
60.8 76
60.82 67
60.84 76
60.86 69
60.88 68
60.9 60
60.92 72
60.94 49
60.96 77
60.98 91
61 76
61.02 76
61.04 68
61.06 69
61.08 70
61.1 72
61.12 75
61.14 62
61.16 68
61.18 70
61.2 74
61.22 57
61.24 75
61.26 67
61.28 75
61.3 90
61.32 77
61.34 62
61.36 77
61.38 92
61.4 67
61.42 67
61.44 63
61.46 78
61.48 69
61.5 78
61.52 69
61.54 91
61.56 77
61.58 88
61.6 78
61.62 116
61.64 80
61.66 102
61.68 89
61.7 79
61.72 82
61.74 73
61.76 77
61.78 68
61.8 90
61.82 80
61.84 74
61.86 72
61.88 65
61.9 48
61.92 86
61.94 72
61.96 79
61.98 69
62 60
62.02 65
62.04 63
62.06 92
62.08 75
62.1 75
62.12 50
62.14 81
62.16 72
62.18 78
62.2 72
62.22 71
62.24 68
62.26 57
62.28 52
62.3 73
62.32 74
62.34 63
62.36 85
62.38 63
62.4 74
62.42 59
62.44 91
62.46 90
62.48 72
62.5 88
62.52 81
62.54 73
62.56 67
62.58 64
62.6 90
62.62 76
62.64 82
62.66 72
62.68 69
62.7 87
62.72 66
62.74 71
62.76 80
62.78 81
62.8 74
62.82 78
62.84 89
62.86 66
62.88 80
62.9 67
62.92 80
62.94 86
62.96 61
62.98 91
63 67
63.02 77
63.04 72
63.06 75
63.08 72
63.1 70
63.12 87
63.14 74
63.16 68
63.18 91
63.2 81
63.22 74
63.24 101
63.26 74
63.28 70
63.3 61
63.32 68
63.34 76
63.36 65
63.38 72
63.4 66
63.42 70
63.44 75
63.46 66
63.48 77
63.5 77
63.52 75
63.54 71
63.56 84
63.58 79
63.6 78
63.62 76
63.64 82
63.66 67
63.68 84
63.7 77
63.72 82
63.74 60
63.76 85
63.78 64
63.8 69
63.82 68
63.84 92
63.86 79
63.88 68
63.9 71
63.92 79
63.94 86
63.96 74
63.98 72
64 78
64.02 100
64.04 75
64.06 85
64.08 81
64.1 49
64.12 79
64.14 68
64.16 83
64.18 75
64.2 88
64.22 74
64.24 86
64.26 76
64.28 66
64.3 90
64.32 80
64.34 76
64.36 85
64.38 73
64.4 83
64.42 67
64.44 76
64.46 63
64.48 85
64.5 66
64.52 73
64.54 79
64.56 71
64.58 79
64.6 76
64.62 72
64.64 77
64.66 81
64.68 74
64.7 73
64.72 62
64.74 82
64.76 72
64.78 73
64.8 101
64.82 83
64.84 79
64.86 78
64.88 87
64.9 85
64.92 84
64.94 87
64.96 83
64.98 86
65 80
65.02 76
65.04 85
65.06 83
65.08 82
65.1 73
65.12 84
65.14 74
65.16 83
65.18 80
65.2 96
65.22 81
65.24 89
65.26 89
65.28 81
65.3 68
65.32 79
65.34 98
65.36 82
65.38 92
65.4 90
65.42 91
65.44 81
65.46 92
65.48 85
65.5 85
65.52 70
65.54 80
65.56 82
65.58 79
65.6 78
65.62 103
65.64 83
65.66 102
65.68 74
65.7 95
65.72 99
65.74 85
65.76 90
65.78 100
65.8 98
65.82 103
65.84 89
65.86 81
65.88 103
65.9 80
65.92 82
65.94 83
65.96 96
65.98 96
66 91
66.02 83
66.04 82
66.06 76
66.08 98
66.1 102
66.12 98
66.14 101
66.16 99
66.18 98
66.2 93
66.22 99
66.24 117
66.26 98
66.28 110
66.3 121
66.32 94
66.34 111
66.36 84
66.38 109
66.4 116
66.42 112
66.44 98
66.46 102
66.48 104
66.5 96
66.52 114
66.54 132
66.56 135
66.58 120
66.6 111
66.62 99
66.64 119
66.66 116
66.68 131
66.7 102
66.72 99
66.74 97
66.76 133
66.78 103
66.8 128
66.82 119
66.84 118
66.86 134
66.88 105
66.9 115
66.92 151
66.94 118
66.96 114
66.98 136
67 135
67.02 143
67.04 117
67.06 131
67.08 123
67.1 126
67.12 142
67.14 126
67.16 141
67.18 116
67.2 155
67.22 122
67.24 143
67.26 168
67.28 137
67.3 157
67.32 148
67.34 167
67.36 148
67.38 157
67.4 172
67.42 146
67.44 181
67.46 172
67.48 183
67.5 181
67.52 194
67.54 202
67.56 189
67.58 171
67.6 213
67.62 220
67.64 244
67.66 245
67.68 280
67.7 266
67.72 270
67.74 299
67.76 326
67.78 318
67.8 310
67.82 365
67.84 367
67.86 449
67.88 426
67.9 473
67.92 474
67.94 541
67.96 502
67.98 546
68 540
68.02 605
68.04 602
68.06 648
68.08 671
68.1 759
68.12 758
68.14 743
68.16 854
68.18 883
68.2 849
68.22 943
68.24 984
68.26 984
68.28 1090
68.3 1106
68.32 1125
68.34 1252
68.36 1318
68.38 1412
68.4 1469
68.42 1618
68.44 1698
68.46 1671
68.48 1777
68.5 2031
68.52 2120
68.54 2288
68.56 2510
68.58 2731
68.6 3195
68.62 3668
68.64 4489
68.66 5469
68.68 6385
68.7 7293
68.72 7956
68.74 8400
68.76 8075
68.78 8246
68.8 8321
68.82 9062
68.84 10196
68.86 12350
68.88 16465
68.9 23303
68.92 31648
68.94 42240
68.96 56926
68.98 83609
69 149820
69.02 0
69.04 0
69.06 80469
69.08 0
69.1 0
69.12 0
69.14 89108
69.16 68931
69.18 72911
69.2 111126
69.22 0
69.24 0
69.26 0
69.28 0
69.3 0
69.32 85029
69.34 44979
69.36 27908
69.38 20456
69.4 16300
69.42 13550
69.44 11308
69.46 9682
69.48 8593
69.5 7785
69.52 7079
69.54 6477
69.56 5886
69.58 5452
69.6 4929
69.62 4480
69.64 4256
69.66 3959
69.68 3647
69.7 3490
69.72 3305
69.74 3113
69.76 2940
69.78 2846
69.8 2679
69.82 2675
69.84 2453
69.86 2336
69.88 2394
69.9 2184
69.92 2172
69.94 2076
69.96 2094
69.98 1966
70 1939
70.02 1874
70.04 1809
70.06 1780
70.08 1760
70.1 1721
70.12 1731
70.14 1619
70.16 1597
70.18 1535
70.2 1548
70.22 1437
70.24 1398
70.26 1448
70.28 1397
70.3 1291
70.32 1285
70.34 1233
70.36 1235
70.38 1161
70.4 1158
70.42 1131
70.44 1129
70.46 1062
70.48 1072
70.5 981
70.52 1056
70.54 960
70.56 962
70.58 906
70.6 935
70.62 867
70.64 892
70.66 783
70.68 824
70.7 813
70.72 840
70.74 769
70.76 744
70.78 735
70.8 696
70.82 697
70.84 686
70.86 674
70.88 645
70.9 632
70.92 642
70.94 609
70.96 623
70.98 615
71 543
71.02 551
71.04 498
71.06 523
71.08 503
71.1 463
71.12 495
71.14 476
71.16 429
71.18 400
71.2 393
71.22 392
71.24 376
71.26 331
71.28 390
71.3 348
71.32 322
71.34 324
71.36 298
71.38 280
71.4 298
71.42 292
71.44 248
71.46 250
71.48 273
71.5 260
71.52 243
71.54 228
71.56 247
71.58 209
71.6 219
71.62 177
71.64 213
71.66 217
71.68 185
71.7 179
71.72 199
71.74 180
71.76 159
71.78 160
71.8 151
71.82 169
71.84 183
71.86 143
71.88 162
71.9 142
71.92 142
71.94 156
71.96 140
71.98 138
72 138
72.02 128
72.04 118
72.06 112
72.08 132
72.1 118
72.12 125
72.14 116
72.16 123
72.18 129
72.2 107
72.22 92
72.24 122
72.26 94
72.28 104
72.3 92
72.32 110
72.34 92
72.36 107
72.38 82
72.4 108
72.42 116
72.44 101
72.46 68
72.48 82
72.5 100
72.52 84
72.54 90
72.56 100
72.58 105
72.6 106
72.62 87
72.64 85
72.66 76
72.68 81
72.7 87
72.72 73
72.74 87
72.76 102
72.78 94
72.8 82
72.82 68
72.84 82
72.86 85
72.88 80
72.9 87
72.92 79
72.94 84
72.96 93
72.98 71
73 81
73.02 85
73.04 79
73.06 69
73.08 77
73.1 66
73.12 86
73.14 60
73.16 89
73.18 75
73.2 71
73.22 73
73.24 85
73.26 71
73.28 49
73.3 65
73.32 80
73.34 80
73.36 88
73.38 68
73.4 78
73.42 69
73.44 76
73.46 69
73.48 79
73.5 60
73.52 86
73.54 76
73.56 59
73.58 66
73.6 82
73.62 64
73.64 79
73.66 65
73.68 58
73.7 71
73.72 79
73.74 80
73.76 65
73.78 66
73.8 75
73.82 59
73.84 58
73.86 58
73.88 67
73.9 58
73.92 71
73.94 60
73.96 55
73.98 73
74 71
74.02 67
74.04 65
74.06 58
74.08 54
74.1 67
74.12 70
74.14 72
74.16 66
74.18 59
74.2 52
74.22 68
74.24 65
74.26 68
74.28 83
74.3 68
74.32 78
74.34 57
74.36 69
74.38 61
74.4 61
74.42 70
74.44 64
74.46 82
74.48 47
74.5 46
74.52 64
74.54 63
74.56 70
74.58 60
74.6 75
74.62 61
74.64 62
74.66 54
74.68 57
74.7 61
74.72 63
74.74 63
74.76 50
74.78 65
74.8 60
74.82 60
74.84 48
74.86 55
74.88 67
74.9 59
74.92 75
74.94 80
74.96 66
74.98 44
75 68
75.02 52
75.04 72
75.06 62
75.08 69
75.1 54
75.12 57
75.14 61
75.16 65
75.18 60
75.2 47
75.22 54
75.24 59
75.26 60
75.28 54
75.3 58
75.32 53
75.34 55
75.36 78
75.38 50
75.4 45
75.42 50
75.44 60
75.46 50
75.48 46
75.5 38
75.52 66
75.54 64
75.56 62
75.58 59
75.6 63
75.62 49
75.64 69
75.66 59
75.68 46
75.7 57
75.72 54
75.74 54
75.76 59
75.78 67
75.8 52
75.82 67
75.84 51
75.86 54
75.88 46
75.9 47
75.92 64
75.94 55
75.96 59
75.98 48
76 53
76.02 52
76.04 61
76.06 60
76.08 59
76.1 58
76.12 50
76.14 44
76.16 55
76.18 53
76.2 52
76.22 52
76.24 42
76.26 59
76.28 76
76.3 66
76.32 42
76.34 74
76.36 53
76.38 60
76.4 55
76.42 51
76.44 62
76.46 51
76.48 56
76.5 47
76.52 52
76.54 71
76.56 41
76.58 60
76.6 52
76.62 52
76.64 56
76.66 53
76.68 58
76.7 59
76.72 49
76.74 63
76.76 51
76.78 44
76.8 43
76.82 55
76.84 53
76.86 55
76.88 56
76.9 54
76.92 67
76.94 55
76.96 60
76.98 59
77 57
77.02 52
77.04 57
77.06 47
77.08 52
77.1 58
77.12 54
77.14 45
77.16 47
77.18 40
77.2 47
77.22 57
77.24 46
77.26 59
77.28 55
77.3 56
77.32 52
77.34 56
77.36 54
77.38 48
77.4 59
77.42 56
77.44 48
77.46 49
77.48 55
77.5 52
77.52 48
77.54 44
77.56 49
77.58 69
77.6 51
77.62 45
77.64 42
77.66 54
77.68 37
77.7 57
77.72 50
77.74 54
77.76 56
77.78 57
77.8 52
77.82 60
77.84 52
77.86 57
77.88 40
77.9 63
77.92 62
77.94 45
77.96 53
77.98 57
78 53
78.02 52
78.04 62
78.06 62
78.08 60
78.1 46
78.12 47
78.14 55
78.16 50
78.18 43
78.2 44
78.22 43
78.24 54
78.26 50
78.28 62
78.3 50
78.32 46
78.34 48
78.36 44
78.38 34
78.4 48
78.42 54
78.44 55
78.46 54
78.48 47
78.5 44
78.52 54
78.54 53
78.56 57
78.58 44
78.6 63
78.62 51
78.64 36
78.66 69
78.68 48
78.7 45
78.72 53
78.74 47
78.76 50
78.78 31
78.8 43
78.82 45
78.84 48
78.86 46
78.88 46
78.9 36
78.92 51
78.94 48
78.96 34
78.98 37
79 54
79.02 52
79.04 45
79.06 65
79.08 62
79.1 56
79.12 57
79.14 56
79.16 49
79.18 47
79.2 45
79.22 49
79.24 43
79.26 56
79.28 45
79.3 37
79.32 39
79.34 44
79.36 54
79.38 46
79.4 43
79.42 39
79.44 51
79.46 56
79.48 38
79.5 56
79.52 50
79.54 46
79.56 44
79.58 56
79.6 59
79.62 65
79.64 50
79.66 45
79.68 46
79.7 44
79.72 52
79.74 44
79.76 50
79.78 44
79.8 49
79.82 55
79.84 43
79.86 46
79.88 49
79.9 41
79.92 44
79.94 52
79.96 47
79.98 60
80 29
80.02 43
80.04 46
80.06 52
80.08 54
80.1 47
80.12 42
80.14 42
80.16 50
80.18 29
80.2 46
80.22 44
80.24 54
80.26 55
80.28 51
80.3 46
80.32 39
80.34 56
80.36 44
80.38 58
80.4 54
80.42 42
80.44 67
80.46 55
80.48 45
80.5 45
80.52 57
80.54 37
80.56 44
80.58 58
80.6 54
80.62 51
80.64 46
80.66 45
80.68 55
80.7 42
80.72 41
80.74 44
80.76 43
80.78 53
80.8 40
80.82 44
80.84 40
80.86 49
80.88 33
80.9 55
80.92 46
80.94 49
80.96 43
80.98 43
81 47
81.02 47
81.04 44
81.06 59
81.08 33
81.1 44
81.12 44
81.14 40
81.16 39
81.18 53
81.2 33
81.22 50
81.24 56
81.26 48
81.28 37
81.3 36
81.32 44
81.34 51
81.36 44
81.38 40
81.4 55
81.42 45
81.44 44
81.46 54
81.48 35
81.5 44
81.52 47
81.54 40
81.56 47
81.58 56
81.6 49
81.62 52
81.64 39
81.66 47
81.68 43
81.7 59
81.72 40
81.74 53
81.76 38
81.78 54
81.8 42
81.82 46
81.84 46
81.86 50
81.88 45
81.9 37
81.92 46
81.94 32
81.96 32
81.98 39
82 42
82.02 60
82.04 54
82.06 53
82.08 47
82.1 29
82.12 46
82.14 46
82.16 49
82.18 32
82.2 53
82.22 58
82.24 41
82.26 41
82.28 38
82.3 55
82.32 49
82.34 44
82.36 48
82.38 49
82.4 42
82.42 41
82.44 46
82.46 46
82.48 42
82.5 45
82.52 46
82.54 51
82.56 56
82.58 33
82.6 55
82.62 46
82.64 45
82.66 41
82.68 35
82.7 45
82.72 40
82.74 53
82.76 46
82.78 37
82.8 47
82.82 41
82.84 38
82.86 39
82.88 46
82.9 49
82.92 38
82.94 43
82.96 47
82.98 40
83 42
83.02 41
83.04 43
83.06 44
83.08 44
83.1 51
83.12 48
83.14 47
83.16 39
83.18 52
83.2 49
83.22 45
83.24 47
83.26 45
83.28 43
83.3 38
83.32 40
83.34 45
83.36 35
83.38 38
83.4 37
83.42 36
83.44 46
83.46 41
83.48 40
83.5 34
83.52 47
83.54 41
83.56 49
83.58 45
83.6 38
83.62 51
83.64 51
83.66 43
83.68 43
83.7 41
83.72 33
83.74 45
83.76 41
83.78 41
83.8 46
83.82 37
83.84 52
83.86 35
83.88 50
83.9 44
83.92 49
83.94 45
83.96 38
83.98 35
84 40
84.02 41
84.04 41
84.06 36
84.08 40
84.1 38
84.12 52
84.14 42
84.16 47
84.18 30
84.2 40
84.22 38
84.24 28
84.26 35
84.28 42
84.3 44
84.32 44
84.34 41
84.36 45
84.38 45
84.4 33
84.42 44
84.44 40
84.46 42
84.48 27
84.5 42
84.52 42
84.54 36
84.56 29
84.58 53
84.6 36
84.62 47
84.64 38
84.66 41
84.68 37
84.7 34
84.72 43
84.74 32
84.76 38
84.78 40
84.8 41
84.82 50
84.84 39
84.86 42
84.88 39
84.9 50
84.92 37
84.94 39
84.96 45
84.98 41
85 40
85.02 50
85.04 51
85.06 33
85.08 44
85.1 40
85.12 41
85.14 31
85.16 48
85.18 37
85.2 41
85.22 44
85.24 36
85.26 30
85.28 46
85.3 46
85.32 39
85.34 42
85.36 45
85.38 37
85.4 33
85.42 28
85.44 38
85.46 34
85.48 42
85.5 47
85.52 40
85.54 31
85.56 37
85.58 29
85.6 32
85.62 33
85.64 45
85.66 48
85.68 48
85.7 35
85.72 47
85.74 30
85.76 43
85.78 45
85.8 29
85.82 48
85.84 50
85.86 41
85.88 36
85.9 37
85.92 29
85.94 41
85.96 43
85.98 38
86 37
86.02 35
86.04 45
86.06 51
86.08 40
86.1 36
86.12 44
86.14 38
86.16 35
86.18 28
86.2 37
86.22 42
86.24 43
86.26 40
86.28 30
86.3 36
86.32 37
86.34 39
86.36 34
86.38 39
86.4 47
86.42 35
86.44 49
86.46 54
86.48 34
86.5 32
86.52 49
86.54 37
86.56 41
86.58 34
86.6 47
86.62 32
86.64 46
86.66 41
86.68 31
86.7 41
86.72 49
86.74 31
86.76 40
86.78 30
86.8 34
86.82 35
86.84 45
86.86 30
86.88 40
86.9 40
86.92 30
86.94 40
86.96 32
86.98 47
87 34
87.02 39
87.04 39
87.06 37
87.08 36
87.1 39
87.12 43
87.14 34
87.16 35
87.18 44
87.2 34
87.22 34
87.24 35
87.26 37
87.28 37
87.3 41
87.32 34
87.34 36
87.36 38
87.38 46
87.4 40
87.42 39
87.44 28
87.46 36
87.48 33
87.5 38
87.52 33
87.54 37
87.56 41
87.58 48
87.6 36
87.62 32
87.64 39
87.66 35
87.68 30
87.7 26
87.72 41
87.74 33
87.76 48
87.78 30
87.8 43
87.82 37
87.84 36
87.86 31
87.88 37
87.9 37
87.92 38
87.94 33
87.96 40
87.98 37
88 34
88.02 36
88.04 36
88.06 33
88.08 32
88.1 34
88.12 38
88.14 29
88.16 39
88.18 23
88.2 39
88.22 45
88.24 25
88.26 34
88.28 27
88.3 40
88.32 37
88.34 44
88.36 30
88.38 32
88.4 33
88.42 46
88.44 37
88.46 38
88.48 41
88.5 31
88.52 39
88.54 46
88.56 23
88.58 35
88.6 38
88.62 31
88.64 38
88.66 31
88.68 40
88.7 50
88.72 34
88.74 34
88.76 39
88.78 32
88.8 44
88.82 37
88.84 34
88.86 37
88.88 33
88.9 23
88.92 36
88.94 41
88.96 40
88.98 43
89 39
89.02 25
89.04 44
89.06 28
89.08 32
89.1 43
89.12 29
89.14 38
89.16 41
89.18 32
89.2 30
89.22 46
89.24 41
89.26 34
89.28 31
89.3 37
89.32 39
89.34 31
89.36 28
89.38 23
89.4 27
89.42 34
89.44 48
89.46 32
89.48 34
89.5 32
89.52 31
89.54 37
89.56 25
89.58 28
89.6 35
89.62 39
89.64 29
89.66 28
89.68 38
89.7 44
89.72 33
89.74 33
89.76 33
89.78 29
89.8 34
89.82 39
89.84 21
89.86 32
89.88 34
89.9 33
89.92 30
89.94 35
89.96 33
89.98 33
90 32
