Sample SnonSi_å§ñÅÇ†ÇË_SnÇ
Comments rapid
Filename C:\WINDMAX\DATA\SHIMANO\XRD20190306\SnonSi_Kenma#2000_K2SnO3aq_20190122.raw
Goniometer TTRáV êÖïΩ∫ﬁ∆µ“∞¿(Tsé≤éËìÆ,ADS)
Attachment ïWèÄééóøŒŸ¿ﬁ∞
Monochromater å≈íË”…∏€“∞¿
ScanningMode 2Theta/Theta
ScanningType Continuos Scanning
X-Ray 40kV/300mA
î≠éUΩÿØƒ 2/3Åã
î≠éUècêßå¿ΩÿØƒ 2mm
éUóêΩÿØƒ 2/3Åã
éÛåıΩÿØƒ 0.3mm
±Ø√»∞¿ äJï˙
”…∏€éÛåıΩÿØƒ 0.8mm
Start 10
Stop 90
Step 0.02
10 36
10.02 30
10.04 37
10.06 34
10.08 37
10.1 41
10.12 33
10.14 38
10.16 39
10.18 39
10.2 31
10.22 41
10.24 40
10.26 39
10.28 42
10.3 32
10.32 40
10.34 38
10.36 38
10.38 46
10.4 44
10.42 32
10.44 35
10.46 35
10.48 34
10.5 47
10.52 31
10.54 38
10.56 51
10.58 33
10.6 42
10.62 39
10.64 35
10.66 32
10.68 37
10.7 46
10.72 41
10.74 42
10.76 30
10.78 43
10.8 51
10.82 28
10.84 47
10.86 38
10.88 34
10.9 38
10.92 32
10.94 40
10.96 38
10.98 40
11 33
11.02 37
11.04 37
11.06 29
11.08 40
11.1 25
11.12 37
11.14 30
11.16 38
11.18 37
11.2 36
11.22 17
11.24 39
11.26 43
11.28 30
11.3 31
11.32 43
11.34 42
11.36 36
11.38 42
11.4 37
11.42 30
11.44 39
11.46 42
11.48 31
11.5 38
11.52 37
11.54 39
11.56 35
11.58 41
11.6 35
11.62 40
11.64 29
11.66 38
11.68 37
11.7 37
11.72 37
11.74 35
11.76 33
11.78 40
11.8 47
11.82 31
11.84 32
11.86 40
11.88 56
11.9 33
11.92 32
11.94 37
11.96 35
11.98 46
12 38
12.02 31
12.04 39
12.06 35
12.08 41
12.1 44
12.12 47
12.14 35
12.16 32
12.18 37
12.2 37
12.22 37
12.24 28
12.26 27
12.28 34
12.3 39
12.32 37
12.34 31
12.36 35
12.38 35
12.4 40
12.42 40
12.44 32
12.46 51
12.48 46
12.5 41
12.52 33
12.54 34
12.56 41
12.58 34
12.6 45
12.62 43
12.64 43
12.66 40
12.68 36
12.7 39
12.72 46
12.74 28
12.76 40
12.78 24
12.8 34
12.82 25
12.84 38
12.86 41
12.88 42
12.9 39
12.92 36
12.94 26
12.96 31
12.98 23
13 40
13.02 35
13.04 33
13.06 41
13.08 40
13.1 44
13.12 37
13.14 36
13.16 41
13.18 39
13.2 44
13.22 37
13.24 43
13.26 32
13.28 47
13.3 43
13.32 34
13.34 35
13.36 46
13.38 35
13.4 39
13.42 36
13.44 30
13.46 43
13.48 46
13.5 37
13.52 40
13.54 27
13.56 35
13.58 33
13.6 46
13.62 35
13.64 43
13.66 48
13.68 43
13.7 29
13.72 48
13.74 42
13.76 32
13.78 38
13.8 35
13.82 44
13.84 34
13.86 44
13.88 53
13.9 38
13.92 44
13.94 39
13.96 39
13.98 40
14 39
14.02 46
14.04 45
14.06 42
14.08 40
14.1 34
14.12 50
14.14 34
14.16 47
14.18 45
14.2 32
14.22 34
14.24 36
14.26 51
14.28 39
14.3 53
14.32 34
14.34 40
14.36 39
14.38 50
14.4 54
14.42 40
14.44 48
14.46 46
14.48 53
14.5 51
14.52 40
14.54 33
14.56 41
14.58 36
14.6 46
14.62 35
14.64 30
14.66 42
14.68 45
14.7 49
14.72 46
14.74 50
14.76 50
14.78 39
14.8 46
14.82 50
14.84 47
14.86 48
14.88 49
14.9 49
14.92 50
14.94 50
14.96 57
14.98 49
15 44
15.02 47
15.04 52
15.06 49
15.08 46
15.1 43
15.12 47
15.14 38
15.16 48
15.18 51
15.2 41
15.22 50
15.24 46
15.26 38
15.28 41
15.3 47
15.32 49
15.34 48
15.36 40
15.38 37
15.4 51
15.42 51
15.44 55
15.46 59
15.48 49
15.5 56
15.52 52
15.54 47
15.56 59
15.58 37
15.6 57
15.62 43
15.64 39
15.66 38
15.68 52
15.7 38
15.72 52
15.74 40
15.76 40
15.78 51
15.8 33
15.82 40
15.84 51
15.86 47
15.88 46
15.9 48
15.92 48
15.94 53
15.96 44
15.98 43
16 57
16.02 45
16.04 49
16.06 45
16.08 59
16.1 39
16.12 37
16.14 46
16.16 45
16.18 44
16.2 62
16.22 52
16.24 56
16.26 49
16.28 52
16.3 44
16.32 60
16.34 42
16.36 50
16.38 55
16.4 49
16.42 61
16.44 59
16.46 57
16.48 47
16.5 42
16.52 49
16.54 39
16.56 56
16.58 47
16.6 58
16.62 50
16.64 45
16.66 42
16.68 65
16.7 40
16.72 49
16.74 57
16.76 45
16.78 41
16.8 41
16.82 45
16.84 43
16.86 42
16.88 56
16.9 33
16.92 48
16.94 45
16.96 41
16.98 55
17 51
17.02 49
17.04 49
17.06 43
17.08 55
17.1 41
17.12 27
17.14 44
17.16 52
17.18 58
17.2 42
17.22 63
17.24 47
17.26 45
17.28 53
17.3 51
17.32 53
17.34 47
17.36 49
17.38 44
17.4 55
17.42 59
17.44 54
17.46 56
17.48 68
17.5 51
17.52 59
17.54 51
17.56 54
17.58 51
17.6 44
17.62 40
17.64 56
17.66 57
17.68 34
17.7 51
17.72 52
17.74 41
17.76 47
17.78 46
17.8 56
17.82 44
17.84 48
17.86 53
17.88 46
17.9 47
17.92 56
17.94 50
17.96 50
17.98 45
18 59
18.02 51
18.04 52
18.06 48
18.08 45
18.1 45
18.12 67
18.14 58
18.16 51
18.18 55
18.2 36
18.22 51
18.24 50
18.26 52
18.28 53
18.3 51
18.32 49
18.34 42
18.36 65
18.38 50
18.4 61
18.42 51
18.44 41
18.46 49
18.48 47
18.5 57
18.52 39
18.54 53
18.56 50
18.58 52
18.6 62
18.62 62
18.64 49
18.66 47
18.68 51
18.7 49
18.72 58
18.74 43
18.76 60
18.78 55
18.8 56
18.82 43
18.84 48
18.86 59
18.88 59
18.9 57
18.92 66
18.94 67
18.96 49
18.98 54
19 52
19.02 54
19.04 60
19.06 48
19.08 45
19.1 55
19.12 57
19.14 58
19.16 52
19.18 53
19.2 46
19.22 59
19.24 58
19.26 65
19.28 54
19.3 50
19.32 53
19.34 68
19.36 69
19.38 54
19.4 57
19.42 56
19.44 67
19.46 68
19.48 57
19.5 58
19.52 50
19.54 64
19.56 67
19.58 65
19.6 58
19.62 57
19.64 54
19.66 77
19.68 70
19.7 67
19.72 69
19.74 84
19.76 70
19.78 49
19.8 70
19.82 60
19.84 61
19.86 64
19.88 61
19.9 62
19.92 75
19.94 58
19.96 73
19.98 70
20 55
20.02 56
20.04 67
20.06 77
20.08 55
20.1 64
20.12 73
20.14 66
20.16 61
20.18 53
20.2 63
20.22 55
20.24 71
20.26 66
20.28 64
20.3 78
20.32 69
20.34 69
20.36 61
20.38 69
20.4 80
20.42 65
20.44 63
20.46 65
20.48 68
20.5 72
20.52 68
20.54 61
20.56 45
20.58 71
20.6 60
20.62 61
20.64 87
20.66 67
20.68 64
20.7 78
20.72 62
20.74 70
20.76 58
20.78 60
20.8 74
20.82 67
20.84 76
20.86 90
20.88 87
20.9 79
20.92 67
20.94 78
20.96 72
20.98 74
21 74
21.02 84
21.04 87
21.06 69
21.08 61
21.1 77
21.12 65
21.14 82
21.16 70
21.18 88
21.2 65
21.22 95
21.24 94
21.26 92
21.28 84
21.3 81
21.32 71
21.34 78
21.36 70
21.38 62
21.4 69
21.42 80
21.44 82
21.46 83
21.48 74
21.5 83
21.52 98
21.54 71
21.56 87
21.58 79
21.6 89
21.62 78
21.64 90
21.66 89
21.68 74
21.7 83
21.72 95
21.74 83
21.76 97
21.78 96
21.8 85
21.82 83
21.84 86
21.86 93
21.88 94
21.9 78
21.92 72
21.94 87
21.96 73
21.98 92
22 89
22.02 91
22.04 66
22.06 99
22.08 86
22.1 99
22.12 92
22.14 97
22.16 91
22.18 97
22.2 105
22.22 93
22.24 99
22.26 88
22.28 70
22.3 88
22.32 84
22.34 104
22.36 95
22.38 92
22.4 93
22.42 101
22.44 98
22.46 98
22.48 104
22.5 83
22.52 74
22.54 95
22.56 94
22.58 88
22.6 94
22.62 107
22.64 86
22.66 104
22.68 80
22.7 96
22.72 91
22.74 82
22.76 97
22.78 93
22.8 91
22.82 91
22.84 80
22.86 93
22.88 105
22.9 96
22.92 88
22.94 78
22.96 95
22.98 88
23 86
23.02 84
23.04 94
23.06 78
23.08 88
23.1 95
23.12 85
23.14 78
23.16 88
23.18 83
23.2 79
23.22 85
23.24 64
23.26 100
23.28 67
23.3 77
23.32 85
23.34 105
23.36 69
23.38 68
23.4 80
23.42 70
23.44 90
23.46 84
23.48 73
23.5 61
23.52 91
23.54 66
23.56 61
23.58 71
23.6 79
23.62 89
23.64 81
23.66 88
23.68 61
23.7 68
23.72 84
23.74 68
23.76 72
23.78 62
23.8 76
23.82 86
23.84 68
23.86 72
23.88 69
23.9 61
23.92 71
23.94 83
23.96 79
23.98 60
24 75
24.02 66
24.04 88
24.06 82
24.08 67
24.1 74
24.12 73
24.14 81
24.16 75
24.18 73
24.2 73
24.22 68
24.24 67
24.26 87
24.28 67
24.3 62
24.32 67
24.34 74
24.36 87
24.38 70
24.4 77
24.42 65
24.44 60
24.46 74
24.48 60
24.5 82
24.52 79
24.54 63
24.56 64
24.58 68
24.6 62
24.62 60
24.64 53
24.66 70
24.68 84
24.7 65
24.72 57
24.74 61
24.76 76
24.78 71
24.8 55
24.82 74
24.84 67
24.86 65
24.88 71
24.9 73
24.92 47
24.94 64
24.96 65
24.98 58
25 57
25.02 66
25.04 68
25.06 66
25.08 76
25.1 60
25.12 81
25.14 88
25.16 57
25.18 72
25.2 77
25.22 69
25.24 63
25.26 83
25.28 66
25.3 62
25.32 64
25.34 87
25.36 64
25.38 70
25.4 67
25.42 79
25.44 85
25.46 70
25.48 71
25.5 72
25.52 88
25.54 71
25.56 60
25.58 61
25.6 73
25.62 64
25.64 56
25.66 57
25.68 73
25.7 62
25.72 63
25.74 83
25.76 69
25.78 81
25.8 68
25.82 53
25.84 63
25.86 77
25.88 57
25.9 81
25.92 60
25.94 74
25.96 73
25.98 52
26 64
26.02 74
26.04 71
26.06 69
26.08 75
26.1 69
26.12 70
26.14 57
26.16 67
26.18 71
26.2 82
26.22 65
26.24 76
26.26 68
26.28 79
26.3 66
26.32 80
26.34 80
26.36 65
26.38 57
26.4 58
26.42 64
26.44 74
26.46 74
26.48 63
26.5 64
26.52 69
26.54 77
26.56 55
26.58 72
26.6 73
26.62 71
26.64 58
26.66 78
26.68 57
26.7 64
26.72 64
26.74 73
26.76 59
26.78 72
26.8 71
26.82 78
26.84 73
26.86 57
26.88 67
26.9 83
26.92 60
26.94 74
26.96 78
26.98 68
27 72
27.02 62
27.04 76
27.06 63
27.08 65
27.1 59
27.12 58
27.14 51
27.16 66
27.18 55
27.2 81
27.22 82
27.24 66
27.26 73
27.28 63
27.3 79
27.32 65
27.34 79
27.36 90
27.38 67
27.4 86
27.42 65
27.44 78
27.46 78
27.48 60
27.5 78
27.52 67
27.54 67
27.56 69
27.58 57
27.6 64
27.62 64
27.64 66
27.66 85
27.68 80
27.7 52
27.72 67
27.74 64
27.76 76
27.78 75
27.8 67
27.82 63
27.84 56
27.86 61
27.88 76
27.9 67
27.92 72
27.94 77
27.96 62
27.98 62
28 57
28.02 53
28.04 80
28.06 64
28.08 60
28.1 65
28.12 82
28.14 71
28.16 56
28.18 77
28.2 60
28.22 71
28.24 68
28.26 59
28.28 67
28.3 56
28.32 58
28.34 64
28.36 61
28.38 63
28.4 50
28.42 61
28.44 56
28.46 48
28.48 69
28.5 69
28.52 60
28.54 57
28.56 69
28.58 64
28.6 73
28.62 62
28.64 62
28.66 57
28.68 66
28.7 65
28.72 76
28.74 67
28.76 70
28.78 61
28.8 59
28.82 64
28.84 60
28.86 61
28.88 59
28.9 40
28.92 68
28.94 62
28.96 62
28.98 56
29 67
29.02 61
29.04 60
29.06 63
29.08 66
29.1 65
29.12 77
29.14 54
29.16 79
29.18 73
29.2 63
29.22 64
29.24 64
29.26 55
29.28 66
29.3 59
29.32 60
29.34 77
29.36 63
29.38 63
29.4 55
29.42 56
29.44 58
29.46 53
29.48 71
29.5 68
29.52 57
29.54 65
29.56 80
29.58 59
29.6 66
29.62 54
29.64 46
29.66 52
29.68 61
29.7 51
29.72 55
29.74 50
29.76 56
29.78 55
29.8 46
29.82 60
29.84 51
29.86 56
29.88 62
29.9 66
29.92 67
29.94 55
29.96 64
29.98 59
30 60
30.02 60
30.04 50
30.06 70
30.08 52
30.1 64
30.12 55
30.14 59
30.16 55
30.18 67
30.2 54
30.22 69
30.24 55
30.26 67
30.28 64
30.3 68
30.32 54
30.34 48
30.36 58
30.38 50
30.4 56
30.42 62
30.44 63
30.46 58
30.48 71
30.5 76
30.52 91
30.54 103
30.56 125
30.58 182
30.6 163
30.62 153
30.64 140
30.66 135
30.68 137
30.7 117
30.72 76
30.74 71
30.76 71
30.78 67
30.8 54
30.82 56
30.84 54
30.86 52
30.88 59
30.9 46
30.92 57
30.94 47
30.96 56
30.98 50
31 68
31.02 63
31.04 59
31.06 49
31.08 60
31.1 58
31.12 64
31.14 49
31.16 61
31.18 60
31.2 62
31.22 55
31.24 40
31.26 59
31.28 54
31.3 46
31.32 56
31.34 49
31.36 49
31.38 48
31.4 58
31.42 55
31.44 61
31.46 58
31.48 54
31.5 65
31.52 55
31.54 55
31.56 57
31.58 68
31.6 59
31.62 49
31.64 50
31.66 58
31.68 47
31.7 60
31.72 51
31.74 70
31.76 57
31.78 60
31.8 50
31.82 43
31.84 73
31.86 62
31.88 65
31.9 63
31.92 71
31.94 75
31.96 74
31.98 86
32 91
32.02 81
32.04 70
32.06 65
32.08 58
32.1 55
32.12 49
32.14 59
32.16 55
32.18 44
32.2 65
32.22 41
32.24 47
32.26 51
32.28 48
32.3 47
32.32 63
32.34 50
32.36 48
32.38 57
32.4 62
32.42 52
32.44 51
32.46 50
32.48 58
32.5 62
32.52 60
32.54 37
32.56 56
32.58 46
32.6 63
32.62 63
32.64 51
32.66 54
32.68 66
32.7 46
32.72 56
32.74 47
32.76 61
32.78 57
32.8 47
32.82 56
32.84 61
32.86 51
32.88 52
32.9 43
32.92 39
32.94 42
32.96 50
32.98 44
33 50
33.02 54
33.04 49
33.06 68
33.08 65
33.1 37
33.12 57
33.14 42
33.16 56
33.18 39
33.2 43
33.22 51
33.24 52
33.26 63
33.28 47
33.3 45
33.32 44
33.34 50
33.36 55
33.38 55
33.4 48
33.42 76
33.44 47
33.46 53
33.48 57
33.5 50
33.52 49
33.54 44
33.56 40
33.58 50
33.6 38
33.62 40
33.64 51
33.66 52
33.68 53
33.7 26
33.72 48
33.74 41
33.76 55
33.78 52
33.8 37
33.82 59
33.84 46
33.86 53
33.88 48
33.9 44
33.92 38
33.94 59
33.96 50
33.98 45
34 48
34.02 50
34.04 47
34.06 46
34.08 49
34.1 39
34.12 48
34.14 35
34.16 44
34.18 35
34.2 52
34.22 43
34.24 39
34.26 53
34.28 39
34.3 49
34.32 38
34.34 46
34.36 49
34.38 41
34.4 48
34.42 47
34.44 49
34.46 47
34.48 47
34.5 41
34.52 41
34.54 42
34.56 46
34.58 42
34.6 46
34.62 38
34.64 36
34.66 41
34.68 35
34.7 38
34.72 49
34.74 44
34.76 36
34.78 46
34.8 43
34.82 29
34.84 46
34.86 37
34.88 40
34.9 46
34.92 43
34.94 53
34.96 51
34.98 45
35 53
35.02 36
35.04 34
35.06 34
35.08 43
35.1 39
35.12 58
35.14 44
35.16 41
35.18 48
35.2 45
35.22 37
35.24 42
35.26 39
35.28 39
35.3 46
35.32 50
35.34 33
35.36 57
35.38 40
35.4 45
35.42 40
35.44 49
35.46 43
35.48 47
35.5 43
35.52 40
35.54 43
35.56 36
35.58 31
35.6 39
35.62 42
35.64 34
35.66 35
35.68 42
35.7 35
35.72 35
35.74 32
35.76 42
35.78 33
35.8 42
35.82 35
35.84 36
35.86 38
35.88 46
35.9 45
35.92 27
35.94 33
35.96 40
35.98 30
36 38
36.02 36
36.04 37
36.06 43
36.08 36
36.1 38
36.12 36
36.14 47
36.16 41
36.18 45
36.2 40
36.22 34
36.24 32
36.26 30
36.28 32
36.3 34
36.32 36
36.34 37
36.36 36
36.38 43
36.4 38
36.42 41
36.44 36
36.46 34
36.48 43
36.5 40
36.52 43
36.54 39
36.56 33
36.58 50
36.6 33
36.62 44
36.64 38
36.66 36
36.68 30
36.7 38
36.72 34
36.74 37
36.76 29
36.78 25
36.8 31
36.82 22
36.84 37
36.86 34
36.88 40
36.9 36
36.92 33
36.94 27
36.96 41
36.98 42
37 30
37.02 30
37.04 28
37.06 41
37.08 28
37.1 31
37.12 40
37.14 28
37.16 29
37.18 30
37.2 31
37.22 26
37.24 33
37.26 37
37.28 32
37.3 37
37.32 38
37.34 29
37.36 39
37.38 43
37.4 26
37.42 33
37.44 45
37.46 36
37.48 36
37.5 38
37.52 39
37.54 47
37.56 37
37.58 33
37.6 29
37.62 29
37.64 33
37.66 23
37.68 32
37.7 39
37.72 35
37.74 29
37.76 31
37.78 22
37.8 42
37.82 39
37.84 35
37.86 41
37.88 36
37.9 39
37.92 32
37.94 44
37.96 28
37.98 27
38 34
38.02 25
38.04 36
38.06 33
38.08 32
38.1 24
38.12 23
38.14 23
38.16 33
38.18 35
38.2 31
38.22 30
38.24 30
38.26 35
38.28 28
38.3 19
38.32 35
38.34 27
38.36 36
38.38 29
38.4 38
38.42 26
38.44 34
38.46 23
38.48 39
38.5 28
38.52 30
38.54 33
38.56 38
38.58 28
38.6 31
38.62 43
38.64 31
38.66 28
38.68 35
38.7 34
38.72 35
38.74 26
38.76 23
38.78 34
38.8 19
38.82 37
38.84 24
38.86 47
38.88 30
38.9 23
38.92 33
38.94 25
38.96 30
38.98 36
39 34
39.02 35
39.04 35
39.06 27
39.08 42
39.1 41
39.12 35
39.14 34
39.16 35
39.18 20
39.2 20
39.22 34
39.24 32
39.26 39
39.28 49
39.3 26
39.32 32
39.34 30
39.36 37
39.38 27
39.4 29
39.42 27
39.44 28
39.46 32
39.48 30
39.5 47
39.52 40
39.54 29
39.56 41
39.58 35
39.6 25
39.62 28
39.64 35
39.66 37
39.68 33
39.7 22
39.72 33
39.74 30
39.76 32
39.78 36
39.8 31
39.82 36
39.84 38
39.86 26
39.88 28
39.9 28
39.92 20
39.94 27
39.96 29
39.98 24
40 25
40.02 26
40.04 15
40.06 37
40.08 37
40.1 25
40.12 34
40.14 30
40.16 31
40.18 27
40.2 22
40.22 37
40.24 29
40.26 44
40.28 41
40.3 32
40.32 29
40.34 35
40.36 33
40.38 30
40.4 34
40.42 37
40.44 22
40.46 26
40.48 29
40.5 30
40.52 31
40.54 16
40.56 43
40.58 39
40.6 45
40.62 27
40.64 27
40.66 30
40.68 41
40.7 29
40.72 27
40.74 22
40.76 33
40.78 36
40.8 32
40.82 27
40.84 39
40.86 44
40.88 29
40.9 28
40.92 26
40.94 30
40.96 31
40.98 43
41 20
41.02 30
41.04 22
41.06 33
41.08 44
41.1 31
41.12 39
41.14 40
41.16 31
41.18 17
41.2 23
41.22 33
41.24 29
41.26 21
41.28 26
41.3 38
41.32 34
41.34 23
41.36 30
41.38 22
41.4 35
41.42 25
41.44 21
41.46 29
41.48 32
41.5 26
41.52 32
41.54 29
41.56 34
41.58 36
41.6 30
41.62 29
41.64 27
41.66 30
41.68 42
41.7 31
41.72 27
41.74 32
41.76 36
41.78 39
41.8 30
41.82 28
41.84 32
41.86 35
41.88 39
41.9 30
41.92 39
41.94 27
41.96 31
41.98 27
42 32
42.02 23
42.04 40
42.06 36
42.08 43
42.1 25
42.12 38
42.14 31
42.16 36
42.18 32
42.2 24
42.22 24
42.24 30
42.26 26
42.28 28
42.3 30
42.32 32
42.34 28
42.36 28
42.38 32
42.4 23
42.42 24
42.44 25
42.46 42
42.48 27
42.5 30
42.52 32
42.54 27
42.56 25
42.58 37
42.6 34
42.62 32
42.64 31
42.66 30
42.68 26
42.7 28
42.72 26
42.74 32
42.76 25
42.78 27
42.8 40
42.82 27
42.84 27
42.86 22
42.88 21
42.9 27
42.92 31
42.94 31
42.96 36
42.98 35
43 35
43.02 28
43.04 30
43.06 31
43.08 49
43.1 23
43.12 33
43.14 25
43.16 27
43.18 22
43.2 28
43.22 24
43.24 25
43.26 30
43.28 29
43.3 31
43.32 31
43.34 26
43.36 33
43.38 29
43.4 36
43.42 33
43.44 25
43.46 30
43.48 18
43.5 16
43.52 36
43.54 27
43.56 27
43.58 31
43.6 21
43.62 36
43.64 34
43.66 29
43.68 25
43.7 34
43.72 39
43.74 24
43.76 35
43.78 39
43.8 27
43.82 32
43.84 32
43.86 35
43.88 23
43.9 31
43.92 41
43.94 24
43.96 31
43.98 33
44 26
44.02 30
44.04 26
44.06 30
44.08 40
44.1 38
44.12 29
44.14 30
44.16 38
44.18 23
44.2 38
44.22 22
44.24 19
44.26 31
44.28 25
44.3 26
44.32 26
44.34 30
44.36 44
44.38 41
44.4 29
44.42 23
44.44 31
44.46 27
44.48 38
44.5 36
44.52 26
44.54 27
44.56 34
44.58 18
44.6 32
44.62 35
44.64 33
44.66 29
44.68 22
44.7 27
44.72 28
44.74 31
44.76 39
44.78 27
44.8 31
44.82 31
44.84 23
44.86 34
44.88 22
44.9 34
44.92 29
44.94 19
44.96 20
44.98 37
45 29
45.02 29
45.04 33
45.06 30
45.08 37
45.1 30
45.12 27
45.14 36
45.16 41
45.18 30
45.2 21
45.22 28
45.24 24
45.26 32
45.28 31
45.3 32
45.32 34
45.34 26
45.36 20
45.38 32
45.4 37
45.42 31
45.44 19
45.46 31
45.48 26
45.5 34
45.52 26
45.54 36
45.56 34
45.58 24
45.6 41
45.62 18
45.64 22
45.66 27
45.68 24
45.7 32
45.72 37
45.74 34
45.76 33
45.78 29
45.8 27
45.82 28
45.84 26
45.86 21
45.88 28
45.9 26
45.92 26
45.94 33
45.96 32
45.98 24
46 31
46.02 28
46.04 25
46.06 37
46.08 27
46.1 39
46.12 31
46.14 31
46.16 22
46.18 22
46.2 28
46.22 25
46.24 28
46.26 38
46.28 23
46.3 26
46.32 27
46.34 43
46.36 33
46.38 20
46.4 27
46.42 27
46.44 27
46.46 23
46.48 33
46.5 33
46.52 30
46.54 23
46.56 36
46.58 31
46.6 24
46.62 32
46.64 35
46.66 30
46.68 25
46.7 35
46.72 26
46.74 24
46.76 37
46.78 35
46.8 27
46.82 33
46.84 22
46.86 17
46.88 28
46.9 37
46.92 24
46.94 32
46.96 36
46.98 27
47 28
47.02 29
47.04 27
47.06 35
47.08 31
47.1 31
47.12 29
47.14 31
47.16 31
47.18 22
47.2 22
47.22 19
47.24 36
47.26 26
47.28 23
47.3 15
47.32 37
47.34 29
47.36 30
47.38 30
47.4 33
47.42 26
47.44 21
47.46 37
47.48 31
47.5 34
47.52 29
47.54 24
47.56 29
47.58 20
47.6 31
47.62 19
47.64 32
47.66 16
47.68 34
47.7 24
47.72 20
47.74 26
47.76 24
47.78 20
47.8 24
47.82 29
47.84 20
47.86 24
47.88 18
47.9 28
47.92 25
47.94 37
47.96 23
47.98 27
48 26
48.02 26
48.04 31
48.06 26
48.08 28
48.1 27
48.12 26
48.14 27
48.16 26
48.18 26
48.2 36
48.22 28
48.24 33
48.26 23
48.28 23
48.3 22
48.32 28
48.34 30
48.36 22
48.38 24
48.4 31
48.42 29
48.44 23
48.46 25
48.48 26
48.5 22
48.52 27
48.54 22
48.56 24
48.58 36
48.6 24
48.62 25
48.64 24
48.66 18
48.68 22
48.7 23
48.72 23
48.74 25
48.76 31
48.78 23
48.8 19
48.82 21
48.84 30
48.86 27
48.88 19
48.9 27
48.92 25
48.94 18
48.96 36
48.98 29
49 25
49.02 27
49.04 26
49.06 30
49.08 20
49.1 21
49.12 21
49.14 32
49.16 27
49.18 32
49.2 22
49.22 24
49.24 25
49.26 26
49.28 32
49.3 28
49.32 19
49.34 27
49.36 32
49.38 24
49.4 18
49.42 23
49.44 23
49.46 22
49.48 32
49.5 31
49.52 24
49.54 22
49.56 34
49.58 28
49.6 30
49.62 26
49.64 26
49.66 20
49.68 41
49.7 19
49.72 32
49.74 24
49.76 28
49.78 38
49.8 24
49.82 19
49.84 22
49.86 20
49.88 33
49.9 28
49.92 27
49.94 22
49.96 23
49.98 25
50 25
50.02 25
50.04 19
50.06 22
50.08 29
50.1 20
50.12 20
50.14 33
50.16 30
50.18 23
50.2 31
50.22 31
50.24 24
50.26 20
50.28 18
50.3 27
50.32 26
50.34 25
50.36 19
50.38 23
50.4 21
50.42 23
50.44 26
50.46 26
50.48 26
50.5 34
50.52 29
50.54 25
50.56 25
50.58 25
50.6 26
50.62 25
50.64 21
50.66 19
50.68 21
50.7 25
50.72 17
50.74 16
50.76 22
50.78 23
50.8 26
50.82 35
50.84 26
50.86 20
50.88 20
50.9 27
50.92 23
50.94 20
50.96 18
50.98 14
51 24
51.02 19
51.04 20
51.06 24
51.08 34
51.1 28
51.12 23
51.14 18
51.16 29
51.18 32
51.2 24
51.22 23
51.24 21
51.26 21
51.28 21
51.3 29
51.32 19
51.34 27
51.36 27
51.38 26
51.4 28
51.42 21
51.44 22
51.46 25
51.48 20
51.5 16
51.52 19
51.54 22
51.56 27
51.58 24
51.6 19
51.62 28
51.64 25
51.66 30
51.68 24
51.7 24
51.72 28
51.74 15
51.76 26
51.78 23
51.8 12
51.82 35
51.84 20
51.86 23
51.88 20
51.9 39
51.92 33
51.94 28
51.96 24
51.98 30
52 11
52.02 22
52.04 26
52.06 21
52.08 22
52.1 20
52.12 23
52.14 30
52.16 15
52.18 33
52.2 22
52.22 25
52.24 25
52.26 25
52.28 15
52.3 23
52.32 19
52.34 17
52.36 26
52.38 29
52.4 20
52.42 24
52.44 34
52.46 19
52.48 32
52.5 28
52.52 17
52.54 27
52.56 19
52.58 16
52.6 26
52.62 22
52.64 23
52.66 24
52.68 20
52.7 25
52.72 26
52.74 27
52.76 27
52.78 22
52.8 22
52.82 30
52.84 27
52.86 17
52.88 23
52.9 29
52.92 22
52.94 25
52.96 22
52.98 22
53 28
53.02 19
53.04 18
53.06 32
53.08 31
53.1 17
53.12 20
53.14 29
53.16 27
53.18 26
53.2 28
53.22 19
53.24 21
53.26 24
53.28 23
53.3 29
53.32 28
53.34 26
53.36 15
53.38 26
53.4 23
53.42 22
53.44 20
53.46 23
53.48 24
53.5 14
53.52 24
53.54 34
53.56 29
53.58 31
53.6 18
53.62 20
53.64 21
53.66 35
53.68 21
53.7 24
53.72 29
53.74 23
53.76 21
53.78 23
53.8 32
53.82 28
53.84 24
53.86 25
53.88 16
53.9 32
53.92 24
53.94 27
53.96 20
53.98 20
54 13
54.02 17
54.04 21
54.06 26
54.08 19
54.1 26
54.12 23
54.14 22
54.16 27
54.18 22
54.2 27
54.22 24
54.24 15
54.26 23
54.28 18
54.3 23
54.32 27
54.34 23
54.36 23
54.38 16
54.4 29
54.42 22
54.44 27
54.46 19
54.48 24
54.5 15
54.52 17
54.54 19
54.56 26
54.58 26
54.6 32
54.62 15
54.64 16
54.66 24
54.68 23
54.7 24
54.72 22
54.74 27
54.76 24
54.78 31
54.8 17
54.82 22
54.84 14
54.86 18
54.88 25
54.9 25
54.92 22
54.94 22
54.96 23
54.98 26
55 18
55.02 27
55.04 26
55.06 25
55.08 21
55.1 24
55.12 37
55.14 21
55.16 21
55.18 22
55.2 17
55.22 30
55.24 28
55.26 16
55.28 23
55.3 22
55.32 25
55.34 23
55.36 24
55.38 28
55.4 28
55.42 32
55.44 27
55.46 25
55.48 29
55.5 25
55.52 34
55.54 24
55.56 22
55.58 27
55.6 22
55.62 24
55.64 27
55.66 24
55.68 26
55.7 22
55.72 21
55.74 25
55.76 27
55.78 22
55.8 18
55.82 25
55.84 27
55.86 18
55.88 25
55.9 24
55.92 20
55.94 23
55.96 23
55.98 15
56 20
56.02 21
56.04 26
56.06 20
56.08 25
56.1 25
56.12 25
56.14 24
56.16 34
56.18 19
56.2 21
56.22 28
56.24 24
56.26 20
56.28 28
56.3 25
56.32 26
56.34 33
56.36 28
56.38 24
56.4 22
56.42 24
56.44 29
56.46 22
56.48 16
56.5 20
56.52 26
56.54 27
56.56 30
56.58 15
56.6 28
56.62 27
56.64 28
56.66 21
56.68 21
56.7 34
56.72 20
56.74 28
56.76 28
56.78 25
56.8 30
56.82 24
56.84 28
56.86 26
56.88 19
56.9 37
56.92 16
56.94 27
56.96 27
56.98 25
57 24
57.02 27
57.04 22
57.06 16
57.08 18
57.1 25
57.12 17
57.14 26
57.16 28
57.18 15
57.2 32
57.22 22
57.24 22
57.26 19
57.28 15
57.3 16
57.32 23
57.34 20
57.36 28
57.38 21
57.4 22
57.42 20
57.44 14
57.46 27
57.48 27
57.5 19
57.52 31
57.54 22
57.56 30
57.58 23
57.6 25
57.62 22
57.64 26
57.66 24
57.68 24
57.7 14
57.72 27
57.74 26
57.76 31
57.78 21
57.8 29
57.82 25
57.84 24
57.86 18
57.88 32
57.9 25
57.92 35
57.94 18
57.96 21
57.98 24
58 20
58.02 21
58.04 20
58.06 22
58.08 20
58.1 19
58.12 26
58.14 28
58.16 31
58.18 26
58.2 20
58.22 24
58.24 22
58.26 30
58.28 25
58.3 26
58.32 30
58.34 22
58.36 13
58.38 21
58.4 29
58.42 24
58.44 23
58.46 22
58.48 20
58.5 31
58.52 22
58.54 18
58.56 16
58.58 15
58.6 24
58.62 18
58.64 27
58.66 21
58.68 29
58.7 21
58.72 13
58.74 29
58.76 22
58.78 21
58.8 24
58.82 27
58.84 28
58.86 18
58.88 23
58.9 27
58.92 32
58.94 24
58.96 23
58.98 25
59 31
59.02 26
59.04 22
59.06 26
59.08 24
59.1 20
59.12 25
59.14 25
59.16 17
59.18 25
59.2 22
59.22 27
59.24 27
59.26 23
59.28 20
59.3 18
59.32 19
59.34 24
59.36 17
59.38 15
59.4 27
59.42 26
59.44 23
59.46 24
59.48 30
59.5 20
59.52 28
59.54 18
59.56 26
59.58 18
59.6 23
59.62 23
59.64 25
59.66 20
59.68 31
59.7 30
59.72 29
59.74 24
59.76 23
59.78 25
59.8 14
59.82 19
59.84 33
59.86 27
59.88 25
59.9 18
59.92 29
59.94 20
59.96 27
59.98 26
60 22
60.02 17
60.04 28
60.06 21
60.08 20
60.1 19
60.12 19
60.14 26
60.16 23
60.18 28
60.2 28
60.22 26
60.24 15
60.26 22
60.28 20
60.3 29
60.32 29
60.34 24
60.36 23
60.38 19
60.4 25
60.42 23
60.44 19
60.46 39
60.48 22
60.5 33
60.52 28
60.54 32
60.56 17
60.58 23
60.6 24
60.62 19
60.64 28
60.66 29
60.68 21
60.7 25
60.72 15
60.74 30
60.76 17
60.78 28
60.8 22
60.82 25
60.84 22
60.86 18
60.88 20
60.9 28
60.92 30
60.94 29
60.96 16
60.98 32
61 28
61.02 25
61.04 33
61.06 21
61.08 21
61.1 20
61.12 36
61.14 25
61.16 20
61.18 19
61.2 25
61.22 25
61.24 23
61.26 27
61.28 16
61.3 14
61.32 25
61.34 30
61.36 26
61.38 23
61.4 23
61.42 23
61.44 24
61.46 30
61.48 17
61.5 17
61.52 25
61.54 23
61.56 28
61.58 20
61.6 31
61.62 30
61.64 25
61.66 30
61.68 29
61.7 23
61.72 34
61.74 28
61.76 18
61.78 14
61.8 28
61.82 33
61.84 20
61.86 23
61.88 25
61.9 26
61.92 24
61.94 20
61.96 29
61.98 22
62 25
62.02 15
62.04 25
62.06 24
62.08 22
62.1 25
62.12 28
62.14 25
62.16 24
62.18 30
62.2 32
62.22 13
62.24 24
62.26 28
62.28 32
62.3 29
62.32 27
62.34 15
62.36 14
62.38 18
62.4 36
62.42 26
62.44 27
62.46 22
62.48 28
62.5 25
62.52 24
62.54 44
62.56 23
62.58 27
62.6 29
62.62 27
62.64 36
62.66 32
62.68 24
62.7 17
62.72 18
62.74 18
62.76 28
62.78 16
62.8 22
62.82 22
62.84 19
62.86 31
62.88 25
62.9 20
62.92 24
62.94 24
62.96 28
62.98 26
63 26
63.02 26
63.04 39
63.06 24
63.08 18
63.1 22
63.12 21
63.14 18
63.16 27
63.18 18
63.2 16
63.22 24
63.24 28
63.26 13
63.28 23
63.3 19
63.32 21
63.34 20
63.36 25
63.38 25
63.4 20
63.42 23
63.44 24
63.46 31
63.48 25
63.5 24
63.52 27
63.54 23
63.56 32
63.58 32
63.6 19
63.62 23
63.64 22
63.66 24
63.68 27
63.7 25
63.72 27
63.74 31
63.76 43
63.78 33
63.8 34
63.82 25
63.84 31
63.86 18
63.88 21
63.9 20
63.92 30
63.94 33
63.96 31
63.98 25
64 19
64.02 23
64.04 25
64.06 17
64.08 18
64.1 19
64.12 26
64.14 24
64.16 23
64.18 21
64.2 12
64.22 11
64.24 19
64.26 21
64.28 26
64.3 26
64.32 17
64.34 23
64.36 21
64.38 23
64.4 26
64.42 25
64.44 21
64.46 24
64.48 23
64.5 25
64.52 25
64.54 27
64.56 30
64.58 21
64.6 26
64.62 17
64.64 23
64.66 18
64.68 27
64.7 26
64.72 25
64.74 27
64.76 32
64.78 17
64.8 30
64.82 21
64.84 29
64.86 34
64.88 16
64.9 20
64.92 24
64.94 25
64.96 24
64.98 23
65 21
65.02 20
65.04 32
65.06 23
65.08 20
65.1 32
65.12 20
65.14 14
65.16 24
65.18 29
65.2 18
65.22 34
65.24 20
65.26 25
65.28 30
65.3 21
65.32 26
65.34 18
65.36 28
65.38 17
65.4 29
65.42 19
65.44 22
65.46 23
65.48 34
65.5 28
65.52 26
65.54 29
65.56 16
65.58 31
65.6 20
65.62 17
65.64 20
65.66 26
65.68 21
65.7 28
65.72 29
65.74 22
65.76 29
65.78 21
65.8 16
65.82 24
65.84 26
65.86 21
65.88 29
65.9 31
65.92 26
65.94 22
65.96 22
65.98 21
66 31
66.02 27
66.04 30
66.06 22
66.08 28
66.1 30
66.12 33
66.14 21
66.16 24
66.18 23
66.2 28
66.22 29
66.24 37
66.26 19
66.28 28
66.3 17
66.32 27
66.34 31
66.36 15
66.38 28
66.4 28
66.42 31
66.44 21
66.46 18
66.48 24
66.5 20
66.52 24
66.54 29
66.56 23
66.58 23
66.6 27
66.62 24
66.64 26
66.66 17
66.68 23
66.7 28
66.72 35
66.74 38
66.76 30
66.78 18
66.8 26
66.82 27
66.84 27
66.86 32
66.88 34
66.9 32
66.92 25
66.94 27
66.96 27
66.98 28
67 31
67.02 27
67.04 27
67.06 30
67.08 30
67.1 26
67.12 31
67.14 23
67.16 30
67.18 39
67.2 27
67.22 41
67.24 41
67.26 27
67.28 37
67.3 24
67.32 37
67.34 34
67.36 38
67.38 41
67.4 36
67.42 39
67.44 41
67.46 35
67.48 42
67.5 39
67.52 36
67.54 43
67.56 32
67.58 38
67.6 47
67.62 34
67.64 34
67.66 47
67.68 42
67.7 47
67.72 50
67.74 44
67.76 53
67.78 62
67.8 54
67.82 64
67.84 79
67.86 64
67.88 68
67.9 94
67.92 79
67.94 66
67.96 87
67.98 101
68 95
68.02 103
68.04 110
68.06 123
68.08 110
68.1 115
68.12 131
68.14 116
68.16 143
68.18 117
68.2 148
68.22 163
68.24 148
68.26 147
68.28 161
68.3 182
68.32 176
68.34 240
68.36 212
68.38 188
68.4 232
68.42 218
68.44 253
68.46 248
68.48 297
68.5 289
68.52 293
68.54 298
68.56 338
68.58 408
68.6 425
68.62 458
68.64 487
68.66 582
68.68 729
68.7 831
68.72 1045
68.74 1216
68.76 1392
68.78 1417
68.8 1401
68.82 1360
68.84 1374
68.86 1439
68.88 1596
68.9 1706
68.92 2147
68.94 2564
68.96 3324
68.98 4640
69 6810
69.02 10978
69.04 20972
69.06 0
69.08 0
69.1 0
69.12 0
69.14 0
69.16 32743
69.18 16666
69.2 11202
69.22 11003
69.24 16594
69.26 34792
69.28 0
69.3 0
69.32 0
69.34 0
69.36 18750
69.38 9026
69.4 5487
69.42 3755
69.44 2980
69.46 2464
69.48 2077
69.5 1797
69.52 1600
69.54 1400
69.56 1221
69.58 1089
69.6 963
69.62 956
69.64 850
69.66 839
69.68 758
69.7 653
69.72 678
69.74 605
69.76 554
69.78 571
69.8 521
69.82 499
69.84 516
69.86 458
69.88 411
69.9 431
69.92 421
69.94 391
69.96 394
69.98 432
70 363
70.02 318
70.04 376
70.06 358
70.08 367
70.1 337
70.12 320
70.14 311
70.16 321
70.18 266
70.2 304
70.22 260
70.24 249
70.26 260
70.28 254
70.3 245
70.32 230
70.34 245
70.36 228
70.38 231
70.4 215
70.42 237
70.44 206
70.46 199
70.48 220
70.5 196
70.52 178
70.54 198
70.56 188
70.58 166
70.6 164
70.62 150
70.64 170
70.66 155
70.68 147
70.7 168
70.72 147
70.74 139
70.76 146
70.78 160
70.8 130
70.82 147
70.84 122
70.86 132
70.88 125
70.9 108
70.92 134
70.94 124
70.96 134
70.98 120
71 130
71.02 111
71.04 105
71.06 99
71.08 103
71.1 72
71.12 94
71.14 80
71.16 84
71.18 91
71.2 75
71.22 87
71.24 87
71.26 76
71.28 75
71.3 74
71.32 69
71.34 61
71.36 51
71.38 59
71.4 60
71.42 52
71.44 58
71.46 55
71.48 63
71.5 52
71.52 53
71.54 61
71.56 49
71.58 54
71.6 47
71.62 43
71.64 44
71.66 39
71.68 45
71.7 32
71.72 39
71.74 52
71.76 51
71.78 36
71.8 31
71.82 41
71.84 32
71.86 38
71.88 26
71.9 33
71.92 29
71.94 23
71.96 32
71.98 29
72 32
72.02 29
72.04 29
72.06 40
72.08 27
72.1 23
72.12 24
72.14 24
72.16 21
72.18 25
72.2 28
72.22 33
72.24 18
72.26 23
72.28 25
72.3 23
72.32 32
72.34 29
72.36 27
72.38 40
72.4 25
72.42 25
72.44 29
72.46 22
72.48 31
72.5 22
72.52 25
72.54 26
72.56 29
72.58 25
72.6 28
72.62 30
72.64 24
72.66 19
72.68 24
72.7 30
72.72 26
72.74 14
72.76 25
72.78 26
72.8 20
72.82 28
72.84 13
72.86 16
72.88 21
72.9 21
72.92 21
72.94 14
72.96 18
72.98 15
73 17
73.02 17
73.04 20
73.06 18
73.08 20
73.1 18
73.12 26
73.14 23
73.16 32
73.18 14
73.2 13
73.22 24
73.24 15
73.26 20
73.28 28
73.3 20
73.32 23
73.34 34
73.36 22
73.38 23
73.4 20
73.42 19
73.44 17
73.46 23
73.48 13
73.5 27
73.52 21
73.54 24
73.56 18
73.58 15
73.6 15
73.62 18
73.64 20
73.66 19
73.68 16
73.7 21
73.72 20
73.74 23
73.76 17
73.78 19
73.8 13
73.82 15
73.84 17
73.86 23
73.88 15
73.9 15
73.92 20
73.94 15
73.96 15
73.98 25
74 17
74.02 21
74.04 18
74.06 16
74.08 22
74.1 11
74.12 32
74.14 24
74.16 25
74.18 21
74.2 12
74.22 25
74.24 10
74.26 14
74.28 19
74.3 20
74.32 19
74.34 18
74.36 15
74.38 13
74.4 14
74.42 20
74.44 18
74.46 21
74.48 17
74.5 15
74.52 21
74.54 23
74.56 10
74.58 19
74.6 19
74.62 21
74.64 12
74.66 16
74.68 19
74.7 20
74.72 16
74.74 19
74.76 15
74.78 20
74.8 22
74.82 20
74.84 11
74.86 14
74.88 16
74.9 17
74.92 19
74.94 16
74.96 24
74.98 11
75 21
75.02 18
75.04 13
75.06 11
75.08 13
75.1 22
75.12 19
75.14 11
75.16 17
75.18 17
75.2 9
75.22 17
75.24 13
75.26 24
75.28 14
75.3 23
75.32 21
75.34 26
75.36 19
75.38 15
75.4 24
75.42 9
75.44 26
75.46 25
75.48 16
75.5 16
75.52 15
75.54 12
75.56 18
75.58 23
75.6 17
75.62 20
75.64 15
75.66 14
75.68 15
75.7 19
75.72 15
75.74 19
75.76 11
75.78 12
75.8 16
75.82 20
75.84 14
75.86 17
75.88 18
75.9 16
75.92 26
75.94 22
75.96 15
75.98 20
76 19
76.02 20
76.04 11
76.06 18
76.08 15
76.1 19
76.12 16
76.14 11
76.16 13
76.18 11
76.2 20
76.22 21
76.24 22
76.26 16
76.28 21
76.3 18
76.32 16
76.34 14
76.36 16
76.38 21
76.4 17
76.42 13
76.44 16
76.46 22
76.48 13
76.5 12
76.52 21
76.54 11
76.56 12
76.58 12
76.6 9
76.62 20
76.64 20
76.66 19
76.68 16
76.7 17
76.72 18
76.74 16
76.76 17
76.78 15
76.8 15
76.82 22
76.84 18
76.86 14
76.88 19
76.9 13
76.92 19
76.94 18
76.96 11
76.98 22
77 17
77.02 13
77.04 17
77.06 28
77.08 10
77.1 19
77.12 18
77.14 26
77.16 15
77.18 6
77.2 15
77.22 18
77.24 12
77.26 22
77.28 18
77.3 20
77.32 13
77.34 12
77.36 20
77.38 18
77.4 18
77.42 25
77.44 16
77.46 24
77.48 22
77.5 14
77.52 11
77.54 18
77.56 22
77.58 22
77.6 22
77.62 17
77.64 19
77.66 20
77.68 19
77.7 18
77.72 8
77.74 22
77.76 17
77.78 13
77.8 19
77.82 27
77.84 20
77.86 15
77.88 22
77.9 17
77.92 12
77.94 23
77.96 18
77.98 9
78 11
78.02 18
78.04 20
78.06 20
78.08 19
78.1 23
78.12 16
78.14 16
78.16 11
78.18 14
78.2 8
78.22 22
78.24 16
78.26 19
78.28 20
78.3 15
78.32 9
78.34 21
78.36 16
78.38 15
78.4 20
78.42 15
78.44 19
78.46 22
78.48 14
78.5 24
78.52 11
78.54 19
78.56 24
78.58 21
78.6 19
78.62 17
78.64 11
78.66 14
78.68 17
78.7 14
78.72 16
78.74 16
78.76 12
78.78 18
78.8 13
78.82 21
78.84 15
78.86 19
78.88 12
78.9 17
78.92 17
78.94 24
78.96 13
78.98 10
79 14
79.02 22
79.04 15
79.06 18
79.08 27
79.1 15
79.12 23
79.14 11
79.16 19
79.18 16
79.2 17
79.22 12
79.24 17
79.26 17
79.28 15
79.3 9
79.32 12
79.34 9
79.36 19
79.38 15
79.4 15
79.42 22
79.44 6
79.46 13
79.48 13
79.5 21
79.52 30
79.54 20
79.56 21
79.58 14
79.6 11
79.62 16
79.64 11
79.66 17
79.68 11
79.7 15
79.72 15
79.74 15
79.76 14
79.78 21
79.8 15
79.82 17
79.84 19
79.86 7
79.88 11
79.9 13
79.92 7
79.94 19
79.96 14
79.98 6
80 20
80.02 18
80.04 17
80.06 17
80.08 16
80.1 17
80.12 17
80.14 13
80.16 20
80.18 16
80.2 12
80.22 12
80.24 18
80.26 16
80.28 14
80.3 21
80.32 15
80.34 16
80.36 15
80.38 10
80.4 10
80.42 21
80.44 15
80.46 15
80.48 9
80.5 26
80.52 22
80.54 14
80.56 18
80.58 13
80.6 14
80.62 15
80.64 21
80.66 14
80.68 18
80.7 15
80.72 18
80.74 17
80.76 9
80.78 11
80.8 7
80.82 27
80.84 11
80.86 12
80.88 12
80.9 13
80.92 17
80.94 18
80.96 13
80.98 12
81 15
81.02 11
81.04 13
81.06 21
81.08 13
81.1 4
81.12 13
81.14 16
81.16 17
81.18 16
81.2 15
81.22 17
81.24 18
81.26 9
81.28 12
81.3 14
81.32 14
81.34 22
81.36 13
81.38 15
81.4 16
81.42 13
81.44 16
81.46 14
81.48 9
81.5 17
81.52 12
81.54 10
81.56 11
81.58 15
81.6 12
81.62 20
81.64 15
81.66 12
81.68 10
81.7 12
81.72 9
81.74 14
81.76 18
81.78 13
81.8 15
81.82 18
81.84 17
81.86 17
81.88 17
81.9 16
81.92 12
81.94 16
81.96 9
81.98 10
82 13
82.02 14
82.04 23
82.06 20
82.08 14
82.1 12
82.12 15
82.14 11
82.16 9
82.18 9
82.2 14
82.22 9
82.24 12
82.26 14
82.28 15
82.3 18
82.32 11
82.34 17
82.36 16
82.38 10
82.4 15
82.42 16
82.44 13
82.46 9
82.48 21
82.5 12
82.52 19
82.54 9
82.56 13
82.58 18
82.6 13
82.62 15
82.64 12
82.66 13
82.68 15
82.7 18
82.72 13
82.74 17
82.76 10
82.78 18
82.8 15
82.82 16
82.84 9
82.86 13
82.88 18
82.9 18
82.92 13
82.94 20
82.96 18
82.98 10
83 17
83.02 16
83.04 16
83.06 18
83.08 18
83.1 14
83.12 19
83.14 10
83.16 24
83.18 7
83.2 13
83.22 9
83.24 20
83.26 9
83.28 26
83.3 18
83.32 14
83.34 14
83.36 14
83.38 18
83.4 19
83.42 14
83.44 14
83.46 15
83.48 15
83.5 18
83.52 6
83.54 21
83.56 18
83.58 11
83.6 9
83.62 14
83.64 12
83.66 12
83.68 11
83.7 10
83.72 24
83.74 8
83.76 19
83.78 8
83.8 12
83.82 7
83.84 16
83.86 12
83.88 15
83.9 13
83.92 19
83.94 12
83.96 16
83.98 12
84 16
84.02 13
84.04 16
84.06 13
84.08 18
84.1 9
84.12 13
84.14 14
84.16 7
84.18 16
84.2 11
84.22 12
84.24 11
84.26 15
84.28 13
84.3 12
84.32 16
84.34 12
84.36 12
84.38 5
84.4 18
84.42 18
84.44 15
84.46 14
84.48 11
84.5 16
84.52 12
84.54 13
84.56 10
84.58 16
84.6 13
84.62 12
84.64 22
84.66 15
84.68 16
84.7 13
84.72 12
84.74 14
84.76 13
84.78 14
84.8 11
84.82 16
84.84 14
84.86 9
84.88 8
84.9 13
84.92 19
84.94 11
84.96 10
84.98 13
85 8
85.02 9
85.04 11
85.06 11
85.08 8
85.1 14
85.12 17
85.14 16
85.16 22
85.18 15
85.2 19
85.22 13
85.24 21
85.26 5
85.28 15
85.3 16
85.32 16
85.34 10
85.36 16
85.38 6
85.4 12
85.42 8
85.44 14
85.46 7
85.48 9
85.5 13
85.52 8
85.54 9
85.56 13
85.58 18
85.6 11
85.62 15
85.64 11
85.66 18
85.68 11
85.7 17
85.72 11
85.74 20
85.76 13
85.78 17
85.8 14
85.82 9
85.84 18
85.86 9
85.88 12
85.9 17
85.92 14
85.94 15
85.96 9
85.98 11
86 6
86.02 8
86.04 12
86.06 8
86.08 12
86.1 17
86.12 14
86.14 14
86.16 11
86.18 13
86.2 15
86.22 9
86.24 10
86.26 12
86.28 15
86.3 11
86.32 17
86.34 10
86.36 5
86.38 6
86.4 10
86.42 16
86.44 18
86.46 10
86.48 14
86.5 11
86.52 12
86.54 20
86.56 23
86.58 16
86.6 10
86.62 11
86.64 8
86.66 11
86.68 11
86.7 14
86.72 14
86.74 14
86.76 9
86.78 16
86.8 18
86.82 10
86.84 8
86.86 13
86.88 12
86.9 15
86.92 10
86.94 10
86.96 8
86.98 13
87 13
87.02 9
87.04 16
87.06 7
87.08 14
87.1 8
87.12 14
87.14 20
87.16 14
87.18 10
87.2 15
87.22 14
87.24 9
87.26 11
87.28 15
87.3 18
87.32 11
87.34 13
87.36 11
87.38 10
87.4 16
87.42 13
87.44 9
87.46 14
87.48 12
87.5 10
87.52 8
87.54 12
87.56 12
87.58 18
87.6 14
87.62 10
87.64 13
87.66 13
87.68 10
87.7 3
87.72 15
87.74 19
87.76 11
87.78 6
87.8 8
87.82 11
87.84 10
87.86 10
87.88 11
87.9 8
87.92 14
87.94 17
87.96 12
87.98 15
88 16
88.02 12
88.04 11
88.06 18
88.08 10
88.1 16
88.12 10
88.14 18
88.16 13
88.18 5
88.2 10
88.22 16
88.24 9
88.26 13
88.28 16
88.3 11
88.32 9
88.34 10
88.36 9
88.38 12
88.4 15
88.42 16
88.44 14
88.46 14
88.48 5
88.5 8
88.52 10
88.54 11
88.56 11
88.58 13
88.6 17
88.62 11
88.64 14
88.66 16
88.68 18
88.7 8
88.72 8
88.74 8
88.76 13
88.78 6
88.8 13
88.82 13
88.84 6
88.86 15
88.88 11
88.9 11
88.92 14
88.94 5
88.96 9
88.98 13
89 13
89.02 10
89.04 16
89.06 12
89.08 13
89.1 14
89.12 10
89.14 7
89.16 9
89.18 7
89.2 14
89.22 16
89.24 6
89.26 12
89.28 7
89.3 12
89.32 5
89.34 14
89.36 11
89.38 14
89.4 14
89.42 14
89.44 10
89.46 12
89.48 10
89.5 11
89.52 9
89.54 15
89.56 15
89.58 12
89.6 13
89.62 10
89.64 16
89.66 12
89.68 11
89.7 10
89.72 8
89.74 12
89.76 6
89.78 9
89.8 8
89.82 12
89.84 11
89.86 12
89.88 18
89.9 11
89.92 6
89.94 6
89.96 12
89.98 11
90 9
