   h    k    l      d (Å)      F(real)      F(imag)          |F|         2θ          I    M ID(λ) Phase
   1    1    1   3.746541   195.130538  -152.405254      247.595   23.72948  100.00000    8     1     1
   1    1    1   3.746541   195.193324  -152.307608      247.584   23.78779   49.73944    8     2     1
   2    2    0   2.294279   298.749520    41.475651      301.615   39.23590   75.48775   12     1     1
   2    2    0   2.294279   298.715679    41.631390      301.603   39.33483   37.53054   12     2     1
   3    1    1   1.956567   118.461152   159.204635      198.442   46.36958   44.93478   24     1     1
   3    1    1   1.956567   118.368035   159.264508      198.434   46.48846   22.33581   24     2     1
   2    2    2   1.873271     0.000000     0.000000  1.42109e-14   48.56098    0.00000    8     1     1
   2    2    2   1.873271     0.000000     0.000000  2.00972e-14   48.68621    0.00000    8     2     1
   4    0    0   1.622300   249.296817    39.551814      252.415   56.69494   11.50780    6     1     1
   4    0    0   1.622300   249.264545    39.700329      252.406   56.84472    5.71924    6     2     1
   3    3    1   1.488725   136.942526   -98.088918      168.448   62.31875   16.58539   24     1     1
   3    3    1   1.488725   136.999622   -98.000121      168.443   62.48663    8.24314   24     2     1
   4    2    2   1.324602   214.508294    37.717213      217.799   71.11650   20.98034   24     1     1
   4    2    2   1.324602   214.477520    37.858840      217.793   71.31500   10.43197   24     2     1
   3    3    3   1.248847    83.347718   120.399111      146.434   76.16653    2.77922    8     1     1
   5    1    1   1.248847   120.399111   -83.347718      146.434   76.16653    8.33766   24     1     1
   3    3    3   1.248847    83.263039   120.453559       146.43   76.38417    1.38261    8     2     1
   5    1    1   1.248847   120.453559   -83.263039       146.43   76.38417    4.14783   24     2     1
   4    4    0   1.147139   187.876124    35.967710      191.288   84.36485    6.08918   12     1     1
   4    4    0   1.147139   187.846777    36.102768      191.285   84.61659    3.03332   12     2     1
   5    3    1   1.096875    72.034907   107.367682      129.294   89.21795   10.49032   48     1     1
   5    3    1   1.096875    71.954156   107.419604      129.292   89.49203    5.23149   48     2     1
   4    4    2   1.081533     0.000000     0.000000  1.28786e-14   90.83268    0.00000   24     1     1
   4    4    2   1.081533     0.000000     0.000000  9.97966e-15   91.11462    0.00000   24     2     1
   6    2    0   1.026033   166.739463    34.299358      170.231   97.31119    8.71135   24     1     1
   6    2    0   1.026033   166.711477    34.428150      170.229   97.62709    4.35430   24     2     1
   5    3    3   0.989594    96.796928   -63.103055      115.549  102.22801    4.03964   24     1     1
   5    3    3   0.989594    96.846442   -63.026050      115.549  102.57277    2.02246   24     2     1
   6    2    2   0.978284    -0.000000     0.000000  5.19793e-15  103.88560    0.00000   24     1     1
   6    2    2   0.978284     0.000000     0.000000  1.73195e-14  104.24079    0.00000   24     2     1
   4    4    4   0.936635   149.574576    32.708391      153.109  110.65316    2.51506    8     1     1
   4    4    4   0.936635   149.547889    32.831210      153.109  111.05537    1.26308    8     2     1
   5    5    1   0.908670    88.036993   -55.906001      104.288  115.92883    3.74334   24     1     1
   7    1    1   0.908670    55.906001    88.036993      104.288  115.92883    3.74334   24     1     1
   5    5    1   0.908670    88.084210   -55.832568      104.289  116.37373    1.88397   24     2     1
   7    1    1   0.908670    55.832568    88.084210      104.289  116.37373    1.88397   24     2     1
   6    4    2   0.867156   135.362661    31.191221       138.91  125.32135   15.65000   48     1     1
   6    4    2   0.867156   135.337212    31.308343      138.911  125.86059    7.91150   48     2     1
