   h    k    l      d (Å)      F(real)      F(imag)          |F|         2θ          I    M ID(λ) Phase
   2    0    0   2.915400   159.976972    20.759557      161.318   30.64079  100.00000    4     1     1
   2    0    0   2.915400   159.960033    20.837508      161.312   30.71683   49.73028    4     2     1
   1    0    1   2.792472    67.909828    88.418119      111.488   32.02505   86.85217    8     1     1
   1    0    1   2.792472    67.862958    88.448257      111.483   32.10470   43.19009    8     2     1
   2    2    0   2.061499   137.673095    19.817375      139.092   43.88284   33.74698    4     1     1
   2    2    0   2.061499   137.656925    19.891789      139.087   43.99465   16.77581    4     2     1
   2    1    1   2.016634    77.253031   -57.675518       96.408   44.91169   61.55075   16     1     1
   2    1    1   2.016634    77.281801   -57.630775      96.4043   45.02642   30.59634   16     2     1
   3    0    1   1.658518    50.146384    68.835363      85.1644   55.34907   14.93859    8     1     1
   3    0    1   1.658518    50.103671    68.862827      85.1614   55.49467    7.42435    8     2     1
   1    1    2   1.483915   106.322646    17.604911       107.77   62.54346   18.18231    8     1     1
   1    1    2   1.483915   106.308282    17.671016      107.767   62.71209    9.03687    8     2     1
   4    0    0   1.457700   108.089589    18.059355      109.588   63.79925    8.99956    4     1     1
   4    0    0   1.457700   108.074854    18.127168      109.585   63.97207    4.47306    4     2     1
   3    2    1   1.441576    44.166907    62.007679      76.1293   64.59877   16.90857   16     1     1
   3    2    1   1.441576    44.126133    62.033897       76.127   64.77429    8.40430   16     2     1
   2    0    2   1.396236     0.000000     0.000000  5.32907e-15   66.96674    0.00000    8     1     1
   2    0    2   1.396236     0.000000     0.000000  5.32907e-15   67.15041    0.00000    8     2     1
   4    2    0   1.303807    97.180496    17.239724      98.6978   72.42842   11.22249    8     1     1
   4    2    0   1.303807    97.166430    17.304458      98.6953   72.63178    5.58074    8     2     1
   4    1    1   1.292231    56.275498   -39.244438       68.608   73.18191   10.63278   16     1     1
   4    1    1   1.292231    56.300526   -39.205514      68.6063   73.38809    5.28786   16     2     1
   3    1    2   1.204349    86.340048    16.043161      87.8179   79.52337   15.06623   16     1     1
   3    1    2   1.204349    86.326958    16.103402      87.8161   79.75447    7.49869   16     2     1
   5    0    1   1.094903    31.596499    47.116717      56.7303   89.42172    2.72082    8     1     1
   4    3    1   1.094903    47.116717   -31.596499      56.7303   89.42172    5.44164   16     1     1
   5    0    1   1.094903    31.561029    47.139524      56.7295   89.69678    1.35693    8     2     1
   4    3    1   1.094903    47.139524   -31.561029      56.7295   89.69678    2.71387   16     2     1
   4    0    2   1.074637     0.000000     0.000000  5.32907e-15   91.58136    0.00000    8     1     1
   4    0    2   1.074637     0.000000     0.000000  4.44089e-15   91.86702    0.00000    8     2     1
   1    0    3   1.043224    41.639228   -27.559669      49.9336   95.18730    2.03286    8     1     1
   1    0    3   1.043224    41.659918   -27.527491      49.9331   95.49160    1.01545    8     2     1
   3    3    2   1.039894    71.703984    14.619956      73.1793   95.58986    4.36078    8     1     1
   3    3    2   1.039894    71.692056    14.674853      73.1786   95.89632    2.17855    8     2     1
   4    4    0   1.030750    73.127947    14.997348        74.65   96.71696    2.26309    4     1     1
   4    4    0   1.030750    73.115711    15.053663      74.6493   97.02957    1.13098    4     2     1
   5    2    1   1.025001    28.580221    43.396048       51.962   97.44231    4.38181   16     1     1
   5    2    1   1.025001    28.546361    43.417820      51.9615   97.75894    2.19030   16     2     1
   4    2    2   1.008317     0.000000     0.000000  4.44089e-15   99.62605    0.00000   16     1     1
   4    2    2   1.008317     0.000000     0.000000  4.44089e-15   99.95517    0.00000   16     2     1
   2    1    3   0.982233    25.012731    38.453282      45.8726  103.29898    3.45285   16     1     1
   2    1    3   0.982233    24.982013    38.473034      45.8724  103.65043    1.72933   16     2     1
   6    0    0   0.971800    67.119778    14.316687      68.6297  104.86754    1.94840    4     1     1
   6    0    0   0.971800    67.108096    14.370446      68.6295  105.22910    0.97638    4     2     1
   3    0    3   0.930824    35.628668   -22.798121      42.2984  111.69422    1.57280    8     1     1
   3    0    3   0.930824    35.647522   -22.768798      42.2985  112.10439    0.79019    8     2     1
   5    1    2   0.928456    60.564620    13.323004      62.0127  112.12620    6.79543   16     1     1
   5    1    2   0.928456    60.553749    13.373031      62.0129  112.53974    3.41469   16     2     1
   6    2    0   0.921930    61.831435    13.666918      63.3239  113.34121    3.59639    8     1     1
   6    2    0   0.921930    61.820284    13.718237      63.3241  113.76441    1.80807    8     2     1
   6    1    1   0.917810    37.199568   -23.698069      44.1068  114.12753    3.52556   16     1     1
   6    1    1   0.917810    37.219409   -23.667212      44.1069  114.55717    1.77302   16     2     1
   3    2    3   0.886725    33.107377   -20.859151      39.1306  120.61545    3.06779   16     1     1
   3    2    3   0.886725    33.125376   -20.831158      39.1309  121.10399    1.54720   16     2     1
   5    4    1   0.875453    21.704162    34.592889       40.838  123.25660    3.50658   16     1     1
   5    4    1   0.875453    21.674705    34.611830      40.8384  123.77263    1.77077   16     2     1
