   h    k    l      d (Å)      F(real)      F(imag)          |F|         2θ          I    M ID(λ) Phase
   1    1    1   3.135416    43.341599   -40.764372      59.4998   28.44357  100.00000    8     1     1
   1    1    1   3.135416    43.349650   -40.761104      59.5034   28.51392   49.74362    8     2     1
   2    2    0   1.920042    67.004338     2.470277      67.0499   47.30484   62.23417   12     1     1
   2    2    0   1.920042    67.008922     2.481126      67.0548   47.42642   30.94104   12     2     1
   3    1    1   1.637418    29.463568    31.871818      43.4041   56.12491   35.35330   24     1     1
   3    1    1   1.637418    29.460515    31.879341      43.4075   56.27291   17.57419   24     2     1
   2    2    2   1.567708    -0.000000     0.000000  4.07166e-15   58.85897    0.00000    8     1     1
   2    2    2   1.567708     0.000000     0.000000  3.66374e-15   59.01559    0.00000    8     2     1
   4    0    0   1.357675    54.215026     2.308312      54.2641   69.13328    8.75032    6     1     1
   4    0    0   1.357675    54.219310     2.318450      54.2689   69.32461    4.35126    6     2     1
   3    3    1   1.245888    26.448769   -24.198418      35.8483   76.37997   12.62314   24     1     1
   3    3    1   1.245888    26.455799   -24.195564      35.8516   76.59845    6.28137   24     2     1
   4    2    2   1.108537    45.405249     2.156966      45.4565   88.03478   16.65835   24     1     1
   4    2    2   1.108537    45.409253     2.166439      45.4609   88.30325    8.30695   24     2     1
   3    3    3   1.045139    20.244033    22.346839       30.153   94.95771    2.32540    8     1     1
   5    1    1   1.045139    22.346839   -20.244033       30.153   94.95771    6.97619   24     1     1
   3    3    3   1.045139    20.241367    22.353407      30.1561   95.26079    1.16176    8     2     1
   5    1    1   1.045139    22.353407   -20.241367      30.1561   95.26079    3.48527   24     2     1
   4    4    0   0.960021    38.357672     2.015544      38.4106  106.71489    5.81222   12     1     1
   4    4    0   0.960021    38.361413     2.024395      38.4148  107.08882    2.91522   12     2     1
   5    3    1   0.917956    17.048071    19.013006      25.5369  114.09952   11.10932   48     1     1
   5    3    1   0.917956    17.045580    19.019144      25.5398  114.52893    5.58811   48     2     1
   4    4    2   0.905117     0.000000     0.000000  2.53185e-15  116.65138    0.00000   24     1     1
   4    4    2   0.905117     0.000000     0.000000  2.66121e-15  117.10262    0.00000   24     2     1
   6    2    0   0.858669    32.590686     1.883393      32.6451  127.55422   11.49296   24     1     1
   6    2    0   0.858669    32.594181     1.891665       32.649  128.12050    5.81852   24     2     1
