Sample SnGe_sample2_pested
Comments 
Filename C:\WINDMAX\DATA\KAGAWALAB\181122_sample2_pested.raw
Goniometer TTRáV êÖïΩ∫ﬁ∆µ“∞¿(Tsé≤éËìÆ,ADS)
Attachment ïWèÄééóøŒŸ¿ﬁ∞
Monochromater å≈íË”…∏€“∞¿
ScanningMode 2Theta/Theta
ScanningType Continuos Scanning
X-Ray 40kV/300mA
î≠éUΩÿØƒ 2/3Åã
î≠éUècêßå¿ΩÿØƒ 10mm
éUóêΩÿØƒ 2/3Åã
éÛåıΩÿØƒ 0.3mm
±Ø√»∞¿ äJï˙
”…∏€éÛåıΩÿØƒ 0.8mm
Start 10
Stop 90
Step 0.02
10 259
10.02 277
10.04 296
10.06 265
10.08 277
10.1 273
10.12 289
10.14 254
10.16 255
10.18 279
10.2 242
10.22 291
10.24 273
10.26 271
10.28 269
10.3 264
10.32 261
10.34 263
10.36 281
10.38 264
10.4 267
10.42 252
10.44 272
10.46 287
10.48 263
10.5 286
10.52 262
10.54 271
10.56 296
10.58 272
10.6 274
10.62 248
10.64 260
10.66 265
10.68 290
10.7 246
10.72 265
10.74 287
10.76 258
10.78 295
10.8 241
10.82 245
10.84 256
10.86 271
10.88 272
10.9 249
10.92 281
10.94 278
10.96 265
10.98 320
11 280
11.02 255
11.04 245
11.06 248
11.08 270
11.1 258
11.12 284
11.14 245
11.16 254
11.18 260
11.2 267
11.22 273
11.24 278
11.26 276
11.28 257
11.3 243
11.32 271
11.34 266
11.36 265
11.38 280
11.4 211
11.42 261
11.44 272
11.46 251
11.48 267
11.5 274
11.52 265
11.54 255
11.56 234
11.58 245
11.6 260
11.62 269
11.64 265
11.66 250
11.68 247
11.7 256
11.72 272
11.74 274
11.76 252
11.78 241
11.8 252
11.82 237
11.84 231
11.86 248
11.88 273
11.9 224
11.92 253
11.94 245
11.96 257
11.98 271
12 250
12.02 242
12.04 257
12.06 223
12.08 241
12.1 241
12.12 224
12.14 262
12.16 258
12.18 233
12.2 271
12.22 226
12.24 258
12.26 277
12.28 253
12.3 265
12.32 251
12.34 251
12.36 234
12.38 244
12.4 240
12.42 232
12.44 263
12.46 248
12.48 263
12.5 255
12.52 268
12.54 225
12.56 264
12.58 252
12.6 247
12.62 252
12.64 270
12.66 251
12.68 239
12.7 261
12.72 247
12.74 239
12.76 253
12.78 285
12.8 250
12.82 261
12.84 269
12.86 253
12.88 254
12.9 249
12.92 244
12.94 241
12.96 261
12.98 260
13 263
13.02 278
13.04 256
13.06 263
13.08 239
13.1 233
13.12 246
13.14 275
13.16 266
13.18 275
13.2 281
13.22 295
13.24 293
13.26 292
13.28 308
13.3 318
13.32 291
13.34 261
13.36 289
13.38 321
13.4 274
13.42 315
13.44 319
13.46 316
13.48 326
13.5 332
13.52 364
13.54 390
13.56 360
13.58 380
13.6 398
13.62 444
13.64 436
13.66 452
13.68 493
13.7 525
13.72 491
13.74 534
13.76 544
13.78 563
13.8 598
13.82 601
13.84 622
13.86 679
13.88 669
13.9 733
13.92 686
13.94 768
13.96 843
13.98 825
14 872
14.02 891
14.04 902
14.06 839
14.08 929
14.1 843
14.12 813
14.14 785
14.16 712
14.18 601
14.2 592
14.22 558
14.24 510
14.26 451
14.28 408
14.3 466
14.32 422
14.34 403
14.36 356
14.38 342
14.4 324
14.42 302
14.44 301
14.46 294
14.48 249
14.5 215
14.52 262
14.54 270
14.56 220
14.58 222
14.6 261
14.62 228
14.64 189
14.66 220
14.68 215
14.7 205
14.72 172
14.74 196
14.76 199
14.78 189
14.8 180
14.82 156
14.84 179
14.86 157
14.88 169
14.9 186
14.92 173
14.94 156
14.96 154
14.98 155
15 167
15.02 145
15.04 163
15.06 128
15.08 148
15.1 156
15.12 160
15.14 132
15.16 129
15.18 144
15.2 134
15.22 124
15.24 128
15.26 172
15.28 124
15.3 146
15.32 123
15.34 135
15.36 129
15.38 107
15.4 153
15.42 133
15.44 136
15.46 128
15.48 128
15.5 135
15.52 119
15.54 129
15.56 121
15.58 111
15.6 127
15.62 119
15.64 113
15.66 128
15.68 93
15.7 139
15.72 106
15.74 118
15.76 109
15.78 115
15.8 114
15.82 105
15.84 103
15.86 107
15.88 119
15.9 102
15.92 117
15.94 117
15.96 105
15.98 98
16 105
16.02 126
16.04 97
16.06 114
16.08 120
16.1 103
16.12 104
16.14 126
16.16 103
16.18 111
16.2 108
16.22 109
16.24 91
16.26 116
16.28 104
16.3 93
16.32 95
16.34 105
16.36 113
16.38 111
16.4 108
16.42 94
16.44 106
16.46 115
16.48 93
16.5 106
16.52 126
16.54 125
16.56 103
16.58 128
16.6 130
16.62 126
16.64 135
16.66 119
16.68 124
16.7 123
16.72 130
16.74 138
16.76 124
16.78 118
16.8 125
16.82 160
16.84 145
16.86 141
16.88 137
16.9 142
16.92 124
16.94 131
16.96 128
16.98 121
17 130
17.02 132
17.04 117
17.06 96
17.08 121
17.1 106
17.12 92
17.14 99
17.16 111
17.18 107
17.2 108
17.22 81
17.24 96
17.26 93
17.28 106
17.3 78
17.32 100
17.34 90
17.36 100
17.38 86
17.4 91
17.42 70
17.44 89
17.46 74
17.48 89
17.5 84
17.52 88
17.54 88
17.56 82
17.58 89
17.6 79
17.62 88
17.64 87
17.66 82
17.68 94
17.7 72
17.72 80
17.74 93
17.76 85
17.78 74
17.8 67
17.82 85
17.84 69
17.86 99
17.88 75
17.9 71
17.92 71
17.94 85
17.96 89
17.98 67
18 72
18.02 76
18.04 68
18.06 87
18.08 83
18.1 71
18.12 79
18.14 82
18.16 85
18.18 77
18.2 85
18.22 77
18.24 73
18.26 89
18.28 80
18.3 88
18.32 86
18.34 75
18.36 65
18.38 87
18.4 77
18.42 77
18.44 89
18.46 76
18.48 88
18.5 77
18.52 91
18.54 78
18.56 93
18.58 77
18.6 90
18.62 77
18.64 76
18.66 77
18.68 84
18.7 76
18.72 102
18.74 84
18.76 68
18.78 70
18.8 73
18.82 76
18.84 68
18.86 76
18.88 71
18.9 86
18.92 74
18.94 80
18.96 82
18.98 70
19 96
19.02 74
19.04 88
19.06 78
19.08 79
19.1 71
19.12 84
19.14 78
19.16 90
19.18 71
19.2 84
19.22 89
19.24 81
19.26 85
19.28 81
19.3 88
19.32 67
19.34 84
19.36 71
19.38 73
19.4 82
19.42 71
19.44 71
19.46 79
19.48 71
19.5 96
19.52 68
19.54 66
19.56 83
19.58 73
19.6 89
19.62 75
19.64 62
19.66 80
19.68 73
19.7 78
19.72 71
19.74 67
19.76 71
19.78 79
19.8 81
19.82 85
19.84 96
19.86 77
19.88 75
19.9 63
19.92 84
19.94 65
19.96 76
19.98 74
20 71
20.02 77
20.04 64
20.06 73
20.08 80
20.1 57
20.12 94
20.14 58
20.16 77
20.18 77
20.2 73
20.22 79
20.24 78
20.26 72
20.28 61
20.3 82
20.32 56
20.34 81
20.36 71
20.38 73
20.4 63
20.42 64
20.44 61
20.46 76
20.48 63
20.5 76
20.52 88
20.54 91
20.56 70
20.58 73
20.6 68
20.62 62
20.64 95
20.66 72
20.68 75
20.7 62
20.72 72
20.74 70
20.76 66
20.78 68
20.8 72
20.82 74
20.84 76
20.86 64
20.88 84
20.9 71
20.92 75
20.94 71
20.96 71
20.98 77
21 62
21.02 68
21.04 77
21.06 70
21.08 69
21.1 67
21.12 62
21.14 76
21.16 67
21.18 80
21.2 77
21.22 76
21.24 77
21.26 69
21.28 81
21.3 64
21.32 55
21.34 78
21.36 80
21.38 91
21.4 97
21.42 78
21.44 123
21.46 127
21.48 170
21.5 144
21.52 170
21.54 170
21.56 156
21.58 145
21.6 151
21.62 127
21.64 134
21.66 99
21.68 97
21.7 74
21.72 80
21.74 72
21.76 74
21.78 72
21.8 76
21.82 62
21.84 69
21.86 67
21.88 72
21.9 57
21.92 72
21.94 62
21.96 78
21.98 65
22 58
22.02 54
22.04 56
22.06 69
22.08 50
22.1 55
22.12 54
22.14 66
22.16 52
22.18 62
22.2 63
22.22 65
22.24 67
22.26 54
22.28 62
22.3 65
22.32 53
22.34 41
22.36 76
22.38 53
22.4 65
22.42 54
22.44 65
22.46 59
22.48 62
22.5 56
22.52 45
22.54 61
22.56 56
22.58 68
22.6 58
22.62 68
22.64 46
22.66 56
22.68 53
22.7 71
22.72 57
22.74 61
22.76 45
22.78 74
22.8 84
22.82 78
22.84 61
22.86 74
22.88 89
22.9 97
22.92 100
22.94 89
22.96 120
22.98 133
23 187
23.02 208
23.04 216
23.06 295
23.08 316
23.1 365
23.12 433
23.14 424
23.16 491
23.18 463
23.2 483
23.22 471
23.24 396
23.26 340
23.28 234
23.3 215
23.32 169
23.34 137
23.36 112
23.38 100
23.4 88
23.42 77
23.44 78
23.46 78
23.48 76
23.5 83
23.52 64
23.54 65
23.56 83
23.58 88
23.6 110
23.62 106
23.64 117
23.66 202
23.68 283
23.7 361
23.72 489
23.74 603
23.76 632
23.78 752
23.8 794
23.82 732
23.84 628
23.86 515
23.88 426
23.9 302
23.92 239
23.94 185
23.96 150
23.98 98
24 103
24.02 69
24.04 81
24.06 65
24.08 67
24.1 57
24.12 66
24.14 65
24.16 57
24.18 73
24.2 53
24.22 48
24.24 66
24.26 60
24.28 53
24.3 54
24.32 53
24.34 54
24.36 43
24.38 60
24.4 40
24.42 44
24.44 56
24.46 47
24.48 48
24.5 49
24.52 47
24.54 58
24.56 54
24.58 40
24.6 49
24.62 47
24.64 43
24.66 42
24.68 47
24.7 55
24.72 53
24.74 44
24.76 52
24.78 50
24.8 36
24.82 40
24.84 40
24.86 39
24.88 48
24.9 36
24.92 58
24.94 45
24.96 43
24.98 39
25 38
25.02 39
25.04 39
25.06 56
25.08 43
25.1 43
25.12 41
25.14 49
25.16 51
25.18 52
25.2 45
25.22 53
25.24 53
25.26 45
25.28 39
25.3 47
25.32 39
25.34 37
25.36 53
25.38 41
25.4 27
25.42 40
25.44 51
25.46 47
25.48 37
25.5 34
25.52 37
25.54 42
25.56 45
25.58 37
25.6 46
25.62 38
25.64 45
25.66 27
25.68 42
25.7 38
25.72 39
25.74 42
25.76 37
25.78 42
25.8 29
25.82 29
25.84 33
25.86 45
25.88 36
25.9 52
25.92 41
25.94 50
25.96 41
25.98 46
26 48
26.02 36
26.04 32
26.06 48
26.08 50
26.1 44
26.12 46
26.14 45
26.16 39
26.18 38
26.2 31
26.22 33
26.24 49
26.26 43
26.28 54
26.3 48
26.32 33
26.34 47
26.36 26
26.38 38
26.4 51
26.42 38
26.44 36
26.46 33
26.48 40
26.5 42
26.52 34
26.54 44
26.56 51
26.58 33
26.6 55
26.62 34
26.64 42
26.66 53
26.68 43
26.7 42
26.72 45
26.74 43
26.76 34
26.78 43
26.8 34
26.82 38
26.84 37
26.86 43
26.88 41
26.9 45
26.92 40
26.94 35
26.96 47
26.98 35
27 38
27.02 39
27.04 50
27.06 31
27.08 37
27.1 28
27.12 45
27.14 55
27.16 39
27.18 22
27.2 54
27.22 29
27.24 35
27.26 44
27.28 33
27.3 27
27.32 32
27.34 33
27.36 28
27.38 28
27.4 38
27.42 31
27.44 40
27.46 26
27.48 38
27.5 40
27.52 35
27.54 44
27.56 33
27.58 38
27.6 25
27.62 36
27.64 35
27.66 35
27.68 35
27.7 38
27.72 48
27.74 38
27.76 35
27.78 36
27.8 32
27.82 44
27.84 30
27.86 43
27.88 36
27.9 31
27.92 27
27.94 43
27.96 39
27.98 34
28 33
28.02 36
28.04 44
28.06 35
28.08 45
28.1 36
28.12 33
28.14 38
28.16 35
28.18 29
28.2 40
28.22 43
28.24 42
28.26 42
28.28 44
28.3 30
28.32 47
28.34 48
28.36 37
28.38 46
28.4 39
28.42 44
28.44 43
28.46 48
28.48 43
28.5 44
28.52 47
28.54 47
28.56 49
28.58 37
28.6 45
28.62 42
28.64 49
28.66 45
28.68 30
28.7 51
28.72 49
28.74 50
28.76 54
28.78 46
28.8 60
28.82 47
28.84 44
28.86 53
28.88 46
28.9 47
28.92 50
28.94 65
28.96 73
28.98 55
29 65
29.02 63
29.04 79
29.06 82
29.08 99
29.1 108
29.12 97
29.14 117
29.16 159
29.18 146
29.2 181
29.22 253
29.24 320
29.26 389
29.28 520
29.3 627
29.32 857
29.34 1148
29.36 1493
29.38 1999
29.4 2660
29.42 3423
29.44 4427
29.46 5181
29.48 6092
29.5 6611
29.52 7188
29.54 7482
29.56 7329
29.58 6295
29.6 5479
29.62 4598
29.64 3655
29.66 2737
29.68 1935
29.7 1389
29.72 1041
29.74 740
29.76 543
29.78 422
29.8 357
29.82 292
29.84 277
29.86 230
29.88 224
29.9 200
29.92 155
29.94 147
29.96 122
29.98 138
30 128
30.02 109
30.04 112
30.06 105
30.08 72
30.1 83
30.12 76
30.14 70
30.16 69
30.18 58
30.2 83
30.22 65
30.24 70
30.26 48
30.28 62
30.3 64
30.32 51
30.34 73
30.36 41
30.38 53
30.4 51
30.42 48
30.44 36
30.46 58
30.48 47
30.5 60
30.52 42
30.54 51
30.56 53
30.58 56
30.6 70
30.62 100
30.64 102
30.66 111
30.68 124
30.7 145
30.72 141
30.74 134
30.76 119
30.78 102
30.8 101
30.82 78
30.84 72
30.86 65
30.88 60
30.9 54
30.92 51
30.94 47
30.96 39
30.98 54
31 50
31.02 59
31.04 56
31.06 54
31.08 46
31.1 53
31.12 50
31.14 52
31.16 55
31.18 47
31.2 43
31.22 33
31.24 36
31.26 38
31.28 36
31.3 43
31.32 55
31.34 53
31.36 53
31.38 72
31.4 80
31.42 99
31.44 129
31.46 129
31.48 151
31.5 174
31.52 176
31.54 180
31.56 223
31.58 197
31.6 181
31.62 181
31.64 147
31.66 129
31.68 115
31.7 111
31.72 99
31.74 81
31.76 68
31.78 65
31.8 48
31.82 60
31.84 50
31.86 50
31.88 52
31.9 41
31.92 46
31.94 64
31.96 56
31.98 71
32 82
32.02 102
32.04 119
32.06 121
32.08 140
32.1 176
32.12 150
32.14 128
32.16 115
32.18 109
32.2 92
32.22 72
32.24 73
32.26 49
32.28 36
32.3 35
32.32 35
32.34 55
32.36 42
32.38 28
32.4 34
32.42 38
32.44 38
32.46 34
32.48 26
32.5 35
32.52 29
32.54 41
32.56 28
32.58 34
32.6 42
32.62 27
32.64 32
32.66 36
32.68 30
32.7 20
32.72 28
32.74 30
32.76 36
32.78 40
32.8 30
32.82 35
32.84 28
32.86 33
32.88 31
32.9 32
32.92 36
32.94 30
32.96 40
32.98 29
33 36
33.02 38
33.04 34
33.06 24
33.08 29
33.1 30
33.12 41
33.14 33
33.16 29
33.18 24
33.2 24
33.22 36
33.24 29
33.26 31
33.28 30
33.3 33
33.32 31
33.34 45
33.36 29
33.38 42
33.4 28
33.42 27
33.44 44
33.46 26
33.48 30
33.5 49
33.52 36
33.54 25
33.56 20
33.58 25
33.6 24
33.62 30
33.64 28
33.66 32
33.68 41
33.7 36
33.72 32
33.74 27
33.76 38
33.78 38
33.8 33
33.82 23
33.84 42
33.86 38
33.88 42
33.9 31
33.92 40
33.94 41
33.96 40
33.98 40
34 35
34.02 32
34.04 36
34.06 33
34.08 34
34.1 32
34.12 33
34.14 23
34.16 25
34.18 27
34.2 32
34.22 30
34.24 31
34.26 28
34.28 36
34.3 28
34.32 32
34.34 29
34.36 27
34.38 35
34.4 29
34.42 24
34.44 35
34.46 30
34.48 31
34.5 43
34.52 23
34.54 34
34.56 38
34.58 30
34.6 37
34.62 34
34.64 20
34.66 26
34.68 28
34.7 31
34.72 33
34.74 31
34.76 34
34.78 33
34.8 25
34.82 42
34.84 25
34.86 26
34.88 29
34.9 26
34.92 37
34.94 26
34.96 24
34.98 32
35 38
35.02 24
35.04 32
35.06 18
35.08 34
35.1 38
35.12 43
35.14 36
35.16 30
35.18 35
35.2 43
35.22 31
35.24 30
35.26 33
35.28 29
35.3 27
35.32 28
35.34 34
35.36 36
35.38 36
35.4 25
35.42 46
35.44 42
35.46 32
35.48 38
35.5 41
35.52 32
35.54 36
35.56 31
35.58 35
35.6 35
35.62 36
35.64 29
35.66 51
35.68 38
35.7 43
35.72 37
35.74 57
35.76 46
35.78 53
35.8 58
35.82 64
35.84 80
35.86 100
35.88 113
35.9 149
35.92 195
35.94 209
35.96 286
35.98 355
36 397
36.02 491
36.04 537
36.06 622
36.08 715
36.1 681
36.12 694
36.14 670
36.16 597
36.18 521
36.2 445
36.22 353
36.24 321
36.26 238
36.28 202
36.3 157
36.32 134
36.34 99
36.36 84
36.38 60
36.4 70
36.42 65
36.44 66
36.46 65
36.48 51
36.5 47
36.52 52
36.54 46
36.56 34
36.58 45
36.6 45
36.62 41
36.64 53
36.66 39
36.68 53
36.7 39
36.72 35
36.74 40
36.76 43
36.78 36
36.8 37
36.82 36
36.84 36
36.86 44
36.88 32
36.9 38
36.92 27
36.94 41
36.96 35
36.98 32
37 39
37.02 37
37.04 29
37.06 31
37.08 33
37.1 43
37.12 32
37.14 46
37.16 31
37.18 41
37.2 42
37.22 39
37.24 29
37.26 42
37.28 26
37.3 41
37.32 18
37.34 35
37.36 38
37.38 30
37.4 31
37.42 30
37.44 36
37.46 38
37.48 26
37.5 32
37.52 29
37.54 27
37.56 40
37.58 37
37.6 32
37.62 40
37.64 48
37.66 42
37.68 32
37.7 33
37.72 33
37.74 30
37.76 33
37.78 29
37.8 43
37.82 39
37.84 28
37.86 38
37.88 29
37.9 27
37.92 41
37.94 33
37.96 28
37.98 40
38 24
38.02 27
38.04 40
38.06 27
38.08 33
38.1 38
38.12 29
38.14 37
38.16 36
38.18 43
38.2 30
38.22 34
38.24 34
38.26 41
38.28 38
38.3 30
38.32 37
38.34 47
38.36 32
38.38 29
38.4 26
38.42 34
38.44 33
38.46 34
38.48 38
38.5 43
38.52 30
38.54 39
38.56 43
38.58 32
38.6 45
38.62 32
38.64 34
38.66 38
38.68 38
38.7 44
38.72 52
38.74 30
38.76 42
38.78 44
38.8 40
38.82 38
38.84 45
38.86 58
38.88 39
38.9 39
38.92 57
38.94 49
38.96 75
38.98 50
39 65
39.02 56
39.04 74
39.06 72
39.08 112
39.1 153
39.12 159
39.14 191
39.16 257
39.18 428
39.2 532
39.22 660
39.24 758
39.26 824
39.28 762
39.3 812
39.32 800
39.34 778
39.36 827
39.38 782
39.4 823
39.42 826
39.44 799
39.46 817
39.48 895
39.5 940
39.52 986
39.54 974
39.56 1047
39.58 954
39.6 897
39.62 714
39.64 648
39.66 575
39.68 513
39.7 391
39.72 348
39.74 268
39.76 238
39.78 194
39.8 145
39.82 118
39.84 118
39.86 93
39.88 101
39.9 85
39.92 98
39.94 73
39.96 85
39.98 63
40 68
40.02 72
40.04 59
40.06 46
40.08 56
40.1 54
40.12 51
40.14 46
40.16 59
40.18 46
40.2 58
40.22 57
40.24 47
40.26 44
40.28 30
40.3 50
40.32 47
40.34 55
40.36 57
40.38 44
40.4 41
40.42 38
40.44 40
40.46 39
40.48 51
40.5 47
40.52 40
40.54 37
40.56 32
40.58 45
40.6 48
40.62 44
40.64 37
40.66 44
40.68 43
40.7 42
40.72 35
40.74 45
40.76 46
40.78 30
40.8 36
40.82 28
40.84 52
40.86 33
40.88 48
40.9 29
40.92 33
40.94 43
40.96 29
40.98 37
41 45
41.02 40
41.04 45
41.06 36
41.08 43
41.1 44
41.12 37
41.14 47
41.16 42
41.18 42
41.2 35
41.22 38
41.24 38
41.26 34
41.28 40
41.3 34
41.32 41
41.34 46
41.36 60
41.38 31
41.4 37
41.42 36
41.44 43
41.46 46
41.48 33
41.5 35
41.52 30
41.54 36
41.56 40
41.58 24
41.6 27
41.62 36
41.64 44
41.66 38
41.68 36
41.7 41
41.72 39
41.74 40
41.76 36
41.78 46
41.8 29
41.82 45
41.84 38
41.86 38
41.88 43
41.9 30
41.92 39
41.94 31
41.96 24
41.98 38
42 34
42.02 23
42.04 32
42.06 44
42.08 37
42.1 32
42.12 46
42.14 37
42.16 31
42.18 35
42.2 32
42.22 35
42.24 32
42.26 30
42.28 42
42.3 38
42.32 31
42.34 42
42.36 42
42.38 28
42.4 42
42.42 39
42.44 53
42.46 40
42.48 42
42.5 33
42.52 35
42.54 41
42.56 28
42.58 36
42.6 39
42.62 38
42.64 53
42.66 43
42.68 37
42.7 47
42.72 45
42.74 37
42.76 41
42.78 43
42.8 50
42.82 50
42.84 54
42.86 54
42.88 57
42.9 53
42.92 62
42.94 61
42.96 64
42.98 66
43 86
43.02 99
43.04 119
43.06 139
43.08 186
43.1 222
43.12 263
43.14 333
43.16 422
43.18 506
43.2 569
43.22 652
43.24 756
43.26 851
43.28 916
43.3 862
43.32 870
43.34 767
43.36 731
43.38 614
43.4 606
43.42 533
43.44 424
43.46 349
43.48 277
43.5 204
43.52 197
43.54 148
43.56 123
43.58 112
43.6 108
43.62 80
43.64 73
43.66 78
43.68 75
43.7 76
43.72 47
43.74 57
43.76 47
43.78 57
43.8 41
43.82 59
43.84 48
43.86 55
43.88 59
43.9 57
43.92 52
43.94 64
43.96 69
43.98 63
44 58
44.02 57
44.04 71
44.06 51
44.08 42
44.1 60
44.12 57
44.14 38
44.16 42
44.18 44
44.2 38
44.22 36
44.24 43
44.26 46
44.28 35
44.3 38
44.32 54
44.34 34
44.36 50
44.38 48
44.4 53
44.42 45
44.44 51
44.46 47
44.48 47
44.5 41
44.52 41
44.54 34
44.56 37
44.58 43
44.6 35
44.62 41
44.64 34
44.66 46
44.68 44
44.7 47
44.72 44
44.74 43
44.76 39
44.78 41
44.8 36
44.82 50
44.84 43
44.86 59
44.88 70
44.9 64
44.92 81
44.94 79
44.96 96
44.98 100
45 82
45.02 100
45.04 100
45.06 70
45.08 87
45.1 71
45.12 80
45.14 63
45.16 63
45.18 62
45.2 41
45.22 37
45.24 38
45.26 48
45.28 38
45.3 33
45.32 44
45.34 31
45.36 43
45.38 40
45.4 43
45.42 36
45.44 37
45.46 34
45.48 42
45.5 38
45.52 39
45.54 37
45.56 53
45.58 47
45.6 32
45.62 36
45.64 40
45.66 39
45.68 57
45.7 37
45.72 31
45.74 30
45.76 40
45.78 35
45.8 40
45.82 40
45.84 35
45.86 40
45.88 35
45.9 40
45.92 36
45.94 41
45.96 37
45.98 39
46 46
46.02 36
46.04 58
46.06 56
46.08 48
46.1 54
46.12 63
46.14 66
46.16 50
46.18 82
46.2 78
46.22 88
46.24 146
46.26 180
46.28 252
46.3 314
46.32 390
46.34 441
46.36 545
46.38 528
46.4 653
46.42 612
46.44 648
46.46 620
46.48 589
46.5 497
46.52 470
46.54 390
46.56 348
46.58 280
46.6 239
46.62 179
46.64 155
46.66 117
46.68 99
46.7 77
46.72 84
46.74 86
46.76 74
46.78 62
46.8 63
46.82 66
46.84 70
46.86 73
46.88 69
46.9 88
46.92 78
46.94 85
46.96 81
46.98 91
47 96
47.02 121
47.04 150
47.06 149
47.08 161
47.1 177
47.12 209
47.14 220
47.16 253
47.18 301
47.2 297
47.22 316
47.24 302
47.26 323
47.28 343
47.3 314
47.32 350
47.34 365
47.36 331
47.38 333
47.4 382
47.42 406
47.44 415
47.46 479
47.48 577
47.5 568
47.52 680
47.54 803
47.56 862
47.58 956
47.6 1075
47.62 1142
47.64 1211
47.66 1155
47.68 1204
47.7 1183
47.72 1088
47.74 915
47.76 877
47.78 838
47.8 717
47.82 617
47.84 495
47.86 454
47.88 377
47.9 321
47.92 260
47.94 228
47.96 178
47.98 143
48 121
48.02 137
48.04 127
48.06 121
48.08 132
48.1 106
48.12 123
48.14 108
48.16 89
48.18 108
48.2 115
48.22 124
48.24 113
48.26 121
48.28 124
48.3 148
48.32 142
48.34 175
48.36 204
48.38 201
48.4 228
48.42 275
48.44 283
48.46 379
48.48 489
48.5 540
48.52 601
48.54 753
48.56 820
48.58 844
48.6 916
48.62 977
48.64 1033
48.66 1008
48.68 956
48.7 889
48.72 822
48.74 821
48.76 700
48.78 650
48.8 530
48.82 478
48.84 400
48.86 368
48.88 291
48.9 257
48.92 198
48.94 180
48.96 158
48.98 120
49 114
49.02 125
49.04 117
49.06 114
49.08 64
49.1 86
49.12 76
49.14 73
49.16 76
49.18 64
49.2 59
49.22 46
49.24 55
49.26 51
49.28 44
49.3 49
49.32 48
49.34 47
49.36 48
49.38 37
49.4 44
49.42 53
49.44 48
49.46 40
49.48 37
49.5 42
49.52 47
49.54 45
49.56 32
49.58 32
49.6 39
49.62 41
49.64 38
49.66 44
49.68 30
49.7 35
49.72 29
49.74 34
49.76 38
49.78 40
49.8 26
49.82 48
49.84 37
49.86 31
49.88 27
49.9 29
49.92 34
49.94 34
49.96 30
49.98 30
50 41
50.02 45
50.04 43
50.06 27
50.08 40
50.1 28
50.12 24
50.14 34
50.16 18
50.18 23
50.2 41
50.22 31
50.24 40
50.26 30
50.28 40
50.3 35
50.32 28
50.34 42
50.36 38
50.38 38
50.4 33
50.42 29
50.44 39
50.46 29
50.48 25
50.5 31
50.52 22
50.54 29
50.56 30
50.58 44
50.6 25
50.62 34
50.64 38
50.66 52
50.68 39
50.7 30
50.72 32
50.74 28
50.76 40
50.78 33
50.8 29
50.82 33
50.84 33
50.86 24
50.88 39
50.9 36
50.92 39
50.94 28
50.96 27
50.98 33
51 28
51.02 34
51.04 30
51.06 32
51.08 34
51.1 20
51.12 24
51.14 27
51.16 31
51.18 37
51.2 30
51.22 28
51.24 30
51.26 31
51.28 26
51.3 29
51.32 30
51.34 26
51.36 22
51.38 34
51.4 35
51.42 25
51.44 26
51.46 33
51.48 23
51.5 33
51.52 33
51.54 33
51.56 37
51.58 17
51.6 18
51.62 35
51.64 23
51.66 25
51.68 28
51.7 26
51.72 37
51.74 28
51.76 23
51.78 32
51.8 35
51.82 30
51.84 21
51.86 25
51.88 29
51.9 19
51.92 27
51.94 36
51.96 37
51.98 33
52 26
52.02 32
52.04 37
52.06 26
52.08 33
52.1 29
52.12 28
52.14 33
52.16 28
52.18 25
52.2 29
52.22 28
52.24 29
52.26 21
52.28 29
52.3 24
52.32 28
52.34 27
52.36 26
52.38 32
52.4 39
52.42 28
52.44 20
52.46 25
52.48 28
52.5 24
52.52 32
52.54 20
52.56 32
52.58 33
52.6 23
52.62 22
52.64 33
52.66 27
52.68 33
52.7 27
52.72 26
52.74 26
52.76 21
52.78 28
52.8 17
52.82 28
52.84 27
52.86 25
52.88 27
52.9 24
52.92 27
52.94 27
52.96 31
52.98 24
53 39
53.02 26
53.04 32
53.06 20
53.08 25
53.1 23
53.12 29
53.14 29
53.16 25
53.18 20
53.2 32
53.22 25
53.24 34
53.26 22
53.28 34
53.3 23
53.32 35
53.34 29
53.36 31
53.38 25
53.4 24
53.42 26
53.44 21
53.46 25
53.48 23
53.5 24
53.52 32
53.54 29
53.56 34
53.58 33
53.6 23
53.62 24
53.64 27
53.66 25
53.68 22
53.7 23
53.72 23
53.74 24
53.76 25
53.78 16
53.8 34
53.82 31
53.84 28
53.86 18
53.88 25
53.9 21
53.92 23
53.94 25
53.96 31
53.98 24
54 29
54.02 29
54.04 39
54.06 26
54.08 32
54.1 21
54.12 40
54.14 21
54.16 16
54.18 32
54.2 25
54.22 25
54.24 29
54.26 43
54.28 34
54.3 22
54.32 26
54.34 31
54.36 22
54.38 26
54.4 21
54.42 27
54.44 26
54.46 39
54.48 28
54.5 27
54.52 29
54.54 23
54.56 29
54.58 29
54.6 28
54.62 28
54.64 19
54.66 20
54.68 23
54.7 17
54.72 23
54.74 23
54.76 19
54.78 23
54.8 24
54.82 19
54.84 20
54.86 29
54.88 23
54.9 31
54.92 33
54.94 25
54.96 18
54.98 29
55 29
55.02 14
55.04 33
55.06 26
55.08 24
55.1 18
55.12 36
55.14 27
55.16 22
55.18 29
55.2 29
55.22 40
55.24 29
55.26 23
55.28 34
55.3 38
55.32 30
55.34 43
55.36 48
55.38 35
55.4 53
55.42 50
55.44 41
55.46 34
55.48 33
55.5 38
55.52 39
55.54 25
55.56 29
55.58 31
55.6 26
55.62 30
55.64 33
55.66 33
55.68 17
55.7 25
55.72 24
55.74 33
55.76 25
55.78 22
55.8 26
55.82 25
55.84 34
55.86 35
55.88 27
55.9 23
55.92 29
55.94 32
55.96 22
55.98 30
56 31
56.02 32
56.04 33
56.06 32
56.08 32
56.1 27
56.12 23
56.14 31
56.16 23
56.18 23
56.2 25
56.22 29
56.24 26
56.26 40
56.28 29
56.3 30
56.32 41
56.34 40
56.36 56
56.38 55
56.4 38
56.42 58
56.44 61
56.46 66
56.48 68
56.5 94
56.52 103
56.54 132
56.56 153
56.58 199
56.6 243
56.62 276
56.64 242
56.66 319
56.68 369
56.7 337
56.72 314
56.74 342
56.76 313
56.78 320
56.8 262
56.82 270
56.84 231
56.86 256
56.88 220
56.9 181
56.92 155
56.94 143
56.96 129
56.98 103
57 86
57.02 83
57.04 69
57.06 71
57.08 69
57.1 67
57.12 65
57.14 61
57.16 73
57.18 74
57.2 87
57.22 78
57.24 92
57.26 95
57.28 127
57.3 112
57.32 156
57.34 153
57.36 170
57.38 267
57.4 242
57.42 272
57.44 264
57.46 300
57.48 359
57.5 371
57.52 348
57.54 364
57.56 360
57.58 360
57.6 289
57.62 324
57.64 276
57.66 288
57.68 237
57.7 235
57.72 185
57.74 164
57.76 162
57.78 135
57.8 131
57.82 115
57.84 95
57.86 95
57.88 85
57.9 93
57.92 57
57.94 54
57.96 63
57.98 84
58 62
58.02 69
58.04 79
58.06 75
58.08 70
58.1 76
58.12 92
58.14 83
58.16 97
58.18 71
58.2 82
58.22 73
58.24 78
58.26 88
58.28 80
58.3 77
58.32 69
58.34 71
58.36 64
58.38 56
58.4 69
58.42 56
58.44 51
58.46 40
58.48 47
58.5 48
58.52 51
58.54 39
58.56 40
58.58 42
58.6 24
58.62 34
58.64 32
58.66 32
58.68 29
58.7 26
58.72 33
58.74 28
58.76 29
58.78 23
58.8 22
58.82 37
58.84 28
58.86 27
58.88 34
58.9 28
58.92 36
58.94 32
58.96 22
58.98 27
59 27
59.02 25
59.04 23
59.06 25
59.08 22
59.1 25
59.12 25
59.14 22
59.16 25
59.18 18
59.2 22
59.22 28
59.24 34
59.26 26
59.28 24
59.3 28
59.32 34
59.34 31
59.36 23
59.38 30
59.4 32
59.42 24
59.44 32
59.46 21
59.48 28
59.5 28
59.52 36
59.54 22
59.56 27
59.58 33
59.6 30
59.62 33
59.64 22
59.66 24
59.68 26
59.7 33
59.72 27
59.74 17
59.76 20
59.78 32
59.8 31
59.82 26
59.84 29
59.86 24
59.88 32
59.9 18
59.92 35
59.94 28
59.96 28
59.98 28
60 33
60.02 35
60.04 31
60.06 18
60.08 42
60.1 31
60.12 32
60.14 35
60.16 32
60.18 29
60.2 36
60.22 30
60.24 35
60.26 29
60.28 33
60.3 25
60.32 27
60.34 43
60.36 37
60.38 20
60.4 44
60.42 39
60.44 42
60.46 55
60.48 52
60.5 42
60.52 57
60.54 66
60.56 76
60.58 74
60.6 94
60.62 109
60.64 142
60.66 117
60.68 143
60.7 183
60.72 202
60.74 200
60.76 247
60.78 239
60.8 270
60.82 275
60.84 249
60.86 237
60.88 242
60.9 206
60.92 223
60.94 226
60.96 221
60.98 203
61 215
61.02 210
61.04 222
61.06 265
61.08 219
61.1 234
61.12 218
61.14 231
61.16 213
61.18 183
61.2 163
61.22 141
61.24 197
61.26 159
61.28 159
61.3 166
61.32 178
61.34 153
61.36 156
61.38 130
61.4 140
61.42 148
61.44 153
61.46 164
61.48 153
61.5 166
61.52 155
61.54 164
61.56 151
61.58 151
61.6 122
61.62 143
61.64 124
61.66 114
61.68 95
61.7 93
61.72 100
61.74 95
61.76 68
61.78 85
61.8 57
61.82 69
61.84 51
61.86 54
61.88 49
61.9 53
61.92 55
61.94 49
61.96 31
61.98 41
62 41
62.02 51
62.04 42
62.06 38
62.08 58
62.1 50
62.12 53
62.14 62
62.16 81
62.18 66
62.2 63
62.22 109
62.24 127
62.26 132
62.28 191
62.3 244
62.32 227
62.34 294
62.36 252
62.38 252
62.4 253
62.42 230
62.44 188
62.46 215
62.48 203
62.5 214
62.52 183
62.54 202
62.56 178
62.58 175
62.6 141
62.62 124
62.64 127
62.66 76
62.68 80
62.7 78
62.72 56
62.74 65
62.76 58
62.78 51
62.8 64
62.82 52
62.84 50
62.86 49
62.88 46
62.9 59
62.92 45
62.94 56
62.96 61
62.98 57
63 62
63.02 67
63.04 75
63.06 75
63.08 82
63.1 91
63.12 87
63.14 93
63.16 102
63.18 91
63.2 110
63.22 99
63.24 95
63.26 90
63.28 94
63.3 81
63.32 87
63.34 75
63.36 58
63.38 66
63.4 64
63.42 63
63.44 58
63.46 68
63.48 56
63.5 48
63.52 51
63.54 53
63.56 45
63.58 43
63.6 38
63.62 33
63.64 31
63.66 37
63.68 42
63.7 34
63.72 29
63.74 30
63.76 36
63.78 37
63.8 34
63.82 29
63.84 39
63.86 31
63.88 35
63.9 35
63.92 43
63.94 30
63.96 21
63.98 26
64 43
64.02 43
64.04 32
64.06 29
64.08 28
64.1 40
64.12 40
64.14 30
64.16 28
64.18 37
64.2 27
64.22 40
64.24 47
64.26 40
64.28 24
64.3 42
64.32 40
64.34 42
64.36 42
64.38 25
64.4 50
64.42 43
64.44 49
64.46 57
64.48 60
64.5 63
64.52 71
64.54 66
64.56 104
64.58 97
64.6 116
64.62 118
64.64 147
64.66 152
64.68 194
64.7 222
64.72 203
64.74 221
64.76 235
64.78 228
64.8 210
64.82 218
64.84 222
64.86 227
64.88 199
64.9 177
64.92 173
64.94 153
64.96 163
64.98 149
65 149
65.02 115
65.04 115
65.06 103
65.08 117
65.1 87
65.12 73
65.14 68
65.16 67
65.18 50
65.2 46
65.22 57
65.24 60
65.26 66
65.28 63
65.3 47
65.32 37
65.34 71
65.36 51
65.38 47
65.4 50
65.42 52
65.44 60
65.46 64
65.48 65
65.5 76
65.52 79
65.54 99
65.56 107
65.58 119
65.6 134
65.62 128
65.64 135
65.66 149
65.68 179
65.7 190
65.72 168
65.74 200
65.76 200
65.78 206
65.8 205
65.82 183
65.84 183
65.86 174
65.88 179
65.9 176
65.92 157
65.94 122
65.96 102
65.98 124
66 103
66.02 88
66.04 97
66.06 68
66.08 82
66.1 76
66.12 57
66.14 52
66.16 49
66.18 53
66.2 46
66.22 34
66.24 47
66.26 34
66.28 40
66.3 37
66.32 40
66.34 39
66.36 25
66.38 19
66.4 42
66.42 32
66.44 33
66.46 29
66.48 33
66.5 32
66.52 29
66.54 23
66.56 34
66.58 37
66.6 23
66.62 30
66.64 31
66.66 17
66.68 29
66.7 30
66.72 22
66.74 23
66.76 27
66.78 30
66.8 31
66.82 30
66.84 20
66.86 28
66.88 26
66.9 34
66.92 30
66.94 36
66.96 29
66.98 25
67 29
67.02 26
67.04 23
67.06 34
67.08 34
67.1 27
67.12 32
67.14 22
67.16 30
67.18 23
67.2 22
67.22 30
67.24 25
67.26 22
67.28 34
67.3 25
67.32 30
67.34 28
67.36 24
67.38 21
67.4 18
67.42 25
67.44 30
67.46 27
67.48 22
67.5 19
67.52 21
67.54 23
67.56 25
67.58 21
67.6 27
67.62 28
67.64 28
67.66 24
67.68 25
67.7 17
67.72 23
67.74 18
67.76 24
67.78 20
67.8 26
67.82 32
67.84 31
67.86 29
67.88 20
67.9 24
67.92 27
67.94 21
67.96 33
67.98 30
68 23
68.02 20
68.04 28
68.06 27
68.08 22
68.1 27
68.12 32
68.14 30
68.16 20
68.18 35
68.2 28
68.22 20
68.24 29
68.26 27
68.28 15
68.3 18
68.32 23
68.34 22
68.36 27
68.38 21
68.4 29
68.42 20
68.44 23
68.46 18
68.48 21
68.5 25
68.52 19
68.54 28
68.56 25
68.58 29
68.6 27
68.62 24
68.64 21
68.66 20
68.68 25
68.7 34
68.72 25
68.74 22
68.76 24
68.78 25
68.8 24
68.82 28
68.84 25
68.86 25
68.88 30
68.9 36
68.92 37
68.94 17
68.96 24
68.98 29
69 34
69.02 33
69.04 38
69.06 29
69.08 44
69.1 32
69.12 51
69.14 45
69.16 55
69.18 52
69.2 57
69.22 61
69.24 55
69.26 54
69.28 59
69.3 102
69.32 84
69.34 104
69.36 92
69.38 65
69.4 64
69.42 60
69.44 66
69.46 60
69.48 67
69.5 53
69.52 49
69.54 58
69.56 53
69.58 65
69.6 43
69.62 45
69.64 40
69.66 40
69.68 41
69.7 34
69.72 30
69.74 23
69.76 33
69.78 37
69.8 30
69.82 41
69.84 39
69.86 29
69.88 35
69.9 25
69.92 30
69.94 32
69.96 36
69.98 34
70 36
70.02 34
70.04 46
70.06 40
70.08 47
70.1 47
70.12 52
70.14 47
70.16 49
70.18 58
70.2 63
70.22 55
70.24 79
70.26 84
70.28 86
70.3 79
70.32 95
70.34 105
70.36 111
70.38 105
70.4 91
70.42 100
70.44 79
70.46 77
70.48 91
70.5 84
70.52 72
70.54 84
70.56 75
70.58 88
70.6 89
70.62 88
70.64 88
70.66 64
70.68 62
70.7 55
70.72 51
70.74 51
70.76 55
70.78 56
70.8 42
70.82 72
70.84 57
70.86 58
70.88 62
70.9 67
70.92 74
70.94 71
70.96 92
70.98 113
71 132
71.02 165
71.04 204
71.06 237
71.08 259
71.1 262
71.12 324
71.14 304
71.16 335
71.18 326
71.2 314
71.22 246
71.24 261
71.26 243
71.28 238
71.3 219
71.32 223
71.34 224
71.36 190
71.38 190
71.4 161
71.42 150
71.44 129
71.46 110
71.48 93
71.5 93
71.52 73
71.54 82
71.56 44
71.58 47
71.6 48
71.62 43
71.64 30
71.66 37
71.68 40
71.7 27
71.72 31
71.74 30
71.76 27
71.78 40
71.8 30
71.82 24
71.84 40
71.86 35
71.88 27
71.9 35
71.92 34
71.94 26
71.96 31
71.98 28
72 26
72.02 28
72.04 23
72.06 27
72.08 31
72.1 24
72.12 30
72.14 31
72.16 36
72.18 22
72.2 33
72.22 26
72.24 32
72.26 25
72.28 31
72.3 28
72.32 30
72.34 36
72.36 26
72.38 31
72.4 35
72.42 35
72.44 33
72.46 32
72.48 36
72.5 42
72.52 45
72.54 33
72.56 45
72.58 55
72.6 33
72.62 42
72.64 40
72.66 63
72.68 29
72.7 40
72.72 53
72.74 50
72.76 79
72.78 61
72.8 51
72.82 63
72.84 80
72.86 81
72.88 89
72.9 102
72.92 100
72.94 86
72.96 138
72.98 96
73 133
73.02 123
73.04 148
73.06 141
73.08 129
73.1 117
73.12 124
73.14 142
73.16 116
73.18 98
73.2 101
73.22 101
73.24 82
73.26 91
73.28 95
73.3 83
73.32 80
73.34 69
73.36 83
73.38 77
73.4 65
73.42 51
73.44 61
73.46 54
73.48 43
73.5 38
73.52 51
73.54 44
73.56 51
73.58 41
73.6 55
73.62 53
73.64 49
73.66 41
73.68 46
73.7 61
73.72 49
73.74 49
73.76 40
73.78 60
73.8 63
73.82 56
73.84 57
73.86 55
73.88 55
73.9 42
73.92 46
73.94 54
73.96 48
73.98 45
74 44
74.02 41
74.04 53
74.06 30
74.08 32
74.1 37
74.12 29
74.14 39
74.16 31
74.18 35
74.2 30
74.22 27
74.24 29
74.26 35
74.28 40
74.3 18
74.32 34
74.34 33
74.36 26
74.38 21
74.4 24
74.42 21
74.44 24
74.46 22
74.48 30
74.5 20
74.52 24
74.54 28
74.56 19
74.58 24
74.6 26
74.62 28
74.64 20
74.66 31
74.68 25
74.7 28
74.72 25
74.74 24
74.76 33
74.78 25
74.8 29
74.82 30
74.84 19
74.86 26
74.88 35
74.9 22
74.92 28
74.94 31
74.96 27
74.98 15
75 12
75.02 39
75.04 23
75.06 29
75.08 27
75.1 27
75.12 25
75.14 25
75.16 15
75.18 30
75.2 20
75.22 26
75.24 28
75.26 24
75.28 26
75.3 36
75.32 27
75.34 20
75.36 38
75.38 25
75.4 22
75.42 29
75.44 25
75.46 28
75.48 20
75.5 23
75.52 22
75.54 26
75.56 31
75.58 24
75.6 27
75.62 43
75.64 41
75.66 36
75.68 30
75.7 26
75.72 36
75.74 35
75.76 29
75.78 39
75.8 35
75.82 29
75.84 41
75.86 40
75.88 29
75.9 51
75.92 44
75.94 69
75.96 54
75.98 67
76 88
76.02 87
76.04 94
76.06 125
76.08 158
76.1 151
76.12 176
76.14 203
76.16 229
76.18 199
76.2 215
76.22 215
76.24 200
76.26 192
76.28 188
76.3 199
76.32 184
76.34 182
76.36 172
76.38 178
76.4 169
76.42 143
76.44 185
76.46 158
76.48 148
76.5 129
76.52 110
76.54 107
76.56 93
76.58 73
76.6 74
76.62 86
76.64 76
76.66 61
76.68 60
76.7 66
76.72 57
76.74 44
76.76 46
76.78 53
76.8 36
76.82 51
76.84 43
76.86 65
76.88 43
76.9 49
76.92 56
76.94 43
76.96 52
76.98 37
77 51
77.02 52
77.04 45
77.06 73
77.08 63
77.1 73
77.12 71
77.14 65
77.16 74
77.18 85
77.2 104
77.22 100
77.24 99
77.26 123
77.28 102
77.3 102
77.32 111
77.34 110
77.36 98
77.38 115
77.4 112
77.42 89
77.44 100
77.46 98
77.48 97
77.5 79
77.52 69
77.54 92
77.56 89
77.58 68
77.6 70
77.62 63
77.64 77
77.66 62
77.68 67
77.7 63
77.72 44
77.74 44
77.76 37
77.78 45
77.8 40
77.82 36
77.84 30
77.86 42
77.88 35
77.9 38
77.92 22
77.94 32
77.96 21
77.98 33
78 30
78.02 29
78.04 25
78.06 31
78.08 32
78.1 24
78.12 29
78.14 37
78.16 29
78.18 22
78.2 25
78.22 27
78.24 19
78.26 21
78.28 30
78.3 19
78.32 28
78.34 28
78.36 22
78.38 25
78.4 26
78.42 26
78.44 26
78.46 29
78.48 27
78.5 25
78.52 26
78.54 22
78.56 22
78.58 25
78.6 30
78.62 19
78.64 29
78.66 22
78.68 28
78.7 22
78.72 18
78.74 20
78.76 22
78.78 34
78.8 37
78.82 27
78.84 33
78.86 17
78.88 28
78.9 22
78.92 16
78.94 35
78.96 27
78.98 24
79 23
79.02 30
79.04 28
79.06 24
79.08 24
79.1 25
79.12 26
79.14 25
79.16 17
79.18 22
79.2 28
79.22 22
79.24 23
79.26 28
79.28 27
79.3 26
79.32 27
79.34 24
79.36 32
79.38 26
79.4 32
79.42 33
79.44 23
79.46 29
79.48 23
79.5 36
79.52 37
79.54 41
79.56 43
79.58 42
79.6 45
79.62 46
79.64 28
79.66 31
79.68 39
79.7 36
79.72 27
79.74 29
79.76 27
79.78 32
79.8 38
79.82 29
79.84 36
79.86 40
79.88 25
79.9 29
79.92 31
79.94 32
79.96 27
79.98 30
80 40
80.02 18
80.04 30
80.06 22
80.08 29
80.1 23
80.12 16
80.14 28
80.16 25
80.18 19
80.2 18
80.22 30
80.24 18
80.26 22
80.28 22
80.3 11
80.32 24
80.34 20
80.36 25
80.38 31
80.4 33
80.42 26
80.44 25
80.46 17
80.48 24
80.5 20
80.52 21
80.54 33
80.56 21
80.58 27
80.6 22
80.62 28
80.64 21
80.66 30
80.68 16
80.7 24
80.72 33
80.74 25
80.76 28
80.78 26
80.8 39
80.82 33
80.84 28
80.86 31
80.88 37
80.9 39
80.92 39
80.94 35
80.96 35
80.98 41
81 50
81.02 27
81.04 47
81.06 42
81.08 41
81.1 50
81.12 49
81.14 40
81.16 38
81.18 37
81.2 40
81.22 38
81.24 48
81.26 40
81.28 46
81.3 46
81.32 54
81.34 57
81.36 52
81.38 56
81.4 59
81.42 49
81.44 58
81.46 62
81.48 66
81.5 90
81.52 98
81.54 97
81.56 92
81.58 103
81.6 106
81.62 108
81.64 109
81.66 110
81.68 144
81.7 103
81.72 109
81.74 116
81.76 113
81.78 83
81.8 108
81.82 104
81.84 114
81.86 102
81.88 113
81.9 85
81.92 83
81.94 78
81.96 58
81.98 75
82 76
82.02 62
82.04 61
82.06 67
82.08 56
82.1 42
82.12 53
82.14 41
82.16 45
82.18 46
82.2 36
82.22 40
82.24 63
82.26 43
82.28 45
82.3 39
82.32 37
82.34 34
82.36 33
82.38 36
82.4 36
82.42 46
82.44 41
82.46 33
82.48 39
82.5 39
82.52 34
82.54 41
82.56 28
82.58 32
82.6 30
82.62 31
82.64 29
82.66 34
82.68 28
82.7 28
82.72 43
82.74 25
82.76 31
82.78 25
82.8 34
82.82 31
82.84 27
82.86 24
82.88 35
82.9 26
82.92 17
82.94 32
82.96 33
82.98 31
83 27
83.02 28
83.04 22
83.06 25
83.08 20
83.1 25
83.12 26
83.14 32
83.16 35
83.18 30
83.2 32
83.22 28
83.24 27
83.26 38
83.28 37
83.3 31
83.32 32
83.34 40
83.36 31
83.38 39
83.4 38
83.42 53
83.44 29
83.46 35
83.48 41
83.5 49
83.52 51
83.54 61
83.56 42
83.58 63
83.6 64
83.62 61
83.64 59
83.66 59
83.68 81
83.7 85
83.72 81
83.74 89
83.76 91
83.78 112
83.8 130
83.82 146
83.84 157
83.86 128
83.88 146
83.9 143
83.92 128
83.94 145
83.96 136
83.98 145
84 132
84.02 130
84.04 127
84.06 107
84.08 122
84.1 146
84.12 120
84.14 107
84.16 116
84.18 93
84.2 106
84.22 102
84.24 106
84.26 116
84.28 107
84.3 103
84.32 108
84.34 119
84.36 117
84.38 121
84.4 109
84.42 95
84.44 95
84.46 98
84.48 92
84.5 100
84.52 82
84.54 87
84.56 107
84.58 80
84.6 100
84.62 78
84.64 82
84.66 66
84.68 97
84.7 70
84.72 69
84.74 64
84.76 71
84.78 78
84.8 72
84.82 85
84.84 76
84.86 93
84.88 87
84.9 105
84.92 108
84.94 86
84.96 74
84.98 88
85 85
85.02 108
85.04 85
85.06 78
85.08 90
85.1 89
85.12 61
85.14 71
85.16 72
85.18 68
85.2 64
85.22 65
85.24 67
85.26 61
85.28 45
85.3 58
85.32 51
85.34 27
85.36 35
85.38 39
85.4 34
85.42 36
85.44 58
85.46 44
85.48 39
85.5 35
85.52 45
85.54 38
85.56 44
85.58 34
85.6 19
85.62 26
85.64 25
85.66 25
85.68 27
85.7 22
85.72 33
85.74 31
85.76 34
85.78 22
85.8 26
85.82 35
85.84 26
85.86 29
85.88 29
85.9 20
85.92 26
85.94 23
85.96 19
85.98 31
86 38
86.02 32
86.04 29
86.06 31
86.08 30
86.1 37
86.12 26
86.14 29
86.16 19
86.18 25
86.2 34
86.22 35
86.24 31
86.26 31
86.28 34
86.3 20
86.32 24
86.34 28
86.36 33
86.38 34
86.4 35
86.42 38
86.44 24
86.46 36
86.48 38
86.5 40
86.52 50
86.54 40
86.56 37
86.58 44
86.6 44
86.62 37
86.64 41
86.66 36
86.68 38
86.7 36
86.72 33
86.74 51
86.76 36
86.78 35
86.8 38
86.82 45
86.84 43
86.86 28
86.88 29
86.9 37
86.92 28
86.94 33
86.96 27
86.98 26
87 28
87.02 25
87.04 24
87.06 23
87.08 31
87.1 27
87.12 29
87.14 20
87.16 26
87.18 21
87.2 21
87.22 39
87.24 38
87.26 29
87.28 17
87.3 26
87.32 24
87.34 23
87.36 31
87.38 23
87.4 24
87.42 19
87.44 24
87.46 27
87.48 21
87.5 22
87.52 27
87.54 19
87.56 23
87.58 25
87.6 19
87.62 26
87.64 31
87.66 20
87.68 25
87.7 22
87.72 29
87.74 15
87.76 22
87.78 28
87.8 26
87.82 27
87.84 25
87.86 23
87.88 28
87.9 28
87.92 27
87.94 19
87.96 21
87.98 19
88 15
88.02 23
88.04 24
88.06 26
88.08 26
88.1 23
88.12 25
88.14 32
88.16 19
88.18 27
88.2 20
88.22 25
88.24 20
88.26 19
88.28 28
88.3 16
88.32 29
88.34 16
88.36 25
88.38 21
88.4 19
88.42 20
88.44 19
88.46 24
88.48 17
88.5 24
88.52 28
88.54 25
88.56 30
88.58 24
88.6 16
88.62 28
88.64 23
88.66 24
88.68 26
88.7 28
88.72 30
88.74 28
88.76 24
88.78 29
88.8 35
88.82 22
88.84 30
88.86 21
88.88 35
88.9 25
88.92 37
88.94 38
88.96 48
88.98 38
89 56
89.02 59
89.04 64
89.06 80
89.08 88
89.1 90
89.12 100
89.14 111
89.16 128
89.18 133
89.2 163
89.22 170
89.24 179
89.26 171
89.28 158
89.3 129
89.32 133
89.34 124
89.36 129
89.38 122
89.4 130
89.42 112
89.44 97
89.46 105
89.48 118
89.5 107
89.52 129
89.54 98
89.56 94
89.58 96
89.6 90
89.62 83
89.64 59
89.66 49
89.68 68
89.7 42
89.72 45
89.74 49
89.76 38
89.78 37
89.8 35
89.82 36
89.84 27
89.86 33
89.88 29
89.9 24
89.92 31
89.94 29
89.96 28
89.98 28
90 24
