Sample SnGe_sample6
Comments 
Filename C:\WINDMAX\DATA\KAGAWALAB\181122_sample6.raw
Goniometer TTRáV êÖïΩ∫ﬁ∆µ“∞¿(Tsé≤éËìÆ,ADS)
Attachment ïWèÄééóøŒŸ¿ﬁ∞
Monochromater å≈íË”…∏€“∞¿
ScanningMode 2Theta/Theta
ScanningType Continuos Scanning
X-Ray 40kV/300mA
î≠éUΩÿØƒ 2/3Åã
î≠éUècêßå¿ΩÿØƒ 10mm
éUóêΩÿØƒ 2/3Åã
éÛåıΩÿØƒ 0.3mm
±Ø√»∞¿ äJï˙
”…∏€éÛåıΩÿØƒ 0.8mm
Start 10
Stop 90
Step 0.02
10 169
10.02 133
10.04 158
10.06 153
10.08 147
10.1 162
10.12 142
10.14 146
10.16 161
10.18 138
10.2 163
10.22 126
10.24 151
10.26 144
10.28 153
10.3 166
10.32 164
10.34 145
10.36 135
10.38 143
10.4 153
10.42 161
10.44 150
10.46 141
10.48 149
10.5 147
10.52 145
10.54 147
10.56 160
10.58 136
10.6 152
10.62 134
10.64 132
10.66 164
10.68 149
10.7 131
10.72 157
10.74 144
10.76 138
10.78 120
10.8 143
10.82 134
10.84 148
10.86 140
10.88 145
10.9 166
10.92 140
10.94 143
10.96 127
10.98 136
11 168
11.02 159
11.04 171
11.06 154
11.08 127
11.1 169
11.12 145
11.14 157
11.16 132
11.18 143
11.2 153
11.22 136
11.24 150
11.26 134
11.28 151
11.3 160
11.32 141
11.34 149
11.36 141
11.38 169
11.4 144
11.42 143
11.44 123
11.46 143
11.48 160
11.5 150
11.52 131
11.54 144
11.56 141
11.58 111
11.6 136
11.62 148
11.64 130
11.66 140
11.68 153
11.7 153
11.72 148
11.74 143
11.76 152
11.78 141
11.8 136
11.82 142
11.84 124
11.86 144
11.88 128
11.9 123
11.92 129
11.94 141
11.96 146
11.98 141
12 145
12.02 138
12.04 150
12.06 148
12.08 136
12.1 140
12.12 149
12.14 135
12.16 137
12.18 136
12.2 147
12.22 120
12.24 137
12.26 141
12.28 148
12.3 121
12.32 153
12.34 147
12.36 157
12.38 134
12.4 113
12.42 135
12.44 129
12.46 131
12.48 136
12.5 145
12.52 133
12.54 119
12.56 131
12.58 121
12.6 114
12.62 133
12.64 133
12.66 150
12.68 119
12.7 140
12.72 128
12.74 127
12.76 118
12.78 119
12.8 129
12.82 120
12.84 127
12.86 123
12.88 140
12.9 141
12.92 122
12.94 141
12.96 117
12.98 128
13 144
13.02 146
13.04 137
13.06 116
13.08 125
13.1 137
13.12 136
13.14 134
13.16 141
13.18 138
13.2 108
13.22 127
13.24 126
13.26 121
13.28 124
13.3 137
13.32 128
13.34 125
13.36 140
13.38 138
13.4 137
13.42 136
13.44 111
13.46 136
13.48 126
13.5 139
13.52 130
13.54 123
13.56 129
13.58 129
13.6 115
13.62 120
13.64 141
13.66 133
13.68 118
13.7 129
13.72 125
13.74 123
13.76 121
13.78 122
13.8 113
13.82 119
13.84 123
13.86 136
13.88 124
13.9 118
13.92 116
13.94 124
13.96 150
13.98 124
14 115
14.02 121
14.04 143
14.06 141
14.08 137
14.1 142
14.12 112
14.14 126
14.16 112
14.18 135
14.2 131
14.22 122
14.24 122
14.26 129
14.28 135
14.3 133
14.32 139
14.34 127
14.36 105
14.38 139
14.4 119
14.42 130
14.44 128
14.46 115
14.48 121
14.5 128
14.52 103
14.54 115
14.56 132
14.58 134
14.6 134
14.62 133
14.64 141
14.66 126
14.68 133
14.7 131
14.72 136
14.74 128
14.76 133
14.78 135
14.8 136
14.82 138
14.84 132
14.86 122
14.88 125
14.9 127
14.92 118
14.94 121
14.96 129
14.98 126
15 144
15.02 134
15.04 147
15.06 117
15.08 129
15.1 138
15.12 117
15.14 105
15.16 122
15.18 122
15.2 138
15.22 112
15.24 136
15.26 160
15.28 132
15.3 122
15.32 116
15.34 127
15.36 128
15.38 145
15.4 116
15.42 134
15.44 132
15.46 116
15.48 134
15.5 113
15.52 125
15.54 114
15.56 102
15.58 138
15.6 134
15.62 127
15.64 115
15.66 124
15.68 111
15.7 123
15.72 121
15.74 118
15.76 128
15.78 133
15.8 144
15.82 120
15.84 136
15.86 127
15.88 127
15.9 143
15.92 131
15.94 130
15.96 122
15.98 120
16 125
16.02 130
16.04 107
16.06 122
16.08 121
16.1 105
16.12 130
16.14 130
16.16 121
16.18 114
16.2 123
16.22 120
16.24 129
16.26 119
16.28 115
16.3 131
16.32 136
16.34 126
16.36 122
16.38 146
16.4 135
16.42 135
16.44 130
16.46 120
16.48 121
16.5 121
16.52 138
16.54 117
16.56 124
16.58 126
16.6 139
16.62 112
16.64 113
16.66 131
16.68 112
16.7 107
16.72 120
16.74 123
16.76 134
16.78 128
16.8 146
16.82 123
16.84 148
16.86 144
16.88 136
16.9 146
16.92 118
16.94 143
16.96 122
16.98 144
17 158
17.02 131
17.04 158
17.06 137
17.08 130
17.1 132
17.12 136
17.14 116
17.16 128
17.18 132
17.2 135
17.22 137
17.24 126
17.26 132
17.28 126
17.3 128
17.32 106
17.34 132
17.36 111
17.38 130
17.4 140
17.42 124
17.44 128
17.46 134
17.48 135
17.5 126
17.52 141
17.54 123
17.56 119
17.58 124
17.6 128
17.62 148
17.64 148
17.66 141
17.68 143
17.7 155
17.72 119
17.74 125
17.76 123
17.78 124
17.8 132
17.82 139
17.84 137
17.86 125
17.88 117
17.9 141
17.92 122
17.94 130
17.96 152
17.98 106
18 136
18.02 130
18.04 125
18.06 109
18.08 110
18.1 116
18.12 159
18.14 146
18.16 152
18.18 137
18.2 134
18.22 141
18.24 133
18.26 126
18.28 136
18.3 140
18.32 136
18.34 123
18.36 118
18.38 139
18.4 136
18.42 115
18.44 152
18.46 143
18.48 141
18.5 133
18.52 142
18.54 120
18.56 144
18.58 154
18.6 114
18.62 137
18.64 125
18.66 141
18.68 159
18.7 122
18.72 144
18.74 147
18.76 150
18.78 162
18.8 139
18.82 137
18.84 131
18.86 149
18.88 146
18.9 133
18.92 127
18.94 132
18.96 153
18.98 121
19 133
19.02 154
19.04 146
19.06 147
19.08 139
19.1 140
19.12 139
19.14 131
19.16 155
19.18 149
19.2 129
19.22 146
19.24 138
19.26 138
19.28 141
19.3 127
19.32 145
19.34 153
19.36 138
19.38 148
19.4 176
19.42 121
19.44 157
19.46 139
19.48 126
19.5 154
19.52 144
19.54 158
19.56 152
19.58 135
19.6 151
19.62 148
19.64 148
19.66 149
19.68 137
19.7 175
19.72 150
19.74 149
19.76 157
19.78 145
19.8 151
19.82 146
19.84 166
19.86 152
19.88 149
19.9 154
19.92 170
19.94 175
19.96 187
19.98 152
20 137
20.02 151
20.04 158
20.06 146
20.08 133
20.1 147
20.12 138
20.14 148
20.16 169
20.18 184
20.2 167
20.22 134
20.24 151
20.26 176
20.28 179
20.3 134
20.32 167
20.34 171
20.36 165
20.38 170
20.4 159
20.42 172
20.44 148
20.46 157
20.48 141
20.5 164
20.52 167
20.54 165
20.56 159
20.58 150
20.6 162
20.62 138
20.64 150
20.66 167
20.68 161
20.7 170
20.72 153
20.74 165
20.76 190
20.78 160
20.8 186
20.82 164
20.84 141
20.86 201
20.88 165
20.9 170
20.92 175
20.94 164
20.96 142
20.98 184
21 178
21.02 193
21.04 173
21.06 157
21.08 164
21.1 166
21.12 174
21.14 145
21.16 146
21.18 182
21.2 209
21.22 159
21.24 151
21.26 182
21.28 194
21.3 184
21.32 173
21.34 198
21.36 188
21.38 204
21.4 186
21.42 170
21.44 185
21.46 199
21.48 187
21.5 157
21.52 168
21.54 185
21.56 219
21.58 162
21.6 176
21.62 214
21.64 177
21.66 194
21.68 178
21.7 162
21.72 200
21.74 182
21.76 198
21.78 215
21.8 205
21.82 200
21.84 196
21.86 176
21.88 199
21.9 196
21.92 214
21.94 177
21.96 174
21.98 174
22 193
22.02 183
22.04 190
22.06 227
22.08 211
22.1 196
22.12 191
22.14 171
22.16 207
22.18 188
22.2 188
22.22 180
22.24 193
22.26 169
22.28 193
22.3 210
22.32 187
22.34 192
22.36 190
22.38 210
22.4 197
22.42 198
22.44 194
22.46 175
22.48 203
22.5 202
22.52 203
22.54 200
22.56 239
22.58 196
22.6 202
22.62 193
22.64 215
22.66 225
22.68 207
22.7 204
22.72 202
22.74 207
22.76 203
22.78 187
22.8 194
22.82 179
22.84 211
22.86 201
22.88 217
22.9 225
22.92 212
22.94 203
22.96 228
22.98 213
23 194
23.02 203
23.04 171
23.06 192
23.08 208
23.1 205
23.12 204
23.14 217
23.16 209
23.18 190
23.2 210
23.22 222
23.24 208
23.26 217
23.28 218
23.3 250
23.32 205
23.34 199
23.36 220
23.38 215
23.4 201
23.42 207
23.44 229
23.46 190
23.48 204
23.5 213
23.52 217
23.54 215
23.56 233
23.58 201
23.6 228
23.62 223
23.64 179
23.66 204
23.68 223
23.7 227
23.72 219
23.74 227
23.76 202
23.78 235
23.8 214
23.82 229
23.84 222
23.86 222
23.88 210
23.9 205
23.92 188
23.94 224
23.96 204
23.98 227
24 187
24.02 199
24.04 210
24.06 219
24.08 184
24.1 235
24.12 257
24.14 236
24.16 225
24.18 204
24.2 228
24.22 242
24.24 234
24.26 223
24.28 200
24.3 222
24.32 229
24.34 228
24.36 223
24.38 248
24.4 220
24.42 226
24.44 219
24.46 217
24.48 203
24.5 227
24.52 200
24.54 233
24.56 220
24.58 212
24.6 207
24.62 195
24.64 243
24.66 206
24.68 233
24.7 246
24.72 185
24.74 248
24.76 236
24.78 204
24.8 227
24.82 227
24.84 217
24.86 222
24.88 219
24.9 191
24.92 242
24.94 214
24.96 231
24.98 241
25 244
25.02 222
25.04 238
25.06 216
25.08 210
25.1 225
25.12 220
25.14 242
25.16 214
25.18 234
25.2 230
25.22 241
25.24 211
25.26 223
25.28 231
25.3 229
25.32 224
25.34 244
25.36 210
25.38 212
25.4 212
25.42 228
25.44 222
25.46 207
25.48 205
25.5 228
25.52 193
25.54 234
25.56 241
25.58 233
25.6 216
25.62 206
25.64 244
25.66 217
25.68 250
25.7 236
25.72 234
25.74 242
25.76 237
25.78 263
25.8 223
25.82 236
25.84 238
25.86 244
25.88 242
25.9 238
25.92 249
25.94 246
25.96 229
25.98 228
26 239
26.02 263
26.04 249
26.06 225
26.08 230
26.1 228
26.12 239
26.14 289
26.16 223
26.18 246
26.2 240
26.22 242
26.24 204
26.26 213
26.28 222
26.3 231
26.32 251
26.34 237
26.36 214
26.38 207
26.4 258
26.42 216
26.44 234
26.46 243
26.48 235
26.5 222
26.52 220
26.54 242
26.56 235
26.58 199
26.6 256
26.62 219
26.64 242
26.66 214
26.68 221
26.7 230
26.72 222
26.74 234
26.76 241
26.78 238
26.8 237
26.82 220
26.84 230
26.86 223
26.88 237
26.9 231
26.92 225
26.94 219
26.96 219
26.98 281
27 243
27.02 235
27.04 235
27.06 239
27.08 205
27.1 244
27.12 219
27.14 253
27.16 259
27.18 278
27.2 234
27.22 256
27.24 238
27.26 245
27.28 266
27.3 215
27.32 239
27.34 224
27.36 235
27.38 206
27.4 245
27.42 247
27.44 226
27.46 211
27.48 248
27.5 247
27.52 232
27.54 235
27.56 240
27.58 221
27.6 238
27.62 262
27.64 219
27.66 259
27.68 257
27.7 239
27.72 212
27.74 264
27.76 210
27.78 237
27.8 242
27.82 230
27.84 230
27.86 210
27.88 241
27.9 246
27.92 241
27.94 245
27.96 220
27.98 222
28 228
28.02 249
28.04 231
28.06 248
28.08 237
28.1 215
28.12 241
28.14 228
28.16 207
28.18 248
28.2 217
28.22 220
28.24 213
28.26 233
28.28 239
28.3 227
28.32 231
28.34 239
28.36 230
28.38 271
28.4 248
28.42 228
28.44 239
28.46 238
28.48 240
28.5 243
28.52 246
28.54 225
28.56 232
28.58 218
28.6 244
28.62 214
28.64 224
28.66 211
28.68 237
28.7 249
28.72 241
28.74 258
28.76 230
28.78 222
28.8 223
28.82 220
28.84 213
28.86 238
28.88 240
28.9 232
28.92 213
28.94 265
28.96 210
28.98 212
29 238
29.02 214
29.04 248
29.06 236
29.08 247
29.1 230
29.12 271
29.14 238
29.16 225
29.18 241
29.2 235
29.22 224
29.24 252
29.26 218
29.28 221
29.3 236
29.32 249
29.34 228
29.36 260
29.38 249
29.4 233
29.42 241
29.44 240
29.46 223
29.48 254
29.5 230
29.52 229
29.54 240
29.56 220
29.58 225
29.6 238
29.62 216
29.64 230
29.66 231
29.68 255
29.7 245
29.72 253
29.74 211
29.76 231
29.78 228
29.8 243
29.82 207
29.84 231
29.86 251
29.88 212
29.9 239
29.92 233
29.94 239
29.96 207
29.98 226
30 239
30.02 222
30.04 228
30.06 239
30.08 212
30.1 223
30.12 260
30.14 235
30.16 191
30.18 236
30.2 233
30.22 230
30.24 231
30.26 200
30.28 240
30.3 212
30.32 238
30.34 232
30.36 236
30.38 250
30.4 252
30.42 245
30.44 232
30.46 230
30.48 240
30.5 245
30.52 258
30.54 232
30.56 269
30.58 293
30.6 317
30.62 399
30.64 450
30.66 635
30.68 743
30.7 688
30.72 643
30.74 567
30.76 586
30.78 512
30.8 467
30.82 334
30.84 280
30.86 301
30.88 258
30.9 216
30.92 251
30.94 258
30.96 219
30.98 214
31 198
31.02 231
31.04 209
31.06 234
31.08 218
31.1 202
31.12 200
31.14 202
31.16 222
31.18 211
31.2 203
31.22 227
31.24 209
31.26 215
31.28 202
31.3 212
31.32 218
31.34 212
31.36 232
31.38 196
31.4 226
31.42 205
31.44 187
31.46 212
31.48 205
31.5 217
31.52 208
31.54 214
31.56 228
31.58 225
31.6 220
31.62 208
31.64 216
31.66 216
31.68 213
31.7 208
31.72 198
31.74 223
31.76 239
31.78 257
31.8 233
31.82 224
31.84 240
31.86 252
31.88 240
31.9 261
31.92 257
31.94 317
31.96 382
31.98 502
32 788
32.02 1169
32.04 1514
32.06 1601
32.08 1454
32.1 1342
32.12 1226
32.14 1072
32.16 885
32.18 679
32.2 467
32.22 362
32.24 288
32.26 265
32.28 222
32.3 245
32.32 205
32.34 199
32.36 223
32.38 232
32.4 212
32.42 206
32.44 211
32.46 206
32.48 200
32.5 192
32.52 213
32.54 203
32.56 203
32.58 163
32.6 211
32.62 210
32.64 172
32.66 181
32.68 176
32.7 188
32.72 182
32.74 193
32.76 195
32.78 211
32.8 187
32.82 198
32.84 189
32.86 201
32.88 184
32.9 181
32.92 173
32.94 176
32.96 199
32.98 178
33 218
33.02 197
33.04 202
33.06 177
33.08 207
33.1 181
33.12 200
33.14 158
33.16 172
33.18 173
33.2 199
33.22 169
33.24 160
33.26 161
33.28 170
33.3 159
33.32 161
33.34 161
33.36 178
33.38 186
33.4 157
33.42 178
33.44 197
33.46 165
33.48 174
33.5 167
33.52 175
33.54 181
33.56 188
33.58 161
33.6 149
33.62 161
33.64 160
33.66 163
33.68 182
33.7 153
33.72 160
33.74 163
33.76 170
33.78 174
33.8 163
33.82 184
33.84 152
33.86 201
33.88 164
33.9 145
33.92 177
33.94 198
33.96 171
33.98 176
34 147
34.02 165
34.04 179
34.06 175
34.08 167
34.1 147
34.12 160
34.14 169
34.16 161
34.18 158
34.2 156
34.22 159
34.24 151
34.26 143
34.28 155
34.3 165
34.32 162
34.34 151
34.36 171
34.38 153
34.4 191
34.42 154
34.44 150
34.46 143
34.48 165
34.5 138
34.52 168
34.54 123
34.56 168
34.58 155
34.6 150
34.62 149
34.64 159
34.66 142
34.68 148
34.7 171
34.72 169
34.74 169
34.76 162
34.78 155
34.8 175
34.82 137
34.84 151
34.86 141
34.88 154
34.9 144
34.92 157
34.94 139
34.96 158
34.98 146
35 146
35.02 135
35.04 153
35.06 151
35.08 141
35.1 152
35.12 139
35.14 161
35.16 126
35.18 147
35.2 153
35.22 136
35.24 135
35.26 131
35.28 164
35.3 139
35.32 125
35.34 134
35.36 155
35.38 150
35.4 158
35.42 134
35.44 148
35.46 156
35.48 147
35.5 158
35.52 159
35.54 149
35.56 146
35.58 139
35.6 151
35.62 149
35.64 164
35.66 147
35.68 133
35.7 122
35.72 114
35.74 142
35.76 150
35.78 146
35.8 139
35.82 151
35.84 138
35.86 133
35.88 117
35.9 136
35.92 140
35.94 149
35.96 162
35.98 126
36 111
36.02 127
36.04 157
36.06 134
36.08 122
36.1 133
36.12 143
36.14 132
36.16 136
36.18 127
36.2 134
36.22 125
36.24 105
36.26 119
36.28 140
36.3 116
36.32 140
36.34 127
36.36 135
36.38 142
36.4 121
36.42 119
36.44 124
36.46 125
36.48 133
36.5 130
36.52 124
36.54 131
36.56 137
36.58 121
36.6 140
36.62 106
36.64 123
36.66 124
36.68 122
36.7 134
36.72 124
36.74 119
36.76 101
36.78 117
36.8 131
36.82 137
36.84 127
36.86 128
36.88 108
36.9 138
36.92 118
36.94 122
36.96 122
36.98 119
37 121
37.02 131
37.04 122
37.06 131
37.08 115
37.1 140
37.12 122
37.14 118
37.16 105
37.18 126
37.2 137
37.22 106
37.24 118
37.26 121
37.28 122
37.3 108
37.32 124
37.34 124
37.36 111
37.38 129
37.4 108
37.42 114
37.44 115
37.46 126
37.48 123
37.5 116
37.52 130
37.54 119
37.56 115
37.58 121
37.6 95
37.62 118
37.64 131
37.66 115
37.68 119
37.7 104
37.72 103
37.74 127
37.76 121
37.78 136
37.8 118
37.82 109
37.84 99
37.86 122
37.88 121
37.9 109
37.92 113
37.94 119
37.96 116
37.98 117
38 114
38.02 117
38.04 115
38.06 108
38.08 102
38.1 117
38.12 102
38.14 116
38.16 117
38.18 105
38.2 127
38.22 113
38.24 129
38.26 121
38.28 130
38.3 127
38.32 109
38.34 129
38.36 105
38.38 115
38.4 121
38.42 101
38.44 119
38.46 122
38.48 101
38.5 97
38.52 104
38.54 90
38.56 112
38.58 109
38.6 101
38.62 105
38.64 137
38.66 110
38.68 119
38.7 120
38.72 105
38.74 104
38.76 115
38.78 120
38.8 119
38.82 107
38.84 109
38.86 115
38.88 117
38.9 132
38.92 97
38.94 120
38.96 133
38.98 90
39 112
39.02 101
39.04 105
39.06 119
39.08 105
39.1 130
39.12 107
39.14 112
39.16 93
39.18 95
39.2 114
39.22 106
39.24 107
39.26 112
39.28 113
39.3 101
39.32 112
39.34 100
39.36 111
39.38 139
39.4 100
39.42 113
39.44 133
39.46 121
39.48 124
39.5 107
39.52 107
39.54 97
39.56 102
39.58 117
39.6 98
39.62 97
39.64 102
39.66 102
39.68 116
39.7 100
39.72 112
39.74 94
39.76 116
39.78 108
39.8 102
39.82 112
39.84 120
39.86 111
39.88 119
39.9 94
39.92 112
39.94 109
39.96 117
39.98 103
40 106
40.02 112
40.04 100
40.06 107
40.08 101
40.1 107
40.12 129
40.14 107
40.16 118
40.18 134
40.2 115
40.22 96
40.24 104
40.26 115
40.28 115
40.3 95
40.32 117
40.34 110
40.36 137
40.38 107
40.4 117
40.42 81
40.44 105
40.46 110
40.48 124
40.5 82
40.52 95
40.54 106
40.56 126
40.58 121
40.6 107
40.62 108
40.64 110
40.66 115
40.68 96
40.7 114
40.72 103
40.74 105
40.76 108
40.78 118
40.8 109
40.82 103
40.84 113
40.86 123
40.88 119
40.9 114
40.92 106
40.94 128
40.96 112
40.98 112
41 123
41.02 111
41.04 110
41.06 100
41.08 104
41.1 125
41.12 108
41.14 97
41.16 99
41.18 96
41.2 86
41.22 103
41.24 106
41.26 118
41.28 95
41.3 99
41.32 95
41.34 107
41.36 100
41.38 111
41.4 109
41.42 111
41.44 107
41.46 112
41.48 101
41.5 106
41.52 110
41.54 90
41.56 104
41.58 110
41.6 117
41.62 116
41.64 113
41.66 111
41.68 126
41.7 111
41.72 116
41.74 113
41.76 115
41.78 102
41.8 102
41.82 99
41.84 105
41.86 114
41.88 127
41.9 107
41.92 100
41.94 109
41.96 98
41.98 101
42 112
42.02 100
42.04 116
42.06 87
42.08 111
42.1 108
42.12 125
42.14 103
42.16 103
42.18 93
42.2 108
42.22 95
42.24 114
42.26 109
42.28 120
42.3 105
42.32 88
42.34 92
42.36 97
42.38 131
42.4 111
42.42 109
42.44 109
42.46 105
42.48 114
42.5 117
42.52 106
42.54 120
42.56 121
42.58 109
42.6 117
42.62 110
42.64 100
42.66 108
42.68 115
42.7 99
42.72 95
42.74 96
42.76 108
42.78 108
42.8 119
42.82 117
42.84 117
42.86 109
42.88 94
42.9 120
42.92 114
42.94 121
42.96 104
42.98 134
43 95
43.02 105
43.04 114
43.06 112
43.08 106
43.1 118
43.12 106
43.14 119
43.16 115
43.18 107
43.2 101
43.22 102
43.24 104
43.26 101
43.28 107
43.3 122
43.32 115
43.34 123
43.36 103
43.38 118
43.4 112
43.42 103
43.44 103
43.46 108
43.48 99
43.5 112
43.52 100
43.54 102
43.56 104
43.58 130
43.6 101
43.62 121
43.64 107
43.66 126
43.68 106
43.7 130
43.72 124
43.74 114
43.76 115
43.78 133
43.8 109
43.82 135
43.84 136
43.86 135
43.88 198
43.9 256
43.92 260
43.94 251
43.96 234
43.98 239
44 237
44.02 213
44.04 195
44.06 174
44.08 183
44.1 164
44.12 159
44.14 140
44.16 118
44.18 133
44.2 103
44.22 111
44.24 113
44.26 124
44.28 110
44.3 110
44.32 111
44.34 101
44.36 110
44.38 104
44.4 117
44.42 112
44.44 125
44.46 105
44.48 98
44.5 120
44.52 116
44.54 103
44.56 111
44.58 123
44.6 127
44.62 105
44.64 144
44.66 104
44.68 120
44.7 132
44.72 162
44.74 133
44.76 154
44.78 175
44.8 177
44.82 186
44.84 241
44.86 328
44.88 547
44.9 1055
44.92 1655
44.94 2084
44.96 1793
44.98 1302
45 985
45.02 891
45.04 1121
45.06 1153
45.08 1078
45.1 750
45.12 480
45.14 322
45.16 217
45.18 181
45.2 171
45.22 158
45.24 156
45.26 129
45.28 145
45.3 123
45.32 132
45.34 124
45.36 127
45.38 136
45.4 110
45.42 109
45.44 121
45.46 122
45.48 104
45.5 116
45.52 119
45.54 111
45.56 103
45.58 84
45.6 98
45.62 107
45.64 105
45.66 113
45.68 98
45.7 95
45.72 99
45.74 102
45.76 105
45.78 82
45.8 86
45.82 116
45.84 107
45.86 100
45.88 97
45.9 98
45.92 98
45.94 94
45.96 93
45.98 104
46 102
46.02 87
46.04 108
46.06 108
46.08 110
46.1 81
46.12 93
46.14 116
46.16 99
46.18 94
46.2 102
46.22 110
46.24 97
46.26 95
46.28 105
46.3 109
46.32 89
46.34 99
46.36 106
46.38 72
46.4 95
46.42 91
46.44 97
46.46 89
46.48 101
46.5 103
46.52 95
46.54 100
46.56 96
46.58 87
46.6 78
46.62 95
46.64 94
46.66 91
46.68 110
46.7 99
46.72 100
46.74 93
46.76 108
46.78 95
46.8 115
46.82 119
46.84 92
46.86 97
46.88 100
46.9 96
46.92 103
46.94 92
46.96 95
46.98 97
47 99
47.02 96
47.04 92
47.06 91
47.08 97
47.1 79
47.12 87
47.14 90
47.16 94
47.18 99
47.2 85
47.22 97
47.24 95
47.26 109
47.28 90
47.3 101
47.32 89
47.34 99
47.36 107
47.38 104
47.4 100
47.42 103
47.44 94
47.46 95
47.48 98
47.5 89
47.52 92
47.54 99
47.56 84
47.58 101
47.6 72
47.62 88
47.64 102
47.66 97
47.68 82
47.7 90
47.72 95
47.74 103
47.76 107
47.78 110
47.8 89
47.82 107
47.84 100
47.86 88
47.88 111
47.9 104
47.92 89
47.94 97
47.96 88
47.98 100
48 85
48.02 99
48.04 80
48.06 94
48.08 98
48.1 79
48.12 91
48.14 93
48.16 95
48.18 107
48.2 120
48.22 90
48.24 103
48.26 93
48.28 104
48.3 102
48.32 85
48.34 99
48.36 89
48.38 100
48.4 116
48.42 90
48.44 109
48.46 86
48.48 106
48.5 86
48.52 86
48.54 105
48.56 97
48.58 91
48.6 96
48.62 76
48.64 115
48.66 88
48.68 89
48.7 99
48.72 94
48.74 73
48.76 97
48.78 82
48.8 91
48.82 85
48.84 102
48.86 88
48.88 93
48.9 78
48.92 90
48.94 97
48.96 98
48.98 89
49 94
49.02 92
49.04 105
49.06 92
49.08 85
49.1 77
49.12 102
49.14 93
49.16 78
49.18 97
49.2 87
49.22 96
49.24 77
49.26 79
49.28 109
49.3 86
49.32 85
49.34 80
49.36 98
49.38 84
49.4 81
49.42 102
49.44 87
49.46 74
49.48 82
49.5 101
49.52 83
49.54 82
49.56 90
49.58 93
49.6 100
49.62 89
49.64 78
49.66 80
49.68 97
49.7 82
49.72 86
49.74 93
49.76 99
49.78 92
49.8 88
49.82 77
49.84 85
49.86 85
49.88 94
49.9 80
49.92 98
49.94 89
49.96 81
49.98 97
50 81
50.02 95
50.04 79
50.06 91
50.08 103
50.1 90
50.12 86
50.14 85
50.16 90
50.18 90
50.2 105
50.22 98
50.24 77
50.26 80
50.28 86
50.3 100
50.32 83
50.34 79
50.36 103
50.38 94
50.4 96
50.42 85
50.44 88
50.46 94
50.48 86
50.5 96
50.52 85
50.54 97
50.56 82
50.58 86
50.6 94
50.62 76
50.64 79
50.66 92
50.68 69
50.7 97
50.72 92
50.74 77
50.76 93
50.78 80
50.8 105
50.82 84
50.84 79
50.86 90
50.88 78
50.9 92
50.92 66
50.94 94
50.96 67
50.98 83
51 82
51.02 76
51.04 82
51.06 72
51.08 98
51.1 89
51.12 63
51.14 73
51.16 101
51.18 98
51.2 83
51.22 83
51.24 81
51.26 63
51.28 89
51.3 95
51.32 92
51.34 94
51.36 89
51.38 80
51.4 67
51.42 104
51.44 88
51.46 91
51.48 78
51.5 99
51.52 77
51.54 80
51.56 94
51.58 87
51.6 93
51.62 85
51.64 103
51.66 73
51.68 87
51.7 87
51.72 71
51.74 80
51.76 95
51.78 90
51.8 85
51.82 102
51.84 87
51.86 89
51.88 77
51.9 78
51.92 86
51.94 94
51.96 91
51.98 81
52 85
52.02 85
52.04 80
52.06 74
52.08 98
52.1 87
52.12 90
52.14 73
52.16 91
52.18 91
52.2 83
52.22 95
52.24 94
52.26 74
52.28 97
52.3 94
52.32 95
52.34 79
52.36 81
52.38 80
52.4 98
52.42 78
52.44 110
52.46 76
52.48 89
52.5 86
52.52 80
52.54 74
52.56 95
52.58 84
52.6 69
52.62 89
52.64 87
52.66 88
52.68 93
52.7 83
52.72 91
52.74 91
52.76 83
52.78 90
52.8 76
52.82 87
52.84 96
52.86 96
52.88 81
52.9 95
52.92 95
52.94 80
52.96 89
52.98 101
53 98
53.02 89
53.04 98
53.06 97
53.08 89
53.1 105
53.12 93
53.14 104
53.16 112
53.18 106
53.2 95
53.22 89
53.24 98
53.26 98
53.28 99
53.3 91
53.32 90
53.34 93
53.36 102
53.38 103
53.4 104
53.42 107
53.44 85
53.46 102
53.48 93
53.5 97
53.52 112
53.54 88
53.56 97
53.58 87
53.6 87
53.62 111
53.64 100
53.66 88
53.68 87
53.7 102
53.72 93
53.74 75
53.76 99
53.78 89
53.8 87
53.82 93
53.84 94
53.86 100
53.88 90
53.9 84
53.92 96
53.94 90
53.96 87
53.98 92
54 101
54.02 68
54.04 80
54.06 96
54.08 81
54.1 70
54.12 87
54.14 92
54.16 83
54.18 88
54.2 90
54.22 80
54.24 83
54.26 89
54.28 95
54.3 90
54.32 100
54.34 97
54.36 81
54.38 77
54.4 92
54.42 88
54.44 81
54.46 77
54.48 94
54.5 80
54.52 67
54.54 68
54.56 85
54.58 73
54.6 75
54.62 91
54.64 86
54.66 84
54.68 86
54.7 92
54.72 71
54.74 98
54.76 95
54.78 78
54.8 77
54.82 72
54.84 76
54.86 102
54.88 90
54.9 101
54.92 79
54.94 112
54.96 81
54.98 95
55 86
55.02 93
55.04 80
55.06 92
55.08 77
55.1 80
55.12 91
55.14 104
55.16 96
55.18 100
55.2 102
55.22 94
55.24 102
55.26 115
55.28 113
55.3 152
55.32 185
55.34 266
55.36 327
55.38 412
55.4 394
55.42 418
55.44 412
55.46 326
55.48 277
55.5 252
55.52 224
55.54 267
55.56 265
55.58 275
55.6 242
55.62 177
55.64 136
55.66 97
55.68 100
55.7 87
55.72 88
55.74 87
55.76 89
55.78 92
55.8 84
55.82 80
55.84 102
55.86 105
55.88 92
55.9 103
55.92 92
55.94 80
55.96 85
55.98 85
56 93
56.02 90
56.04 87
56.06 69
56.08 99
56.1 74
56.12 74
56.14 87
56.16 93
56.18 89
56.2 98
56.22 92
56.24 72
56.26 82
56.28 96
56.3 88
56.32 87
56.34 88
56.36 92
56.38 92
56.4 67
56.42 94
56.44 92
56.46 83
56.48 86
56.5 86
56.52 74
56.54 100
56.56 100
56.58 80
56.6 85
56.62 94
56.64 83
56.66 89
56.68 80
56.7 92
56.72 105
56.74 87
56.76 96
56.78 101
56.8 82
56.82 91
56.84 78
56.86 84
56.88 88
56.9 92
56.92 99
56.94 87
56.96 85
56.98 83
57 89
57.02 85
57.04 85
57.06 99
57.08 92
57.1 92
57.12 81
57.14 79
57.16 79
57.18 100
57.2 70
57.22 87
57.24 84
57.26 93
57.28 103
57.3 99
57.32 79
57.34 81
57.36 83
57.38 71
57.4 87
57.42 75
57.44 90
57.46 82
57.48 101
57.5 77
57.52 74
57.54 74
57.56 86
57.58 85
57.6 88
57.62 72
57.64 101
57.66 83
57.68 109
57.7 86
57.72 105
57.74 94
57.76 78
57.78 84
57.8 88
57.82 77
57.84 94
57.86 100
57.88 75
57.9 102
57.92 85
57.94 86
57.96 94
57.98 93
58 84
58.02 86
58.04 105
58.06 83
58.08 92
58.1 95
58.12 92
58.14 95
58.16 67
58.18 86
58.2 99
58.22 73
58.24 109
58.26 89
58.28 81
58.3 94
58.32 99
58.34 86
58.36 79
58.38 79
58.4 93
58.42 98
58.44 90
58.46 97
58.48 83
58.5 87
58.52 99
58.54 89
58.56 87
58.58 81
58.6 97
58.62 75
58.64 87
58.66 93
58.68 104
58.7 91
58.72 102
58.74 93
58.76 83
58.78 81
58.8 73
58.82 78
58.84 89
58.86 104
58.88 100
58.9 91
58.92 86
58.94 78
58.96 89
58.98 86
59 72
59.02 102
59.04 100
59.06 87
59.08 98
59.1 94
59.12 108
59.14 98
59.16 77
59.18 71
59.2 102
59.22 82
59.24 88
59.26 78
59.28 105
59.3 98
59.32 94
59.34 68
59.36 100
59.38 93
59.4 78
59.42 91
59.44 87
59.46 88
59.48 99
59.5 73
59.52 90
59.54 79
59.56 90
59.58 87
59.6 96
59.62 103
59.64 96
59.66 103
59.68 88
59.7 98
59.72 82
59.74 95
59.76 94
59.78 90
59.8 80
59.82 69
59.84 100
59.86 91
59.88 76
59.9 85
59.92 90
59.94 87
59.96 94
59.98 91
60 83
60.02 91
60.04 92
60.06 81
60.08 92
60.1 102
60.12 93
60.14 79
60.16 88
60.18 89
60.2 96
60.22 85
60.24 93
60.26 97
60.28 87
60.3 100
60.32 90
60.34 82
60.36 79
60.38 93
60.4 76
60.42 102
60.44 85
60.46 99
60.48 92
60.5 86
60.52 85
60.54 83
60.56 81
60.58 110
60.6 94
60.62 100
60.64 90
60.66 107
60.68 84
60.7 74
60.72 100
60.74 81
60.76 88
60.78 78
60.8 91
60.82 101
60.84 79
60.86 84
60.88 83
60.9 80
60.92 90
60.94 83
60.96 95
60.98 101
61 82
61.02 90
61.04 89
61.06 80
61.08 95
61.1 84
61.12 104
61.14 88
61.16 118
61.18 91
61.2 115
61.22 94
61.24 89
61.26 89
61.28 75
61.3 102
61.32 77
61.34 96
61.36 66
61.38 78
61.4 83
61.42 72
61.44 99
61.46 83
61.48 87
61.5 101
61.52 92
61.54 81
61.56 98
61.58 75
61.6 90
61.62 104
61.64 81
61.66 86
61.68 109
61.7 82
61.72 78
61.74 91
61.76 84
61.78 102
61.8 90
61.82 78
61.84 80
61.86 86
61.88 110
61.9 94
61.92 88
61.94 95
61.96 77
61.98 76
62 94
62.02 103
62.04 91
62.06 91
62.08 113
62.1 88
62.12 112
62.14 103
62.16 99
62.18 107
62.2 105
62.22 97
62.24 97
62.26 107
62.28 96
62.3 115
62.32 88
62.34 104
62.36 114
62.38 101
62.4 119
62.42 106
62.44 155
62.46 182
62.48 308
62.5 645
62.52 1266
62.54 1506
62.56 1264
62.58 1037
62.6 761
62.62 625
62.64 466
62.66 384
62.68 491
62.7 759
62.72 844
62.74 690
62.76 560
62.78 413
62.8 311
62.82 237
62.84 145
62.86 124
62.88 125
62.9 111
62.92 125
62.94 95
62.96 105
62.98 108
63 94
63.02 101
63.04 99
63.06 89
63.08 111
63.1 101
63.12 96
63.14 102
63.16 82
63.18 89
63.2 93
63.22 91
63.24 90
63.26 101
63.28 94
63.3 96
63.32 97
63.34 83
63.36 86
63.38 103
63.4 91
63.42 110
63.44 100
63.46 67
63.48 87
63.5 89
63.52 91
63.54 83
63.56 86
63.58 100
63.6 95
63.62 107
63.64 101
63.66 105
63.68 97
63.7 110
63.72 91
63.74 99
63.76 104
63.78 110
63.8 119
63.82 113
63.84 123
63.86 127
63.88 125
63.9 122
63.92 92
63.94 108
63.96 109
63.98 126
64 120
64.02 107
64.04 123
64.06 112
64.08 104
64.1 103
64.12 89
64.14 96
64.16 95
64.18 80
64.2 94
64.22 86
64.24 100
64.26 94
64.28 83
64.3 91
64.32 111
64.34 110
64.36 97
64.38 95
64.4 111
64.42 90
64.44 113
64.46 98
64.48 116
64.5 95
64.52 107
64.54 118
64.56 175
64.58 215
64.6 289
64.62 355
64.64 400
64.66 350
64.68 298
64.7 206
64.72 163
64.74 169
64.76 185
64.78 216
64.8 246
64.82 251
64.84 248
64.86 217
64.88 162
64.9 130
64.92 127
64.94 113
64.96 96
64.98 108
65 82
65.02 102
65.04 84
65.06 106
65.08 95
65.1 81
65.12 98
65.14 91
65.16 92
65.18 104
65.2 80
65.22 78
65.24 73
65.26 85
65.28 79
65.3 100
65.32 67
65.34 98
65.36 97
65.38 86
65.4 80
65.42 88
65.44 84
65.46 86
65.48 93
65.5 97
65.52 79
65.54 90
65.56 87
65.58 114
65.6 101
65.62 82
65.64 94
65.66 79
65.68 101
65.7 81
65.72 75
65.74 78
65.76 85
65.78 90
65.8 95
65.82 94
65.84 87
65.86 61
65.88 97
65.9 72
65.92 96
65.94 70
65.96 95
65.98 95
66 84
66.02 71
66.04 80
66.06 72
66.08 97
66.1 91
66.12 100
66.14 86
66.16 73
66.18 81
66.2 83
66.22 83
66.24 94
66.26 103
66.28 74
66.3 66
66.32 85
66.34 69
66.36 83
66.38 78
66.4 86
66.42 95
66.44 79
66.46 90
66.48 78
66.5 93
66.52 83
66.54 77
66.56 79
66.58 78
66.6 90
66.62 89
66.64 84
66.66 73
66.68 86
66.7 83
66.72 83
66.74 75
66.76 89
66.78 96
66.8 71
66.82 83
66.84 84
66.86 72
66.88 87
66.9 86
66.92 79
66.94 88
66.96 94
66.98 91
67 83
67.02 79
67.04 76
67.06 68
67.08 105
67.1 89
67.12 84
67.14 70
67.16 78
67.18 91
67.2 92
67.22 87
67.24 76
67.26 85
67.28 97
67.3 89
67.32 77
67.34 69
67.36 85
67.38 91
67.4 74
67.42 89
67.44 87
67.46 76
67.48 66
67.5 98
67.52 77
67.54 77
67.56 82
67.58 71
67.6 72
67.62 90
67.64 77
67.66 102
67.68 83
67.7 91
67.72 87
67.74 76
67.76 70
67.78 68
67.8 74
67.82 83
67.84 74
67.86 90
67.88 66
67.9 62
67.92 84
67.94 77
67.96 87
67.98 81
68 64
68.02 91
68.04 84
68.06 77
68.08 83
68.1 76
68.12 85
68.14 82
68.16 80
68.18 76
68.2 74
68.22 89
68.24 98
68.26 63
68.28 88
68.3 83
68.32 75
68.34 78
68.36 84
68.38 64
68.4 71
68.42 65
68.44 87
68.46 85
68.48 66
68.5 72
68.52 68
68.54 67
68.56 77
68.58 82
68.6 79
68.62 80
68.64 69
68.66 89
68.68 91
68.7 91
68.72 73
68.74 81
68.76 82
68.78 87
68.8 78
68.82 90
68.84 75
68.86 79
68.88 81
68.9 74
68.92 80
68.94 77
68.96 77
68.98 79
69 75
69.02 81
69.04 74
69.06 74
69.08 65
69.1 71
69.12 85
69.14 58
69.16 83
69.18 79
69.2 85
69.22 75
69.24 72
69.26 66
69.28 81
69.3 79
69.32 86
69.34 77
69.36 93
69.38 80
69.4 90
69.42 65
69.44 69
69.46 65
69.48 85
69.5 99
69.52 77
69.54 84
69.56 65
69.58 78
69.6 115
69.62 65
69.64 85
69.66 75
69.68 83
69.7 75
69.72 71
69.74 71
69.76 88
69.78 70
69.8 83
69.82 76
69.84 82
69.86 86
69.88 67
69.9 79
69.92 70
69.94 78
69.96 58
69.98 85
70 80
70.02 83
70.04 79
70.06 78
70.08 85
70.1 84
70.12 74
70.14 73
70.16 83
70.18 76
70.2 89
70.22 86
70.24 71
70.26 76
70.28 81
70.3 84
70.32 87
70.34 69
70.36 91
70.38 79
70.4 93
70.42 56
70.44 68
70.46 76
70.48 77
70.5 78
70.52 76
70.54 86
70.56 62
70.58 77
70.6 69
70.62 79
70.64 85
70.66 77
70.68 91
70.7 87
70.72 66
70.74 61
70.76 66
70.78 67
70.8 63
70.82 60
70.84 65
70.86 73
70.88 71
70.9 72
70.92 78
70.94 77
70.96 90
70.98 64
71 79
71.02 82
71.04 74
71.06 79
71.08 85
71.1 72
71.12 59
71.14 85
71.16 76
71.18 78
71.2 70
71.22 76
71.24 76
71.26 73
71.28 75
71.3 84
71.32 67
71.34 65
71.36 72
71.38 78
71.4 71
71.42 78
71.44 64
71.46 84
71.48 71
71.5 82
71.52 69
71.54 72
71.56 95
71.58 78
71.6 71
71.62 77
71.64 62
71.66 75
71.68 65
71.7 75
71.72 72
71.74 83
71.76 94
71.78 77
71.8 88
71.82 65
71.84 68
71.86 82
71.88 64
71.9 78
71.92 79
71.94 85
71.96 73
71.98 81
72 87
72.02 85
72.04 81
72.06 63
72.08 78
72.1 68
72.12 63
72.14 59
72.16 67
72.18 71
72.2 71
72.22 61
72.24 67
72.26 105
72.28 72
72.3 62
72.32 83
72.34 81
72.36 100
72.38 98
72.4 112
72.42 144
72.44 151
72.46 175
72.48 169
72.5 142
72.52 142
72.54 114
72.56 105
72.58 89
72.6 121
72.62 98
72.64 99
72.66 129
72.68 124
72.7 123
72.72 86
72.74 102
72.76 92
72.78 101
72.8 94
72.82 60
72.84 73
72.86 74
72.88 87
72.9 78
72.92 90
72.94 80
72.96 87
72.98 87
73 78
73.02 89
73.04 79
73.06 89
73.08 84
73.1 102
73.12 104
73.14 100
73.16 120
73.18 151
73.2 167
73.22 180
73.24 171
73.26 167
73.28 136
73.3 92
73.32 87
73.34 99
73.36 78
73.38 118
73.4 120
73.42 133
73.44 124
73.46 118
73.48 111
73.5 104
73.52 112
73.54 95
73.56 92
73.58 97
73.6 76
73.62 75
73.64 64
73.66 60
73.68 75
73.7 69
73.72 74
73.74 82
73.76 83
73.78 83
73.8 72
73.82 92
73.84 59
73.86 88
73.88 64
73.9 75
73.92 68
73.94 89
73.96 82
73.98 73
74 77
74.02 76
74.04 76
74.06 73
74.08 66
74.1 70
74.12 57
74.14 70
74.16 70
74.18 61
74.2 70
74.22 70
74.24 56
74.26 74
74.28 75
74.3 68
74.32 62
74.34 70
74.36 80
74.38 85
74.4 85
74.42 66
74.44 73
74.46 58
74.48 74
74.5 56
74.52 66
74.54 46
74.56 71
74.58 62
74.6 66
74.62 59
74.64 90
74.66 74
74.68 67
74.7 66
74.72 77
74.74 74
74.76 65
74.78 69
74.8 75
74.82 68
74.84 66
74.86 66
74.88 68
74.9 61
74.92 86
74.94 70
74.96 55
74.98 68
75 72
75.02 67
75.04 58
75.06 72
75.08 54
75.1 60
75.12 73
75.14 88
75.16 67
75.18 66
75.2 57
75.22 53
75.24 77
75.26 69
75.28 63
75.3 55
75.32 55
75.34 72
75.36 57
75.38 56
75.4 79
75.42 67
75.44 67
75.46 65
75.48 68
75.5 71
75.52 78
75.54 75
75.56 66
75.58 67
75.6 57
75.62 65
75.64 69
75.66 65
75.68 81
75.7 67
75.72 51
75.74 70
75.76 66
75.78 73
75.8 67
75.82 91
75.84 74
75.86 64
75.88 77
75.9 53
75.92 85
75.94 53
75.96 68
75.98 51
76 61
76.02 67
76.04 58
76.06 79
76.08 72
76.1 69
76.12 63
76.14 78
76.16 69
76.18 89
76.2 71
76.22 62
76.24 59
76.26 62
76.28 66
76.3 63
76.32 61
76.34 65
76.36 69
76.38 70
76.4 63
76.42 64
76.44 69
76.46 66
76.48 66
76.5 72
76.52 63
76.54 65
76.56 72
76.58 70
76.6 66
76.62 73
76.64 68
76.66 53
76.68 58
76.7 80
76.72 66
76.74 59
76.76 66
76.78 72
76.8 64
76.82 51
76.84 52
76.86 38
76.88 67
76.9 62
76.92 58
76.94 74
76.96 78
76.98 54
77 71
77.02 56
77.04 49
77.06 67
77.08 61
77.1 56
77.12 68
77.14 65
77.16 77
77.18 72
77.2 75
77.22 80
77.24 54
77.26 63
77.28 76
77.3 85
77.32 63
77.34 74
77.36 61
77.38 52
77.4 59
77.42 56
77.44 61
77.46 69
77.48 76
77.5 75
77.52 76
77.54 68
77.56 61
77.58 57
77.6 66
77.62 62
77.64 64
77.66 60
77.68 56
77.7 63
77.72 65
77.74 52
77.76 55
77.78 70
77.8 60
77.82 73
77.84 66
77.86 84
77.88 57
77.9 61
77.92 64
77.94 68
77.96 56
77.98 53
78 57
78.02 53
78.04 82
78.06 79
78.08 50
78.1 59
78.12 61
78.14 63
78.16 69
78.18 70
78.2 63
78.22 62
78.24 69
78.26 73
78.28 53
78.3 59
78.32 71
78.34 70
78.36 67
78.38 69
78.4 68
78.42 69
78.44 54
78.46 81
78.48 64
78.5 61
78.52 63
78.54 59
78.56 63
78.58 52
78.6 78
78.62 58
78.64 62
78.66 75
78.68 69
78.7 61
78.72 67
78.74 56
78.76 67
78.78 74
78.8 69
78.82 81
78.84 57
78.86 81
78.88 66
78.9 65
78.92 71
78.94 62
78.96 62
78.98 73
79 60
79.02 84
79.04 72
79.06 72
79.08 56
79.1 65
79.12 68
79.14 84
79.16 73
79.18 73
79.2 77
79.22 80
79.24 81
79.26 81
79.28 81
79.3 70
79.32 78
79.34 92
79.36 87
79.38 86
79.4 126
79.42 107
79.44 136
79.46 179
79.48 260
79.5 370
79.52 638
79.54 858
79.56 938
79.58 747
79.6 562
79.62 370
79.64 245
79.66 157
79.68 184
79.7 182
79.72 205
79.74 252
79.76 368
79.78 461
79.8 548
79.82 466
79.84 332
79.86 217
79.88 171
79.9 126
79.92 101
79.94 108
79.96 92
79.98 88
80 92
80.02 83
80.04 63
80.06 58
80.08 89
80.1 67
80.12 81
80.14 59
80.16 58
80.18 90
80.2 78
80.22 60
80.24 75
80.26 58
80.28 83
80.3 65
80.32 70
80.34 74
80.36 78
80.38 78
80.4 99
80.42 50
80.44 58
80.46 63
80.48 62
80.5 67
80.52 67
80.54 65
80.56 65
80.58 62
80.6 68
80.62 63
80.64 76
80.66 74
80.68 69
80.7 64
80.72 69
80.74 56
80.76 59
80.78 74
80.8 61
80.82 58
80.84 58
80.86 66
80.88 61
80.9 55
80.92 77
80.94 55
80.96 64
80.98 71
81 59
81.02 73
81.04 63
81.06 60
81.08 52
81.1 68
81.12 70
81.14 53
81.16 63
81.18 64
81.2 64
81.22 53
81.24 58
81.26 57
81.28 58
81.3 59
81.32 64
81.34 67
81.36 61
81.38 71
81.4 51
81.42 68
81.44 63
81.46 66
81.48 58
81.5 59
81.52 53
81.54 39
81.56 51
81.58 44
81.6 56
81.62 50
81.64 60
81.66 58
81.68 67
81.7 50
81.72 51
81.74 63
81.76 53
81.78 60
81.8 52
81.82 52
81.84 47
81.86 56
81.88 55
81.9 57
81.92 57
81.94 47
81.96 48
81.98 58
82 66
82.02 70
82.04 54
82.06 61
82.08 65
82.1 59
82.12 56
82.14 56
82.16 58
82.18 60
82.2 49
82.22 54
82.24 43
82.26 54
82.28 59
82.3 65
82.32 63
82.34 57
82.36 52
82.38 69
82.4 43
82.42 63
82.44 51
82.46 57
82.48 64
82.5 53
82.52 60
82.54 60
82.56 64
82.58 69
82.6 74
82.62 59
82.64 63
82.66 62
82.68 72
82.7 48
82.72 60
82.74 67
82.76 56
82.78 63
82.8 46
82.82 53
82.84 60
82.86 59
82.88 76
82.9 56
82.92 62
82.94 50
82.96 62
82.98 54
83 55
83.02 77
83.04 57
83.06 45
83.08 48
83.1 55
83.12 56
83.14 62
83.16 48
83.18 59
83.2 70
83.22 62
83.24 49
83.26 58
83.28 56
83.3 76
83.32 61
83.34 67
83.36 62
83.38 47
83.4 69
83.42 56
83.44 52
83.46 58
83.48 66
83.5 53
83.52 65
83.54 63
83.56 68
83.58 52
83.6 64
83.62 48
83.64 65
83.66 68
83.68 35
83.7 54
83.72 59
83.74 64
83.76 59
83.78 62
83.8 61
83.82 55
83.84 44
83.86 54
83.88 52
83.9 61
83.92 54
83.94 50
83.96 61
83.98 58
84 59
84.02 46
84.04 61
84.06 58
84.08 53
84.1 45
84.12 55
84.14 40
84.16 35
84.18 50
84.2 50
84.22 53
84.24 65
84.26 46
84.28 41
84.3 61
84.32 57
84.34 55
84.36 55
84.38 48
84.4 57
84.42 57
84.44 54
84.46 56
84.48 51
84.5 65
84.52 52
84.54 52
84.56 48
84.58 52
84.6 54
84.62 62
84.64 57
84.66 64
84.68 62
84.7 63
84.72 44
84.74 60
84.76 44
84.78 43
84.8 42
84.82 56
84.84 60
84.86 58
84.88 44
84.9 59
84.92 46
84.94 50
84.96 55
84.98 49
85 55
85.02 37
85.04 74
85.06 47
85.08 46
85.1 61
85.12 48
85.14 52
85.16 48
85.18 45
85.2 41
85.22 55
85.24 64
85.26 69
85.28 54
85.3 55
85.32 53
85.34 55
85.36 51
85.38 48
85.4 47
85.42 51
85.44 61
85.46 60
85.48 56
85.5 45
85.52 54
85.54 47
85.56 40
85.58 49
85.6 47
85.62 58
85.64 58
85.66 43
85.68 55
85.7 54
85.72 52
85.74 43
85.76 54
85.78 38
85.8 58
85.82 42
85.84 64
85.86 65
85.88 57
85.9 43
85.92 57
85.94 42
85.96 55
85.98 47
86 68
86.02 50
86.04 36
86.06 39
86.08 57
86.1 51
86.12 57
86.14 39
86.16 60
86.18 63
86.2 39
86.22 58
86.24 59
86.26 43
86.28 57
86.3 60
86.32 54
86.34 57
86.36 53
86.38 42
86.4 63
86.42 57
86.44 50
86.46 47
86.48 44
86.5 55
86.52 43
86.54 52
86.56 51
86.58 46
86.6 71
86.62 47
86.64 47
86.66 51
86.68 47
86.7 47
86.72 56
86.74 43
86.76 39
86.78 39
86.8 50
86.82 49
86.84 52
86.86 51
86.88 53
86.9 60
86.92 44
86.94 40
86.96 54
86.98 48
87 54
87.02 53
87.04 39
87.06 48
87.08 51
87.1 51
87.12 41
87.14 45
87.16 47
87.18 45
87.2 54
87.22 46
87.24 44
87.26 41
87.28 61
87.3 55
87.32 56
87.34 58
87.36 44
87.38 45
87.4 44
87.42 51
87.44 42
87.46 47
87.48 52
87.5 53
87.52 51
87.54 44
87.56 41
87.58 54
87.6 42
87.62 50
87.64 36
87.66 48
87.68 63
87.7 44
87.72 58
87.74 59
87.76 34
87.78 41
87.8 45
87.82 47
87.84 56
87.86 40
87.88 40
87.9 53
87.92 44
87.94 56
87.96 47
87.98 44
88 43
88.02 42
88.04 54
88.06 38
88.08 48
88.1 37
88.12 36
88.14 54
88.16 53
88.18 57
88.2 51
88.22 47
88.24 54
88.26 51
88.28 57
88.3 43
88.32 47
88.34 52
88.36 56
88.38 54
88.4 49
88.42 50
88.44 46
88.46 55
88.48 46
88.5 47
88.52 41
88.54 46
88.56 62
88.58 42
88.6 35
88.62 41
88.64 45
88.66 56
88.68 44
88.7 60
88.72 45
88.74 45
88.76 39
88.78 63
88.8 44
88.82 48
88.84 52
88.86 43
88.88 39
88.9 38
88.92 45
88.94 45
88.96 48
88.98 50
89 59
89.02 56
89.04 61
89.06 54
89.08 58
89.1 49
89.12 49
89.14 67
89.16 61
89.18 43
89.2 57
89.22 48
89.24 60
89.26 62
89.28 60
89.3 69
89.32 66
89.34 66
89.36 88
89.38 92
89.4 109
89.42 150
89.44 201
89.46 193
89.48 193
89.5 185
89.52 157
89.54 116
89.56 99
89.58 84
89.6 80
89.62 97
89.64 70
89.66 90
89.68 98
89.7 105
89.72 104
89.74 123
89.76 114
89.78 146
89.8 115
89.82 95
89.84 87
89.86 69
89.88 71
89.9 59
89.92 49
89.94 50
89.96 64
89.98 77
90 61
