Sample SnGe_sample3_pested
Comments 
Filename C:\WINDMAX\DATA\KAGAWALAB\181122_sample3_pested.raw
Goniometer TTRáV êÖïΩ∫ﬁ∆µ“∞¿(Tsé≤éËìÆ,ADS)
Attachment ïWèÄééóøŒŸ¿ﬁ∞
Monochromater å≈íË”…∏€“∞¿
ScanningMode 2Theta/Theta
ScanningType Continuos Scanning
X-Ray 40kV/300mA
î≠éUΩÿØƒ 2/3Åã
î≠éUècêßå¿ΩÿØƒ 10mm
éUóêΩÿØƒ 2/3Åã
éÛåıΩÿØƒ 0.3mm
±Ø√»∞¿ äJï˙
”…∏€éÛåıΩÿØƒ 0.8mm
Start 10
Stop 90
Step 0.02
10 244
10.02 255
10.04 208
10.06 255
10.08 259
10.1 244
10.12 237
10.14 277
10.16 213
10.18 236
10.2 282
10.22 270
10.24 265
10.26 277
10.28 250
10.3 256
10.32 286
10.34 256
10.36 221
10.38 284
10.4 255
10.42 281
10.44 249
10.46 262
10.48 282
10.5 281
10.52 254
10.54 257
10.56 279
10.58 275
10.6 249
10.62 220
10.64 252
10.66 267
10.68 258
10.7 258
10.72 266
10.74 260
10.76 293
10.78 288
10.8 266
10.82 296
10.84 252
10.86 266
10.88 252
10.9 285
10.92 250
10.94 257
10.96 245
10.98 277
11 252
11.02 274
11.04 236
11.06 250
11.08 258
11.1 275
11.12 246
11.14 269
11.16 260
11.18 252
11.2 249
11.22 268
11.24 270
11.26 236
11.28 249
11.3 238
11.32 244
11.34 257
11.36 254
11.38 236
11.4 262
11.42 218
11.44 284
11.46 262
11.48 247
11.5 261
11.52 238
11.54 241
11.56 242
11.58 251
11.6 247
11.62 276
11.64 236
11.66 242
11.68 243
11.7 225
11.72 247
11.74 254
11.76 250
11.78 250
11.8 258
11.82 243
11.84 256
11.86 258
11.88 243
11.9 251
11.92 236
11.94 264
11.96 246
11.98 271
12 250
12.02 246
12.04 263
12.06 255
12.08 267
12.1 238
12.12 283
12.14 236
12.16 234
12.18 258
12.2 270
12.22 264
12.24 229
12.26 264
12.28 255
12.3 213
12.32 225
12.34 253
12.36 240
12.38 260
12.4 256
12.42 235
12.44 235
12.46 218
12.48 256
12.5 243
12.52 234
12.54 277
12.56 246
12.58 240
12.6 237
12.62 260
12.64 253
12.66 261
12.68 269
12.7 258
12.72 234
12.74 229
12.76 242
12.78 272
12.8 220
12.82 310
12.84 241
12.86 216
12.88 249
12.9 236
12.92 231
12.94 243
12.96 230
12.98 258
13 255
13.02 240
13.04 250
13.06 243
13.08 234
13.1 242
13.12 246
13.14 284
13.16 272
13.18 282
13.2 274
13.22 266
13.24 273
13.26 279
13.28 280
13.3 288
13.32 301
13.34 313
13.36 331
13.38 310
13.4 298
13.42 336
13.44 324
13.46 347
13.48 325
13.5 354
13.52 342
13.54 375
13.56 423
13.58 406
13.6 421
13.62 451
13.64 450
13.66 452
13.68 459
13.7 517
13.72 550
13.74 522
13.76 559
13.78 591
13.8 585
13.82 645
13.84 688
13.86 719
13.88 699
13.9 720
13.92 739
13.94 787
13.96 849
13.98 861
14 904
14.02 937
14.04 956
14.06 931
14.08 910
14.1 924
14.12 854
14.14 781
14.16 748
14.18 718
14.2 649
14.22 589
14.24 520
14.26 474
14.28 451
14.3 413
14.32 404
14.34 375
14.36 348
14.38 378
14.4 336
14.42 311
14.44 299
14.46 313
14.48 278
14.5 290
14.52 238
14.54 265
14.56 254
14.58 221
14.6 206
14.62 239
14.64 223
14.66 216
14.68 208
14.7 191
14.72 188
14.74 194
14.76 199
14.78 190
14.8 158
14.82 192
14.84 175
14.86 179
14.88 188
14.9 163
14.92 191
14.94 152
14.96 174
14.98 160
15 161
15.02 148
15.04 135
15.06 161
15.08 163
15.1 161
15.12 141
15.14 120
15.16 145
15.18 155
15.2 135
15.22 159
15.24 131
15.26 150
15.28 158
15.3 143
15.32 133
15.34 124
15.36 139
15.38 135
15.4 127
15.42 119
15.44 122
15.46 108
15.48 134
15.5 115
15.52 116
15.54 118
15.56 129
15.58 112
15.6 123
15.62 113
15.64 125
15.66 119
15.68 102
15.7 106
15.72 132
15.74 126
15.76 93
15.78 116
15.8 125
15.82 89
15.84 114
15.86 91
15.88 116
15.9 104
15.92 107
15.94 100
15.96 115
15.98 118
16 109
16.02 112
16.04 110
16.06 92
16.08 103
16.1 101
16.12 118
16.14 101
16.16 107
16.18 86
16.2 95
16.22 98
16.24 117
16.26 101
16.28 93
16.3 102
16.32 102
16.34 96
16.36 102
16.38 100
16.4 100
16.42 106
16.44 99
16.46 102
16.48 99
16.5 105
16.52 95
16.54 116
16.56 106
16.58 106
16.6 104
16.62 128
16.64 112
16.66 111
16.68 113
16.7 114
16.72 115
16.74 101
16.76 138
16.78 79
16.8 110
16.82 133
16.84 109
16.86 99
16.88 100
16.9 105
16.92 86
16.94 118
16.96 98
16.98 87
17 84
17.02 87
17.04 85
17.06 90
17.08 93
17.1 89
17.12 83
17.14 92
17.16 90
17.18 79
17.2 78
17.22 70
17.24 73
17.26 72
17.28 78
17.3 77
17.32 74
17.34 69
17.36 63
17.38 73
17.4 81
17.42 75
17.44 63
17.46 80
17.48 67
17.5 69
17.52 54
17.54 60
17.56 71
17.58 71
17.6 62
17.62 66
17.64 75
17.66 77
17.68 70
17.7 62
17.72 67
17.74 73
17.76 68
17.78 70
17.8 76
17.82 71
17.84 56
17.86 73
17.88 67
17.9 62
17.92 77
17.94 63
17.96 76
17.98 67
18 74
18.02 76
18.04 70
18.06 66
18.08 66
18.1 73
18.12 75
18.14 66
18.16 54
18.18 66
18.2 58
18.22 66
18.24 69
18.26 71
18.28 76
18.3 69
18.32 67
18.34 70
18.36 70
18.38 67
18.4 81
18.42 58
18.44 84
18.46 61
18.48 81
18.5 64
18.52 66
18.54 69
18.56 72
18.58 66
18.6 53
18.62 65
18.64 59
18.66 67
18.68 60
18.7 69
18.72 62
18.74 75
18.76 67
18.78 69
18.8 52
18.82 59
18.84 49
18.86 76
18.88 59
18.9 59
18.92 72
18.94 55
18.96 71
18.98 54
19 60
19.02 73
19.04 63
19.06 63
19.08 71
19.1 68
19.12 74
19.14 82
19.16 68
19.18 59
19.2 72
19.22 71
19.24 79
19.26 74
19.28 73
19.3 63
19.32 73
19.34 55
19.36 74
19.38 59
19.4 70
19.42 68
19.44 63
19.46 58
19.48 51
19.5 73
19.52 61
19.54 72
19.56 71
19.58 59
19.6 76
19.62 64
19.64 61
19.66 71
19.68 43
19.7 67
19.72 61
19.74 63
19.76 64
19.78 75
19.8 70
19.82 69
19.84 69
19.86 56
19.88 69
19.9 58
19.92 78
19.94 66
19.96 64
19.98 54
20 58
20.02 58
20.04 64
20.06 58
20.08 71
20.1 64
20.12 53
20.14 61
20.16 78
20.18 66
20.2 62
20.22 67
20.24 69
20.26 52
20.28 65
20.3 72
20.32 70
20.34 61
20.36 71
20.38 61
20.4 72
20.42 51
20.44 60
20.46 67
20.48 56
20.5 75
20.52 77
20.54 59
20.56 59
20.58 64
20.6 69
20.62 60
20.64 56
20.66 64
20.68 71
20.7 55
20.72 55
20.74 53
20.76 61
20.78 56
20.8 60
20.82 64
20.84 64
20.86 52
20.88 48
20.9 65
20.92 66
20.94 49
20.96 61
20.98 48
21 57
21.02 57
21.04 47
21.06 43
21.08 49
21.1 57
21.12 69
21.14 53
21.16 60
21.18 61
21.2 49
21.22 62
21.24 65
21.26 56
21.28 53
21.3 73
21.32 64
21.34 66
21.36 75
21.38 73
21.4 80
21.42 89
21.44 81
21.46 116
21.48 91
21.5 112
21.52 102
21.54 102
21.56 132
21.58 109
21.6 104
21.62 121
21.64 95
21.66 94
21.68 89
21.7 74
21.72 66
21.74 68
21.76 60
21.78 68
21.8 64
21.82 60
21.84 50
21.86 56
21.88 51
21.9 50
21.92 45
21.94 42
21.96 48
21.98 36
22 48
22.02 57
22.04 57
22.06 52
22.08 57
22.1 52
22.12 56
22.14 51
22.16 48
22.18 46
22.2 65
22.22 40
22.24 55
22.26 50
22.28 46
22.3 51
22.32 54
22.34 52
22.36 50
22.38 54
22.4 38
22.42 47
22.44 60
22.46 54
22.48 34
22.5 53
22.52 55
22.54 45
22.56 57
22.58 41
22.6 51
22.62 45
22.64 41
22.66 55
22.68 56
22.7 56
22.72 49
22.74 45
22.76 55
22.78 54
22.8 54
22.82 53
22.84 57
22.86 79
22.88 77
22.9 86
22.92 78
22.94 87
22.96 98
22.98 108
23 120
23.02 165
23.04 204
23.06 205
23.08 221
23.1 244
23.12 296
23.14 315
23.16 332
23.18 310
23.2 286
23.22 278
23.24 263
23.26 242
23.28 268
23.3 217
23.32 230
23.34 180
23.36 155
23.38 128
23.4 90
23.42 117
23.44 95
23.46 68
23.48 80
23.5 78
23.52 65
23.54 64
23.56 56
23.58 64
23.6 65
23.62 62
23.64 71
23.66 99
23.68 112
23.7 100
23.72 129
23.74 183
23.76 230
23.78 357
23.8 589
23.82 1025
23.84 1564
23.86 1887
23.88 2430
23.9 2857
23.92 3095
23.94 3108
23.96 2967
23.98 2621
24 2095
24.02 1662
24.04 1273
24.06 888
24.08 559
24.1 389
24.12 258
24.14 201
24.16 159
24.18 125
24.2 120
24.22 78
24.24 77
24.26 82
24.28 65
24.3 57
24.32 59
24.34 53
24.36 53
24.38 62
24.4 63
24.42 41
24.44 52
24.46 55
24.48 51
24.5 40
24.52 50
24.54 48
24.56 47
24.58 61
24.6 43
24.62 44
24.64 48
24.66 46
24.68 44
24.7 39
24.72 41
24.74 41
24.76 36
24.78 43
24.8 43
24.82 41
24.84 39
24.86 42
24.88 37
24.9 37
24.92 36
24.94 38
24.96 35
24.98 41
25 50
25.02 42
25.04 47
25.06 46
25.08 38
25.1 43
25.12 34
25.14 40
25.16 34
25.18 37
25.2 42
25.22 36
25.24 41
25.26 31
25.28 29
25.3 25
25.32 32
25.34 38
25.36 41
25.38 43
25.4 30
25.42 29
25.44 24
25.46 42
25.48 45
25.5 35
25.52 39
25.54 17
25.56 44
25.58 39
25.6 36
25.62 32
25.64 39
25.66 33
25.68 48
25.7 30
25.72 31
25.74 39
25.76 36
25.78 38
25.8 41
25.82 36
25.84 35
25.86 24
25.88 24
25.9 41
25.92 27
25.94 34
25.96 27
25.98 39
26 31
26.02 39
26.04 31
26.06 39
26.08 30
26.1 29
26.12 38
26.14 30
26.16 26
26.18 35
26.2 35
26.22 41
26.24 29
26.26 29
26.28 38
26.3 28
26.32 23
26.34 37
26.36 26
26.38 33
26.4 45
26.42 38
26.44 29
26.46 30
26.48 39
26.5 34
26.52 34
26.54 36
26.56 29
26.58 41
26.6 31
26.62 41
26.64 32
26.66 25
26.68 33
26.7 33
26.72 31
26.74 39
26.76 43
26.78 31
26.8 37
26.82 44
26.84 39
26.86 26
26.88 23
26.9 31
26.92 34
26.94 32
26.96 33
26.98 42
27 38
27.02 23
27.04 25
27.06 26
27.08 35
27.1 39
27.12 29
27.14 39
27.16 24
27.18 37
27.2 31
27.22 26
27.24 41
27.26 21
27.28 31
27.3 38
27.32 35
27.34 21
27.36 34
27.38 29
27.4 39
27.42 35
27.44 34
27.46 33
27.48 22
27.5 43
27.52 26
27.54 23
27.56 31
27.58 21
27.6 37
27.62 37
27.64 34
27.66 28
27.68 40
27.7 34
27.72 31
27.74 35
27.76 39
27.78 32
27.8 25
27.82 31
27.84 31
27.86 35
27.88 43
27.9 35
27.92 35
27.94 32
27.96 36
27.98 15
28 39
28.02 27
28.04 22
28.06 23
28.08 20
28.1 34
28.12 28
28.14 36
28.16 39
28.18 42
28.2 41
28.22 21
28.24 37
28.26 37
28.28 35
28.3 39
28.32 35
28.34 43
28.36 31
28.38 42
28.4 49
28.42 33
28.44 41
28.46 49
28.48 39
28.5 28
28.52 31
28.54 37
28.56 49
28.58 33
28.6 30
28.62 43
28.64 56
28.66 40
28.68 38
28.7 42
28.72 30
28.74 46
28.76 39
28.78 30
28.8 37
28.82 41
28.84 45
28.86 40
28.88 38
28.9 46
28.92 47
28.94 37
28.96 53
28.98 42
29 46
29.02 52
29.04 57
29.06 59
29.08 63
29.1 66
29.12 72
29.14 64
29.16 112
29.18 128
29.2 141
29.22 169
29.24 205
29.26 238
29.28 341
29.3 442
29.32 559
29.34 759
29.36 994
29.38 1230
29.4 1638
29.42 2082
29.44 2362
29.46 2888
29.48 3206
29.5 3617
29.52 3816
29.54 4048
29.56 4325
29.58 4412
29.6 4210
29.62 4096
29.64 3712
29.66 3457
29.68 2852
29.7 2462
29.72 2039
29.74 1658
29.76 1227
29.78 894
29.8 724
29.82 557
29.84 449
29.86 364
29.88 309
29.9 214
29.92 186
29.94 155
29.96 167
29.98 144
30 140
30.02 177
30.04 166
30.06 144
30.08 125
30.1 113
30.12 128
30.14 85
30.16 76
30.18 83
30.2 61
30.22 63
30.24 54
30.26 59
30.28 46
30.3 42
30.32 49
30.34 43
30.36 43
30.38 52
30.4 40
30.42 44
30.44 39
30.46 52
30.48 37
30.5 34
30.52 41
30.54 28
30.56 32
30.58 40
30.6 41
30.62 23
30.64 30
30.66 45
30.68 39
30.7 46
30.72 61
30.74 71
30.76 58
30.78 60
30.8 78
30.82 106
30.84 85
30.86 88
30.88 83
30.9 99
30.92 100
30.94 89
30.96 88
30.98 82
31 62
31.02 57
31.04 53
31.06 46
31.08 41
31.1 52
31.12 61
31.14 42
31.16 29
31.18 38
31.2 25
31.22 46
31.24 37
31.26 25
31.28 43
31.3 29
31.32 47
31.34 28
31.36 50
31.38 48
31.4 66
31.42 61
31.44 76
31.46 76
31.48 77
31.5 99
31.52 106
31.54 128
31.56 115
31.58 126
31.6 154
31.62 123
31.64 129
31.66 142
31.68 114
31.7 129
31.72 98
31.74 101
31.76 80
31.78 58
31.8 71
31.82 66
31.84 55
31.86 45
31.88 43
31.9 43
31.92 40
31.94 35
31.96 40
31.98 42
32 40
32.02 32
32.04 54
32.06 50
32.08 57
32.1 55
32.12 64
32.14 109
32.16 121
32.18 148
32.2 172
32.22 260
32.24 280
32.26 281
32.28 261
32.3 227
32.32 231
32.34 198
32.36 126
32.38 144
32.4 100
32.42 67
32.44 65
32.46 52
32.48 27
32.5 36
32.52 41
32.54 32
32.56 31
32.58 36
32.6 26
32.62 24
32.64 41
32.66 32
32.68 25
32.7 30
32.72 29
32.74 20
32.76 32
32.78 30
32.8 38
32.82 31
32.84 33
32.86 33
32.88 24
32.9 28
32.92 29
32.94 18
32.96 20
32.98 32
33 34
33.02 25
33.04 27
33.06 27
33.08 30
33.1 18
33.12 32
33.14 27
33.16 20
33.18 29
33.2 33
33.22 18
33.24 37
33.26 31
33.28 21
33.3 31
33.32 32
33.34 21
33.36 28
33.38 33
33.4 27
33.42 21
33.44 28
33.46 38
33.48 24
33.5 23
33.52 31
33.54 23
33.56 30
33.58 30
33.6 20
33.62 26
33.64 35
33.66 26
33.68 26
33.7 21
33.72 32
33.74 25
33.76 21
33.78 25
33.8 24
33.82 30
33.84 22
33.86 16
33.88 21
33.9 26
33.92 25
33.94 34
33.96 19
33.98 25
34 20
34.02 27
34.04 28
34.06 34
34.08 32
34.1 26
34.12 21
34.14 23
34.16 24
34.18 21
34.2 28
34.22 21
34.24 23
34.26 16
34.28 25
34.3 34
34.32 25
34.34 24
34.36 28
34.38 26
34.4 25
34.42 25
34.44 37
34.46 19
34.48 29
34.5 30
34.52 24
34.54 27
34.56 16
34.58 29
34.6 26
34.62 26
34.64 27
34.66 21
34.68 26
34.7 24
34.72 32
34.74 27
34.76 25
34.78 26
34.8 30
34.82 28
34.84 32
34.86 33
34.88 29
34.9 26
34.92 21
34.94 25
34.96 31
34.98 25
35 20
35.02 33
35.04 36
35.06 25
35.08 26
35.1 24
35.12 35
35.14 25
35.16 25
35.18 31
35.2 28
35.22 26
35.24 25
35.26 21
35.28 24
35.3 22
35.32 22
35.34 35
35.36 30
35.38 28
35.4 21
35.42 31
35.44 27
35.46 28
35.48 24
35.5 27
35.52 33
35.54 33
35.56 31
35.58 27
35.6 24
35.62 32
35.64 31
35.66 41
35.68 29
35.7 31
35.72 39
35.74 27
35.76 39
35.78 34
35.8 43
35.82 41
35.84 63
35.86 63
35.88 76
35.9 84
35.92 94
35.94 99
35.96 133
35.98 155
36 198
36.02 242
36.04 283
36.06 326
36.08 348
36.1 400
36.12 454
36.14 426
36.16 416
36.18 447
36.2 399
36.22 441
36.24 341
36.26 317
36.28 299
36.3 233
36.32 195
36.34 175
36.36 144
36.38 109
36.4 99
36.42 80
36.44 64
36.46 56
36.48 52
36.5 50
36.52 60
36.54 39
36.56 42
36.58 34
36.6 34
36.62 40
36.64 32
36.66 35
36.68 40
36.7 37
36.72 26
36.74 31
36.76 40
36.78 25
36.8 31
36.82 33
36.84 34
36.86 35
36.88 28
36.9 22
36.92 27
36.94 24
36.96 38
36.98 22
37 33
37.02 26
37.04 24
37.06 21
37.08 24
37.1 25
37.12 37
37.14 29
37.16 32
37.18 34
37.2 38
37.22 27
37.24 28
37.26 24
37.28 27
37.3 24
37.32 23
37.34 24
37.36 23
37.38 31
37.4 28
37.42 25
37.44 28
37.46 35
37.48 23
37.5 32
37.52 24
37.54 33
37.56 29
37.58 26
37.6 23
37.62 22
37.64 36
37.66 35
37.68 33
37.7 23
37.72 24
37.74 29
37.76 35
37.78 21
37.8 28
37.82 26
37.84 17
37.86 25
37.88 30
37.9 40
37.92 25
37.94 39
37.96 23
37.98 29
38 26
38.02 21
38.04 24
38.06 37
38.08 41
38.1 29
38.12 20
38.14 26
38.16 20
38.18 38
38.2 24
38.22 27
38.24 34
38.26 31
38.28 28
38.3 24
38.32 28
38.34 34
38.36 38
38.38 26
38.4 21
38.42 35
38.44 37
38.46 22
38.48 31
38.5 35
38.52 26
38.54 39
38.56 31
38.58 25
38.6 39
38.62 44
38.64 38
38.66 32
38.68 35
38.7 34
38.72 50
38.74 47
38.76 36
38.78 33
38.8 25
38.82 39
38.84 37
38.86 38
38.88 44
38.9 45
38.92 40
38.94 41
38.96 31
38.98 49
39 49
39.02 56
39.04 54
39.06 58
39.08 60
39.1 69
39.12 69
39.14 91
39.16 83
39.18 99
39.2 114
39.22 141
39.24 188
39.26 212
39.28 381
39.3 505
39.32 708
39.34 963
39.36 1334
39.38 1587
39.4 1784
39.42 2055
39.44 2213
39.46 2311
39.48 2306
39.5 2080
39.52 1936
39.54 1719
39.56 1638
39.58 1519
39.6 1352
39.62 1124
39.64 944
39.66 875
39.68 703
39.7 634
39.72 540
39.74 457
39.76 409
39.78 307
39.8 285
39.82 239
39.84 195
39.86 195
39.88 153
39.9 135
39.92 123
39.94 117
39.96 91
39.98 82
40 78
40.02 67
40.04 69
40.06 65
40.08 58
40.1 47
40.12 54
40.14 61
40.16 44
40.18 66
40.2 47
40.22 45
40.24 50
40.26 41
40.28 48
40.3 56
40.32 44
40.34 41
40.36 60
40.38 41
40.4 37
40.42 43
40.44 44
40.46 43
40.48 41
40.5 34
40.52 39
40.54 44
40.56 41
40.58 33
40.6 44
40.62 44
40.64 40
40.66 40
40.68 44
40.7 42
40.72 39
40.74 33
40.76 32
40.78 29
40.8 37
40.82 29
40.84 47
40.86 37
40.88 26
40.9 31
40.92 22
40.94 36
40.96 31
40.98 33
41 22
41.02 29
41.04 29
41.06 32
41.08 29
41.1 34
41.12 30
41.14 34
41.16 28
41.18 27
41.2 29
41.22 38
41.24 28
41.26 39
41.28 26
41.3 33
41.32 38
41.34 43
41.36 32
41.38 35
41.4 32
41.42 32
41.44 27
41.46 30
41.48 23
41.5 31
41.52 34
41.54 34
41.56 35
41.58 35
41.6 36
41.62 30
41.64 36
41.66 29
41.68 21
41.7 26
41.72 41
41.74 41
41.76 31
41.78 34
41.8 29
41.82 38
41.84 28
41.86 42
41.88 40
41.9 36
41.92 28
41.94 39
41.96 32
41.98 37
42 29
42.02 27
42.04 32
42.06 25
42.08 38
42.1 29
42.12 22
42.14 26
42.16 33
42.18 27
42.2 32
42.22 36
42.24 39
42.26 36
42.28 37
42.3 33
42.32 34
42.34 36
42.36 29
42.38 23
42.4 25
42.42 32
42.44 25
42.46 25
42.48 31
42.5 22
42.52 32
42.54 38
42.56 42
42.58 36
42.6 33
42.62 24
42.64 28
42.66 45
42.68 29
42.7 30
42.72 27
42.74 39
42.76 54
42.78 39
42.8 43
42.82 36
42.84 46
42.86 46
42.88 31
42.9 35
42.92 37
42.94 44
42.96 42
42.98 39
43 48
43.02 50
43.04 65
43.06 69
43.08 70
43.1 96
43.12 131
43.14 143
43.16 134
43.18 209
43.2 245
43.22 294
43.24 313
43.26 388
43.28 459
43.3 446
43.32 490
43.34 491
43.36 530
43.38 546
43.4 486
43.42 480
43.44 459
43.46 376
43.48 410
43.5 317
43.52 274
43.54 227
43.56 191
43.58 149
43.6 128
43.62 104
43.64 95
43.66 94
43.68 59
43.7 69
43.72 53
43.74 71
43.76 45
43.78 49
43.8 45
43.82 47
43.84 49
43.86 54
43.88 41
43.9 47
43.92 36
43.94 37
43.96 40
43.98 51
44 40
44.02 51
44.04 55
44.06 59
44.08 58
44.1 62
44.12 50
44.14 67
44.16 52
44.18 56
44.2 49
44.22 54
44.24 44
44.26 46
44.28 41
44.3 41
44.32 37
44.34 29
44.36 42
44.38 32
44.4 42
44.42 41
44.44 35
44.46 39
44.48 44
44.5 37
44.52 29
44.54 33
44.56 38
44.58 30
44.6 28
44.62 37
44.64 31
44.66 29
44.68 39
44.7 31
44.72 45
44.74 35
44.76 31
44.78 27
44.8 29
44.82 30
44.84 30
44.86 33
44.88 34
44.9 48
44.92 41
44.94 45
44.96 55
44.98 46
45 52
45.02 57
45.04 66
45.06 79
45.08 116
45.1 120
45.12 113
45.14 132
45.16 92
45.18 104
45.2 89
45.22 90
45.24 81
45.26 72
45.28 70
45.3 53
45.32 61
45.34 35
45.36 51
45.38 32
45.4 48
45.42 41
45.44 35
45.46 37
45.48 27
45.5 33
45.52 34
45.54 36
45.56 35
45.58 39
45.6 34
45.62 38
45.64 40
45.66 41
45.68 34
45.7 31
45.72 34
45.74 39
45.76 34
45.78 40
45.8 30
45.82 40
45.84 44
45.86 28
45.88 30
45.9 50
45.92 43
45.94 38
45.96 30
45.98 53
46 37
46.02 28
46.04 40
46.06 49
46.08 49
46.1 39
46.12 44
46.14 53
46.16 42
46.18 49
46.2 55
46.22 56
46.24 66
46.26 72
46.28 76
46.3 85
46.32 107
46.34 145
46.36 154
46.38 214
46.4 301
46.42 467
46.44 699
46.46 992
46.48 1215
46.5 1441
46.52 1558
46.54 1540
46.56 1549
46.58 1518
46.6 1441
46.62 1365
46.64 1273
46.66 1126
46.68 914
46.7 795
46.72 647
46.74 492
46.76 407
46.78 300
46.8 230
46.82 178
46.84 145
46.86 113
46.88 125
46.9 101
46.92 80
46.94 84
46.96 64
46.98 73
47 87
47.02 74
47.04 82
47.06 94
47.08 99
47.1 107
47.12 114
47.14 141
47.16 150
47.18 150
47.2 190
47.22 177
47.24 197
47.26 238
47.28 227
47.3 224
47.32 246
47.34 236
47.36 235
47.38 235
47.4 266
47.42 274
47.44 268
47.46 291
47.48 279
47.5 295
47.52 315
47.54 382
47.56 432
47.58 508
47.6 547
47.62 609
47.64 668
47.66 679
47.68 718
47.7 705
47.72 793
47.74 788
47.76 761
47.78 703
47.8 676
47.82 602
47.84 565
47.86 464
47.88 473
47.9 350
47.92 370
47.94 294
47.96 254
47.98 210
48 180
48.02 159
48.04 145
48.06 129
48.08 121
48.1 96
48.12 72
48.14 100
48.16 81
48.18 91
48.2 97
48.22 85
48.24 88
48.26 73
48.28 67
48.3 73
48.32 95
48.34 91
48.36 100
48.38 109
48.4 113
48.42 128
48.44 142
48.46 179
48.48 168
48.5 280
48.52 259
48.54 320
48.56 333
48.58 429
48.6 452
48.62 508
48.64 602
48.66 645
48.68 676
48.7 773
48.72 772
48.74 749
48.76 756
48.78 638
48.8 599
48.82 558
48.84 553
48.86 497
48.88 434
48.9 351
48.92 296
48.94 284
48.96 218
48.98 205
49 165
49.02 149
49.04 127
49.06 118
49.08 98
49.1 104
49.12 85
49.14 75
49.16 58
49.18 64
49.2 58
49.22 63
49.24 48
49.26 45
49.28 48
49.3 40
49.32 60
49.34 41
49.36 49
49.38 33
49.4 32
49.42 42
49.44 50
49.46 36
49.48 34
49.5 38
49.52 37
49.54 30
49.56 28
49.58 34
49.6 28
49.62 42
49.64 21
49.66 30
49.68 31
49.7 24
49.72 28
49.74 32
49.76 18
49.78 23
49.8 22
49.82 37
49.84 34
49.86 24
49.88 28
49.9 29
49.92 30
49.94 34
49.96 21
49.98 21
50 28
50.02 22
50.04 28
50.06 30
50.08 32
50.1 23
50.12 34
50.14 31
50.16 25
50.18 37
50.2 27
50.22 29
50.24 26
50.26 30
50.28 35
50.3 25
50.32 26
50.34 22
50.36 25
50.38 27
50.4 35
50.42 28
50.44 26
50.46 23
50.48 30
50.5 30
50.52 22
50.54 21
50.56 24
50.58 24
50.6 21
50.62 32
50.64 18
50.66 30
50.68 31
50.7 31
50.72 38
50.74 30
50.76 29
50.78 26
50.8 27
50.82 22
50.84 33
50.86 19
50.88 18
50.9 23
50.92 15
50.94 29
50.96 25
50.98 32
51 27
51.02 24
51.04 20
51.06 22
51.08 29
51.1 14
51.12 19
51.14 21
51.16 29
51.18 28
51.2 27
51.22 25
51.24 26
51.26 25
51.28 34
51.3 31
51.32 19
51.34 19
51.36 24
51.38 32
51.4 25
51.42 31
51.44 26
51.46 30
51.48 29
51.5 19
51.52 19
51.54 23
51.56 23
51.58 25
51.6 34
51.62 29
51.64 19
51.66 23
51.68 23
51.7 15
51.72 28
51.74 25
51.76 21
51.78 24
51.8 15
51.82 25
51.84 30
51.86 27
51.88 17
51.9 21
51.92 19
51.94 27
51.96 26
51.98 32
52 27
52.02 21
52.04 22
52.06 22
52.08 30
52.1 28
52.12 22
52.14 17
52.16 20
52.18 21
52.2 23
52.22 30
52.24 27
52.26 27
52.28 26
52.3 24
52.32 18
52.34 21
52.36 25
52.38 20
52.4 21
52.42 28
52.44 26
52.46 25
52.48 27
52.5 20
52.52 29
52.54 20
52.56 16
52.58 23
52.6 20
52.62 25
52.64 23
52.66 19
52.68 36
52.7 19
52.72 18
52.74 25
52.76 17
52.78 23
52.8 25
52.82 17
52.84 13
52.86 26
52.88 28
52.9 19
52.92 21
52.94 18
52.96 19
52.98 21
53 24
53.02 18
53.04 22
53.06 18
53.08 19
53.1 19
53.12 17
53.14 25
53.16 13
53.18 27
53.2 31
53.22 26
53.24 25
53.26 25
53.28 14
53.3 19
53.32 17
53.34 28
53.36 27
53.38 23
53.4 21
53.42 16
53.44 24
53.46 24
53.48 20
53.5 16
53.52 16
53.54 20
53.56 18
53.58 22
53.6 15
53.62 23
53.64 19
53.66 27
53.68 18
53.7 22
53.72 24
53.74 29
53.76 24
53.78 22
53.8 23
53.82 24
53.84 24
53.86 22
53.88 13
53.9 30
53.92 14
53.94 26
53.96 26
53.98 23
54 30
54.02 28
54.04 18
54.06 22
54.08 18
54.1 19
54.12 27
54.14 29
54.16 27
54.18 24
54.2 17
54.22 25
54.24 26
54.26 18
54.28 28
54.3 26
54.32 23
54.34 15
54.36 30
54.38 22
54.4 27
54.42 27
54.44 23
54.46 21
54.48 19
54.5 24
54.52 19
54.54 27
54.56 27
54.58 22
54.6 22
54.62 17
54.64 22
54.66 33
54.68 18
54.7 18
54.72 27
54.74 20
54.76 15
54.78 20
54.8 21
54.82 30
54.84 22
54.86 20
54.88 28
54.9 21
54.92 19
54.94 26
54.96 24
54.98 22
55 24
55.02 21
55.04 29
55.06 24
55.08 24
55.1 19
55.12 19
55.14 11
55.16 20
55.18 26
55.2 26
55.22 23
55.24 23
55.26 37
55.28 20
55.3 18
55.32 22
55.34 19
55.36 16
55.38 22
55.4 25
55.42 37
55.44 33
55.46 15
55.48 30
55.5 36
55.52 34
55.54 32
55.56 34
55.58 31
55.6 36
55.62 33
55.64 25
55.66 30
55.68 38
55.7 32
55.72 36
55.74 26
55.76 25
55.78 29
55.8 18
55.82 32
55.84 25
55.86 23
55.88 21
55.9 26
55.92 23
55.94 31
55.96 20
55.98 21
56 17
56.02 23
56.04 28
56.06 23
56.08 34
56.1 30
56.12 34
56.14 16
56.16 27
56.18 25
56.2 24
56.22 28
56.24 31
56.26 32
56.28 29
56.3 34
56.32 45
56.34 36
56.36 29
56.38 38
56.4 40
56.42 35
56.44 49
56.46 45
56.48 39
56.5 44
56.52 59
56.54 71
56.56 62
56.58 87
56.6 99
56.62 122
56.64 155
56.66 166
56.68 220
56.7 267
56.72 334
56.74 392
56.76 468
56.78 598
56.8 696
56.82 696
56.84 643
56.86 626
56.88 520
56.9 553
56.92 527
56.94 491
56.96 515
56.98 470
57 367
57.02 356
57.04 260
57.06 201
57.08 201
57.1 147
57.12 148
57.14 132
57.16 107
57.18 98
57.2 73
57.22 69
57.24 70
57.26 82
57.28 90
57.3 60
57.32 81
57.34 71
57.36 66
57.38 103
57.4 98
57.42 103
57.44 142
57.46 187
57.48 177
57.5 207
57.52 218
57.54 234
57.56 241
57.58 238
57.6 239
57.62 277
57.64 262
57.66 249
57.68 234
57.7 205
57.72 212
57.74 178
57.76 174
57.78 163
57.8 140
57.82 125
57.84 128
57.86 81
57.88 101
57.9 102
57.92 79
57.94 78
57.96 74
57.98 66
58 56
58.02 49
58.04 56
58.06 45
58.08 65
58.1 58
58.12 49
58.14 53
58.16 47
58.18 55
58.2 71
58.22 54
58.24 69
58.26 65
58.28 63
58.3 68
58.32 63
58.34 66
58.36 54
58.38 67
58.4 60
58.42 45
58.44 79
58.46 43
58.48 59
58.5 44
58.52 37
58.54 47
58.56 40
58.58 35
58.6 30
58.62 32
58.64 27
58.66 30
58.68 23
58.7 32
58.72 40
58.74 25
58.76 21
58.78 18
58.8 31
58.82 24
58.84 33
58.86 27
58.88 23
58.9 34
58.92 21
58.94 23
58.96 21
58.98 20
59 23
59.02 17
59.04 22
59.06 28
59.08 20
59.1 20
59.12 22
59.14 18
59.16 21
59.18 22
59.2 15
59.22 26
59.24 22
59.26 18
59.28 23
59.3 21
59.32 23
59.34 26
59.36 21
59.38 20
59.4 22
59.42 17
59.44 20
59.46 26
59.48 19
59.5 24
59.52 18
59.54 22
59.56 21
59.58 17
59.6 28
59.62 15
59.64 26
59.66 24
59.68 17
59.7 27
59.72 25
59.74 17
59.76 32
59.78 41
59.8 23
59.82 13
59.84 21
59.86 17
59.88 18
59.9 24
59.92 15
59.94 19
59.96 17
59.98 24
60 28
60.02 29
60.04 33
60.06 20
60.08 17
60.1 23
60.12 15
60.14 21
60.16 21
60.18 29
60.2 29
60.22 21
60.24 20
60.26 18
60.28 17
60.3 25
60.32 23
60.34 27
60.36 21
60.38 25
60.4 20
60.42 27
60.44 40
60.46 36
60.48 32
60.5 32
60.52 33
60.54 32
60.56 51
60.58 45
60.6 46
60.62 70
60.64 61
60.66 59
60.68 76
60.7 93
60.72 101
60.74 109
60.76 118
60.78 127
60.8 153
60.82 160
60.84 177
60.86 182
60.88 159
60.9 163
60.92 172
60.94 174
60.96 162
60.98 165
61 169
61.02 151
61.04 171
61.06 144
61.08 169
61.1 135
61.12 139
61.14 140
61.16 142
61.18 130
61.2 143
61.22 126
61.24 112
61.26 125
61.28 135
61.3 105
61.32 108
61.34 111
61.36 96
61.38 98
61.4 109
61.42 108
61.44 99
61.46 110
61.48 116
61.5 111
61.52 122
61.54 104
61.56 128
61.58 114
61.6 97
61.62 112
61.64 108
61.66 116
61.68 115
61.7 102
61.72 90
61.74 83
61.76 89
61.78 72
61.8 71
61.82 58
61.84 70
61.86 53
61.88 60
61.9 48
61.92 38
61.94 43
61.96 44
61.98 47
62 46
62.02 26
62.04 50
62.06 32
62.08 42
62.1 33
62.12 37
62.14 48
62.16 50
62.18 48
62.2 66
62.22 54
62.24 63
62.26 63
62.28 100
62.3 95
62.32 95
62.34 155
62.36 222
62.38 306
62.4 338
62.42 381
62.44 406
62.46 438
62.48 460
62.5 425
62.52 435
62.54 406
62.56 389
62.58 391
62.6 394
62.62 349
62.64 331
62.66 325
62.68 315
62.7 316
62.72 250
62.74 225
62.76 194
62.78 201
62.8 152
62.82 117
62.84 102
62.86 97
62.88 85
62.9 97
62.92 80
62.94 82
62.96 81
62.98 67
63 62
63.02 50
63.04 57
63.06 68
63.08 50
63.1 64
63.12 68
63.14 70
63.16 64
63.18 64
63.2 75
63.22 70
63.24 83
63.26 72
63.28 81
63.3 78
63.32 64
63.34 75
63.36 67
63.38 63
63.4 62
63.42 63
63.44 77
63.46 61
63.48 68
63.5 38
63.52 49
63.54 37
63.56 42
63.58 41
63.6 33
63.62 40
63.64 28
63.66 28
63.68 30
63.7 42
63.72 32
63.74 30
63.76 38
63.78 31
63.8 32
63.82 29
63.84 36
63.86 23
63.88 26
63.9 33
63.92 28
63.94 41
63.96 33
63.98 24
64 42
64.02 26
64.04 31
64.06 29
64.08 23
64.1 27
64.12 29
64.14 36
64.16 23
64.18 40
64.2 31
64.22 35
64.24 21
64.26 35
64.28 43
64.3 32
64.32 25
64.34 44
64.36 28
64.38 45
64.4 33
64.42 32
64.44 33
64.46 35
64.48 43
64.5 36
64.52 44
64.54 59
64.56 52
64.58 40
64.6 57
64.62 63
64.64 64
64.66 76
64.68 93
64.7 123
64.72 108
64.74 116
64.76 127
64.78 165
64.8 156
64.82 180
64.84 170
64.86 191
64.88 189
64.9 181
64.92 146
64.94 178
64.96 164
64.98 156
65 145
65.02 130
65.04 106
65.06 114
65.08 104
65.1 89
65.12 93
65.14 90
65.16 62
65.18 73
65.2 51
65.22 59
65.24 64
65.26 47
65.28 51
65.3 49
65.32 40
65.34 42
65.36 38
65.38 42
65.4 36
65.42 39
65.44 43
65.46 40
65.48 54
65.5 52
65.52 49
65.54 64
65.56 45
65.58 61
65.6 67
65.62 63
65.64 76
65.66 86
65.68 88
65.7 105
65.72 101
65.74 125
65.76 121
65.78 125
65.8 146
65.82 135
65.84 128
65.86 143
65.88 135
65.9 130
65.92 128
65.94 120
65.96 108
65.98 112
66 135
66.02 86
66.04 84
66.06 95
66.08 77
66.1 86
66.12 76
66.14 49
66.16 63
66.18 64
66.2 67
66.22 51
66.24 48
66.26 52
66.28 35
66.3 37
66.32 43
66.34 40
66.36 35
66.38 34
66.4 28
66.42 38
66.44 31
66.46 33
66.48 23
66.5 25
66.52 33
66.54 39
66.56 31
66.58 21
66.6 35
66.62 33
66.64 28
66.66 29
66.68 34
66.7 28
66.72 26
66.74 25
66.76 22
66.78 23
66.8 22
66.82 25
66.84 36
66.86 22
66.88 19
66.9 26
66.92 21
66.94 31
66.96 20
66.98 34
67 31
67.02 24
67.04 32
67.06 28
67.08 25
67.1 28
67.12 26
67.14 25
67.16 32
67.18 36
67.2 37
67.22 30
67.24 30
67.26 21
67.28 26
67.3 16
67.32 26
67.34 31
67.36 27
67.38 22
67.4 24
67.42 29
67.44 20
67.46 31
67.48 29
67.5 28
67.52 18
67.54 24
67.56 25
67.58 18
67.6 20
67.62 19
67.64 25
67.66 27
67.68 15
67.7 21
67.72 28
67.74 25
67.76 33
67.78 24
67.8 26
67.82 31
67.84 23
67.86 21
67.88 24
67.9 17
67.92 25
67.94 22
67.96 29
67.98 34
68 25
68.02 23
68.04 26
68.06 24
68.08 24
68.1 28
68.12 27
68.14 23
68.16 17
68.18 26
68.2 30
68.22 26
68.24 30
68.26 31
68.28 26
68.3 22
68.32 29
68.34 33
68.36 26
68.38 31
68.4 31
68.42 24
68.44 29
68.46 19
68.48 20
68.5 28
68.52 32
68.54 27
68.56 27
68.58 33
68.6 25
68.62 28
68.64 31
68.66 18
68.68 18
68.7 31
68.72 31
68.74 28
68.76 20
68.78 25
68.8 34
68.82 26
68.84 26
68.86 29
68.88 30
68.9 23
68.92 33
68.94 29
68.96 32
68.98 27
69 29
69.02 23
69.04 33
69.06 27
69.08 31
69.1 24
69.12 40
69.14 26
69.16 30
69.18 33
69.2 44
69.22 36
69.24 52
69.26 47
69.28 35
69.3 56
69.32 48
69.34 53
69.36 45
69.38 62
69.4 60
69.42 62
69.44 50
69.46 44
69.48 65
69.5 68
69.52 47
69.54 53
69.56 56
69.58 54
69.6 46
69.62 44
69.64 39
69.66 40
69.68 36
69.7 44
69.72 33
69.74 27
69.76 36
69.78 34
69.8 28
69.82 36
69.84 33
69.86 30
69.88 32
69.9 26
69.92 39
69.94 25
69.96 30
69.98 29
70 41
70.02 42
70.04 22
70.06 30
70.08 35
70.1 30
70.12 33
70.14 39
70.16 31
70.18 52
70.2 45
70.22 34
70.24 44
70.26 57
70.28 53
70.3 70
70.32 67
70.34 63
70.36 80
70.38 70
70.4 60
70.42 77
70.44 68
70.46 78
70.48 81
70.5 86
70.52 74
70.54 81
70.56 69
70.58 60
70.6 69
70.62 83
70.64 71
70.66 65
70.68 65
70.7 79
70.72 69
70.74 57
70.76 58
70.78 70
70.8 63
70.82 61
70.84 72
70.86 65
70.88 66
70.9 65
70.92 68
70.94 61
70.96 86
70.98 91
71 85
71.02 113
71.04 132
71.06 153
71.08 200
71.1 256
71.12 287
71.14 403
71.16 492
71.18 661
71.2 783
71.22 880
71.24 962
71.26 976
71.28 868
71.3 768
71.32 670
71.34 591
71.36 608
71.38 543
71.4 607
71.42 557
71.44 601
71.46 536
71.48 491
71.5 441
71.52 374
71.54 317
71.56 251
71.58 201
71.6 163
71.62 121
71.64 99
71.66 109
71.68 85
71.7 74
71.72 73
71.74 67
71.76 50
71.78 49
71.8 38
71.82 56
71.84 45
71.86 34
71.88 40
71.9 38
71.92 37
71.94 41
71.96 33
71.98 41
72 40
72.02 45
72.04 48
72.06 44
72.08 39
72.1 37
72.12 43
72.14 35
72.16 33
72.18 49
72.2 32
72.22 33
72.24 38
72.26 36
72.28 34
72.3 36
72.32 24
72.34 34
72.36 35
72.38 37
72.4 36
72.42 35
72.44 32
72.46 38
72.48 41
72.5 25
72.52 31
72.54 47
72.56 34
72.58 44
72.6 35
72.62 45
72.64 42
72.66 46
72.68 39
72.7 42
72.72 31
72.74 49
72.76 36
72.78 39
72.8 42
72.82 37
72.84 54
72.86 59
72.88 58
72.9 62
72.92 68
72.94 75
72.96 76
72.98 67
73 81
73.02 82
73.04 92
73.06 102
73.08 98
73.1 100
73.12 76
73.14 86
73.16 87
73.18 88
73.2 84
73.22 80
73.24 94
73.26 92
73.28 75
73.3 69
73.32 86
73.34 64
73.36 73
73.38 74
73.4 65
73.42 74
73.44 57
73.46 51
73.48 55
73.5 41
73.52 48
73.54 39
73.56 43
73.58 39
73.6 37
73.62 43
73.64 46
73.66 59
73.68 50
73.7 40
73.72 45
73.74 43
73.76 40
73.78 65
73.8 32
73.82 45
73.84 46
73.86 50
73.88 49
73.9 32
73.92 50
73.94 36
73.96 43
73.98 39
74 38
74.02 42
74.04 39
74.06 38
74.08 44
74.1 30
74.12 40
74.14 31
74.16 32
74.18 40
74.2 38
74.22 32
74.24 26
74.26 32
74.28 44
74.3 37
74.32 29
74.34 34
74.36 28
74.38 23
74.4 30
74.42 25
74.44 26
74.46 38
74.48 21
74.5 26
74.52 28
74.54 31
74.56 19
74.58 32
74.6 32
74.62 19
74.64 25
74.66 30
74.68 26
74.7 25
74.72 23
74.74 16
74.76 32
74.78 19
74.8 25
74.82 32
74.84 30
74.86 26
74.88 22
74.9 24
74.92 25
74.94 26
74.96 25
74.98 20
75 26
75.02 22
75.04 32
75.06 28
75.08 34
75.1 27
75.12 31
75.14 29
75.16 28
75.18 32
75.2 26
75.22 17
75.24 34
75.26 34
75.28 25
75.3 31
75.32 32
75.34 36
75.36 26
75.38 29
75.4 32
75.42 31
75.44 21
75.46 29
75.48 25
75.5 31
75.52 26
75.54 36
75.56 38
75.58 40
75.6 20
75.62 29
75.64 32
75.66 30
75.68 28
75.7 28
75.72 38
75.74 43
75.76 29
75.78 29
75.8 33
75.82 41
75.84 38
75.86 46
75.88 42
75.9 47
75.92 37
75.94 47
75.96 49
75.98 52
76 64
76.02 82
76.04 59
76.06 79
76.08 115
76.1 142
76.12 158
76.14 183
76.16 239
76.18 291
76.2 315
76.22 369
76.24 436
76.26 461
76.28 428
76.3 486
76.32 401
76.34 395
76.36 341
76.38 356
76.4 336
76.42 335
76.44 352
76.46 350
76.48 293
76.5 297
76.52 291
76.54 275
76.56 223
76.58 206
76.6 183
76.62 173
76.64 142
76.66 106
76.68 95
76.7 97
76.72 64
76.74 71
76.76 58
76.78 66
76.8 57
76.82 48
76.84 54
76.86 46
76.88 46
76.9 55
76.92 42
76.94 38
76.96 35
76.98 42
77 42
77.02 45
77.04 43
77.06 54
77.08 31
77.1 51
77.12 55
77.14 61
77.16 44
77.18 64
77.2 71
77.22 51
77.24 68
77.26 64
77.28 84
77.3 73
77.32 93
77.34 93
77.36 81
77.38 84
77.4 96
77.42 70
77.44 88
77.46 94
77.48 69
77.5 71
77.52 85
77.54 75
77.56 78
77.58 77
77.6 67
77.62 62
77.64 68
77.66 45
77.68 56
77.7 58
77.72 56
77.74 49
77.76 42
77.78 40
77.8 38
77.82 37
77.84 32
77.86 30
77.88 33
77.9 30
77.92 34
77.94 39
77.96 20
77.98 33
78 32
78.02 25
78.04 29
78.06 28
78.08 28
78.1 23
78.12 27
78.14 34
78.16 36
78.18 25
78.2 22
78.22 26
78.24 24
78.26 20
78.28 30
78.3 21
78.32 30
78.34 22
78.36 17
78.38 27
78.4 26
78.42 22
78.44 25
78.46 27
78.48 25
78.5 22
78.52 31
78.54 18
78.56 26
78.58 30
78.6 29
78.62 24
78.64 29
78.66 21
78.68 17
78.7 30
78.72 15
78.74 22
78.76 27
78.78 29
78.8 24
78.82 28
78.84 21
78.86 23
78.88 22
78.9 17
78.92 26
78.94 20
78.96 23
78.98 23
79 18
79.02 23
79.04 26
79.06 27
79.08 26
79.1 20
79.12 23
79.14 24
79.16 30
79.18 24
79.2 28
79.22 22
79.24 30
79.26 23
79.28 26
79.3 26
79.32 25
79.34 27
79.36 29
79.38 15
79.4 21
79.42 18
79.44 34
79.46 27
79.48 20
79.5 23
79.52 32
79.54 26
79.56 23
79.58 29
79.6 45
79.62 48
79.64 53
79.66 62
79.68 60
79.7 51
79.72 50
79.74 46
79.76 37
79.78 30
79.8 26
79.82 31
79.84 28
79.86 34
79.88 40
79.9 40
79.92 39
79.94 38
79.96 55
79.98 36
80 33
80.02 31
80.04 29
80.06 28
80.08 26
80.1 25
80.12 15
80.14 24
80.16 22
80.18 22
80.2 21
80.22 25
80.24 24
80.26 26
80.28 21
80.3 24
80.32 21
80.34 26
80.36 25
80.38 27
80.4 30
80.42 17
80.44 17
80.46 22
80.48 27
80.5 21
80.52 21
80.54 26
80.56 22
80.58 19
80.6 26
80.62 28
80.64 33
80.66 24
80.68 24
80.7 32
80.72 32
80.74 21
80.76 27
80.78 32
80.8 22
80.82 23
80.84 20
80.86 26
80.88 28
80.9 26
80.92 28
80.94 22
80.96 29
80.98 35
81 19
81.02 34
81.04 41
81.06 39
81.08 40
81.1 30
81.12 35
81.14 35
81.16 36
81.18 32
81.2 32
81.22 47
81.24 47
81.26 35
81.28 41
81.3 40
81.32 28
81.34 39
81.36 37
81.38 40
81.4 33
81.42 40
81.44 44
81.46 41
81.48 43
81.5 44
81.52 43
81.54 54
81.56 61
81.58 69
81.6 50
81.62 61
81.64 79
81.66 61
81.68 58
81.7 78
81.72 79
81.74 78
81.76 90
81.78 94
81.8 60
81.82 81
81.84 75
81.86 74
81.88 79
81.9 64
81.92 69
81.94 66
81.96 63
81.98 63
82 54
82.02 50
82.04 45
82.06 46
82.08 50
82.1 38
82.12 54
82.14 36
82.16 35
82.18 52
82.2 39
82.22 46
82.24 44
82.26 36
82.28 50
82.3 39
82.32 33
82.34 40
82.36 32
82.38 41
82.4 29
82.42 26
82.44 35
82.46 39
82.48 28
82.5 33
82.52 36
82.54 28
82.56 22
82.58 28
82.6 32
82.62 27
82.64 32
82.66 40
82.68 30
82.7 29
82.72 25
82.74 24
82.76 26
82.78 29
82.8 29
82.82 22
82.84 34
82.86 20
82.88 30
82.9 29
82.92 28
82.94 13
82.96 26
82.98 30
83 35
83.02 38
83.04 21
83.06 27
83.08 40
83.1 29
83.12 39
83.14 24
83.16 23
83.18 27
83.2 32
83.22 22
83.24 24
83.26 29
83.28 25
83.3 32
83.32 31
83.34 29
83.36 38
83.38 28
83.4 40
83.42 35
83.44 28
83.46 31
83.48 40
83.5 37
83.52 27
83.54 32
83.56 42
83.58 38
83.6 32
83.62 40
83.64 32
83.66 37
83.68 52
83.7 60
83.72 52
83.74 57
83.76 53
83.78 65
83.8 73
83.82 71
83.84 88
83.86 74
83.88 93
83.9 88
83.92 90
83.94 98
83.96 90
83.98 96
84 101
84.02 116
84.04 84
84.06 91
84.08 90
84.1 96
84.12 99
84.14 101
84.16 102
84.18 96
84.2 107
84.22 91
84.24 95
84.26 114
84.28 114
84.3 90
84.32 105
84.34 118
84.36 119
84.38 149
84.4 170
84.42 172
84.44 200
84.46 240
84.48 219
84.5 220
84.52 228
84.54 200
84.56 193
84.58 161
84.6 166
84.62 133
84.64 146
84.66 144
84.68 136
84.7 127
84.72 152
84.74 144
84.76 133
84.78 128
84.8 135
84.82 109
84.84 113
84.86 102
84.88 82
84.9 91
84.92 77
84.94 85
84.96 65
84.98 80
85 70
85.02 78
85.04 70
85.06 67
85.08 64
85.1 70
85.12 62
85.14 51
85.16 51
85.18 63
85.2 58
85.22 56
85.24 57
85.26 61
85.28 55
85.3 50
85.32 52
85.34 39
85.36 43
85.38 50
85.4 44
85.42 47
85.44 31
85.46 30
85.48 28
85.5 32
85.52 33
85.54 23
85.56 39
85.58 32
85.6 24
85.62 25
85.64 29
85.66 22
85.68 20
85.7 26
85.72 23
85.74 26
85.76 33
85.78 23
85.8 30
85.82 35
85.84 20
85.86 26
85.88 24
85.9 26
85.92 27
85.94 22
85.96 25
85.98 35
86 37
86.02 23
86.04 30
86.06 29
86.08 30
86.1 29
86.12 32
86.14 26
86.16 34
86.18 28
86.2 26
86.22 25
86.24 22
86.26 36
86.28 35
86.3 26
86.32 31
86.34 41
86.36 27
86.38 24
86.4 27
86.42 24
86.44 31
86.46 21
86.48 40
86.5 24
86.52 28
86.54 30
86.56 28
86.58 27
86.6 29
86.62 33
86.64 30
86.66 27
86.68 44
86.7 40
86.72 28
86.74 34
86.76 30
86.78 28
86.8 40
86.82 30
86.84 31
86.86 33
86.88 19
86.9 27
86.92 34
86.94 35
86.96 30
86.98 29
87 33
87.02 26
87.04 39
87.06 32
87.08 31
87.1 28
87.12 20
87.14 30
87.16 29
87.18 17
87.2 27
87.22 27
87.24 23
87.26 34
87.28 18
87.3 28
87.32 17
87.34 22
87.36 24
87.38 22
87.4 24
87.42 29
87.44 22
87.46 39
87.48 28
87.5 25
87.52 24
87.54 33
87.56 21
87.58 22
87.6 21
87.62 26
87.64 15
87.66 25
87.68 24
87.7 21
87.72 15
87.74 21
87.76 14
87.78 31
87.8 24
87.82 23
87.84 24
87.86 17
87.88 21
87.9 31
87.92 19
87.94 18
87.96 25
87.98 27
88 21
88.02 20
88.04 23
88.06 22
88.08 19
88.1 17
88.12 17
88.14 33
88.16 23
88.18 27
88.2 21
88.22 21
88.24 27
88.26 29
88.28 32
88.3 33
88.32 25
88.34 32
88.36 25
88.38 28
88.4 19
88.42 31
88.44 28
88.46 19
88.48 30
88.5 28
88.52 28
88.54 27
88.56 20
88.58 23
88.6 20
88.62 19
88.64 22
88.66 23
88.68 27
88.7 26
88.72 24
88.74 30
88.76 23
88.78 29
88.8 32
88.82 23
88.84 26
88.86 28
88.88 41
88.9 27
88.92 32
88.94 41
88.96 45
88.98 40
89 50
89.02 56
89.04 55
89.06 45
89.08 68
89.1 73
89.12 88
89.14 118
89.16 117
89.18 149
89.2 159
89.22 179
89.24 231
89.26 221
89.28 254
89.3 248
89.32 258
89.34 266
89.36 246
89.38 231
89.4 218
89.42 184
89.44 189
89.46 190
89.48 208
89.5 185
89.52 167
89.54 184
89.56 181
89.58 189
89.6 160
89.62 180
89.64 152
89.66 132
89.68 138
89.7 105
89.72 95
89.74 76
89.76 91
89.78 73
89.8 55
89.82 61
89.84 39
89.86 52
89.88 38
89.9 44
89.92 38
89.94 41
89.96 49
89.98 41
90 35
