Sample SnGe_sample1
Comments 
Filename C:\WINDMAX\DATA\KAGAWALAB\181122_sample1.raw
Goniometer TTRáV êÖïΩ∫ﬁ∆µ“∞¿(Tsé≤éËìÆ,ADS)
Attachment ïWèÄééóøŒŸ¿ﬁ∞
Monochromater å≈íË”…∏€“∞¿
ScanningMode 2Theta/Theta
ScanningType Continuos Scanning
X-Ray 40kV/300mA
î≠éUΩÿØƒ 2/3Åã
î≠éUècêßå¿ΩÿØƒ 10mm
éUóêΩÿØƒ 2/3Åã
éÛåıΩÿØƒ 0.3mm
±Ø√»∞¿ äJï˙
”…∏€éÛåıΩÿØƒ 0.8mm
Start 10
Stop 90
Step 0.02
10 86
10.02 96
10.04 97
10.06 103
10.08 91
10.1 95
10.12 109
10.14 99
10.16 115
10.18 103
10.2 93
10.22 106
10.24 97
10.26 88
10.28 112
10.3 99
10.32 98
10.34 101
10.36 105
10.38 106
10.4 108
10.42 119
10.44 106
10.46 92
10.48 92
10.5 103
10.52 109
10.54 115
10.56 89
10.58 102
10.6 89
10.62 103
10.64 100
10.66 96
10.68 95
10.7 112
10.72 84
10.74 110
10.76 104
10.78 99
10.8 101
10.82 88
10.84 95
10.86 109
10.88 88
10.9 113
10.92 102
10.94 91
10.96 80
10.98 108
11 110
11.02 86
11.04 102
11.06 88
11.08 125
11.1 86
11.12 97
11.14 100
11.16 114
11.18 109
11.2 97
11.22 99
11.24 119
11.26 110
11.28 84
11.3 103
11.32 99
11.34 102
11.36 99
11.38 83
11.4 95
11.42 100
11.44 106
11.46 98
11.48 76
11.5 91
11.52 95
11.54 95
11.56 97
11.58 97
11.6 87
11.62 87
11.64 100
11.66 87
11.68 96
11.7 103
11.72 103
11.74 83
11.76 98
11.78 97
11.8 96
11.82 99
11.84 98
11.86 90
11.88 99
11.9 115
11.92 86
11.94 100
11.96 95
11.98 80
12 94
12.02 101
12.04 94
12.06 88
12.08 99
12.1 88
12.12 97
12.14 84
12.16 85
12.18 91
12.2 88
12.22 92
12.24 115
12.26 104
12.28 93
12.3 123
12.32 87
12.34 112
12.36 106
12.38 94
12.4 100
12.42 94
12.44 90
12.46 86
12.48 104
12.5 102
12.52 98
12.54 92
12.56 79
12.58 82
12.6 100
12.62 82
12.64 102
12.66 99
12.68 81
12.7 96
12.72 92
12.74 105
12.76 94
12.78 81
12.8 83
12.82 104
12.84 92
12.86 82
12.88 78
12.9 92
12.92 86
12.94 101
12.96 80
12.98 95
13 97
13.02 85
13.04 89
13.06 105
13.08 83
13.1 102
13.12 91
13.14 95
13.16 108
13.18 99
13.2 86
13.22 83
13.24 91
13.26 82
13.28 82
13.3 98
13.32 85
13.34 71
13.36 105
13.38 77
13.4 74
13.42 85
13.44 95
13.46 83
13.48 80
13.5 65
13.52 87
13.54 89
13.56 81
13.58 86
13.6 85
13.62 81
13.64 70
13.66 89
13.68 76
13.7 103
13.72 80
13.74 91
13.76 90
13.78 91
13.8 82
13.82 96
13.84 82
13.86 78
13.88 78
13.9 88
13.92 80
13.94 102
13.96 98
13.98 102
14 102
14.02 88
14.04 95
14.06 75
14.08 74
14.1 104
14.12 88
14.14 86
14.16 91
14.18 96
14.2 89
14.22 99
14.24 93
14.26 88
14.28 80
14.3 80
14.32 104
14.34 95
14.36 88
14.38 101
14.4 96
14.42 98
14.44 84
14.46 87
14.48 89
14.5 105
14.52 88
14.54 93
14.56 82
14.58 86
14.6 98
14.62 79
14.64 79
14.66 88
14.68 73
14.7 79
14.72 80
14.74 93
14.76 90
14.78 78
14.8 95
14.82 78
14.84 93
14.86 78
14.88 92
14.9 90
14.92 87
14.94 94
14.96 96
14.98 100
15 108
15.02 94
15.04 76
15.06 83
15.08 90
15.1 68
15.12 96
15.14 77
15.16 78
15.18 102
15.2 76
15.22 90
15.24 84
15.26 107
15.28 86
15.3 94
15.32 94
15.34 93
15.36 97
15.38 97
15.4 85
15.42 88
15.44 89
15.46 77
15.48 98
15.5 75
15.52 104
15.54 85
15.56 93
15.58 90
15.6 74
15.62 88
15.64 71
15.66 100
15.68 92
15.7 83
15.72 104
15.74 85
15.76 91
15.78 87
15.8 84
15.82 96
15.84 83
15.86 91
15.88 92
15.9 87
15.92 94
15.94 91
15.96 81
15.98 86
16 77
16.02 104
16.04 90
16.06 82
16.08 85
16.1 87
16.12 90
16.14 95
16.16 92
16.18 96
16.2 83
16.22 101
16.24 96
16.26 88
16.28 95
16.3 88
16.32 105
16.34 77
16.36 92
16.38 79
16.4 104
16.42 94
16.44 75
16.46 77
16.48 98
16.5 96
16.52 95
16.54 95
16.56 110
16.58 90
16.6 89
16.62 90
16.64 85
16.66 88
16.68 84
16.7 95
16.72 88
16.74 81
16.76 93
16.78 90
16.8 100
16.82 84
16.84 87
16.86 85
16.88 78
16.9 94
16.92 87
16.94 94
16.96 85
16.98 96
17 93
17.02 71
17.04 102
17.06 86
17.08 85
17.1 79
17.12 77
17.14 101
17.16 87
17.18 78
17.2 72
17.22 89
17.24 81
17.26 91
17.28 87
17.3 94
17.32 88
17.34 99
17.36 88
17.38 90
17.4 90
17.42 89
17.44 81
17.46 87
17.48 77
17.5 78
17.52 98
17.54 82
17.56 87
17.58 85
17.6 93
17.62 95
17.64 74
17.66 72
17.68 78
17.7 97
17.72 79
17.74 89
17.76 93
17.78 91
17.8 72
17.82 71
17.84 82
17.86 84
17.88 82
17.9 76
17.92 97
17.94 85
17.96 85
17.98 80
18 92
18.02 81
18.04 89
18.06 78
18.08 95
18.1 77
18.12 95
18.14 84
18.16 94
18.18 87
18.2 112
18.22 79
18.24 99
18.26 81
18.28 92
18.3 102
18.32 92
18.34 95
18.36 85
18.38 102
18.4 99
18.42 90
18.44 96
18.46 69
18.48 91
18.5 94
18.52 90
18.54 90
18.56 85
18.58 89
18.6 85
18.62 91
18.64 84
18.66 99
18.68 96
18.7 78
18.72 85
18.74 101
18.76 80
18.78 85
18.8 77
18.82 87
18.84 84
18.86 89
18.88 84
18.9 123
18.92 83
18.94 98
18.96 74
18.98 87
19 78
19.02 89
19.04 73
19.06 80
19.08 85
19.1 91
19.12 76
19.14 88
19.16 94
19.18 85
19.2 78
19.22 87
19.24 85
19.26 113
19.28 78
19.3 85
19.32 76
19.34 89
19.36 93
19.38 82
19.4 79
19.42 79
19.44 111
19.46 89
19.48 97
19.5 89
19.52 86
19.54 96
19.56 77
19.58 103
19.6 88
19.62 83
19.64 88
19.66 94
19.68 93
19.7 83
19.72 83
19.74 85
19.76 106
19.78 103
19.8 105
19.82 74
19.84 98
19.86 79
19.88 72
19.9 93
19.92 81
19.94 79
19.96 87
19.98 85
20 92
20.02 85
20.04 88
20.06 98
20.08 96
20.1 73
20.12 93
20.14 82
20.16 92
20.18 73
20.2 72
20.22 83
20.24 91
20.26 102
20.28 84
20.3 81
20.32 100
20.34 83
20.36 90
20.38 82
20.4 96
20.42 71
20.44 85
20.46 81
20.48 83
20.5 81
20.52 89
20.54 86
20.56 74
20.58 78
20.6 107
20.62 65
20.64 85
20.66 97
20.68 84
20.7 83
20.72 105
20.74 103
20.76 92
20.78 98
20.8 83
20.82 98
20.84 91
20.86 79
20.88 92
20.9 74
20.92 97
20.94 94
20.96 89
20.98 99
21 67
21.02 89
21.04 65
21.06 94
21.08 99
21.1 78
21.12 95
21.14 95
21.16 89
21.18 93
21.2 97
21.22 84
21.24 84
21.26 81
21.28 77
21.3 87
21.32 87
21.34 74
21.36 85
21.38 94
21.4 78
21.42 97
21.44 97
21.46 70
21.48 101
21.5 90
21.52 82
21.54 110
21.56 89
21.58 95
21.6 104
21.62 84
21.64 100
21.66 99
21.68 90
21.7 95
21.72 88
21.74 93
21.76 93
21.78 85
21.8 93
21.82 106
21.84 102
21.86 117
21.88 100
21.9 110
21.92 86
21.94 93
21.96 66
21.98 94
22 98
22.02 96
22.04 100
22.06 101
22.08 87
22.1 95
22.12 88
22.14 101
22.16 89
22.18 86
22.2 81
22.22 83
22.24 87
22.26 93
22.28 84
22.3 82
22.32 88
22.34 82
22.36 82
22.38 94
22.4 94
22.42 81
22.44 107
22.46 100
22.48 89
22.5 89
22.52 95
22.54 95
22.56 98
22.58 83
22.6 87
22.62 105
22.64 94
22.66 118
22.68 94
22.7 104
22.72 110
22.74 96
22.76 81
22.78 90
22.8 104
22.82 97
22.84 99
22.86 94
22.88 86
22.9 124
22.92 98
22.94 115
22.96 123
22.98 119
23 122
23.02 80
23.04 93
23.06 107
23.08 86
23.1 93
23.12 117
23.14 95
23.16 76
23.18 95
23.2 92
23.22 98
23.24 105
23.26 102
23.28 101
23.3 121
23.32 85
23.34 95
23.36 100
23.38 101
23.4 95
23.42 88
23.44 89
23.46 106
23.48 96
23.5 98
23.52 91
23.54 95
23.56 108
23.58 100
23.6 95
23.62 106
23.64 105
23.66 99
23.68 99
23.7 100
23.72 124
23.74 98
23.76 97
23.78 119
23.8 99
23.82 95
23.84 98
23.86 108
23.88 99
23.9 96
23.92 107
23.94 89
23.96 101
23.98 87
24 92
24.02 97
24.04 94
24.06 98
24.08 96
24.1 91
24.12 110
24.14 122
24.16 83
24.18 73
24.2 96
24.22 114
24.24 111
24.26 97
24.28 96
24.3 108
24.32 107
24.34 93
24.36 92
24.38 92
24.4 104
24.42 91
24.44 100
24.46 103
24.48 100
24.5 105
24.52 106
24.54 102
24.56 105
24.58 97
24.6 104
24.62 94
24.64 92
24.66 109
24.68 106
24.7 104
24.72 98
24.74 99
24.76 91
24.78 83
24.8 124
24.82 97
24.84 86
24.86 108
24.88 87
24.9 103
24.92 105
24.94 90
24.96 93
24.98 119
25 93
25.02 91
25.04 104
25.06 99
25.08 95
25.1 119
25.12 93
25.14 98
25.16 112
25.18 101
25.2 103
25.22 108
25.24 103
25.26 88
25.28 103
25.3 104
25.32 100
25.34 95
25.36 82
25.38 98
25.4 125
25.42 104
25.44 92
25.46 105
25.48 96
25.5 86
25.52 111
25.54 95
25.56 95
25.58 107
25.6 93
25.62 115
25.64 97
25.66 117
25.68 94
25.7 86
25.72 115
25.74 113
25.76 113
25.78 101
25.8 104
25.82 98
25.84 79
25.86 118
25.88 104
25.9 99
25.92 107
25.94 110
25.96 107
25.98 109
26 93
26.02 116
26.04 122
26.06 93
26.08 111
26.1 103
26.12 97
26.14 110
26.16 111
26.18 122
26.2 121
26.22 105
26.24 119
26.26 103
26.28 96
26.3 95
26.32 96
26.34 109
26.36 112
26.38 114
26.4 106
26.42 96
26.44 105
26.46 87
26.48 119
26.5 96
26.52 103
26.54 110
26.56 86
26.58 110
26.6 103
26.62 107
26.64 103
26.66 97
26.68 104
26.7 122
26.72 106
26.74 107
26.76 119
26.78 96
26.8 92
26.82 116
26.84 116
26.86 111
26.88 101
26.9 111
26.92 92
26.94 92
26.96 101
26.98 118
27 113
27.02 107
27.04 89
27.06 100
27.08 91
27.1 100
27.12 112
27.14 113
27.16 111
27.18 99
27.2 105
27.22 93
27.24 87
27.26 91
27.28 103
27.3 104
27.32 121
27.34 97
27.36 109
27.38 90
27.4 102
27.42 97
27.44 111
27.46 117
27.48 94
27.5 115
27.52 125
27.54 91
27.56 113
27.58 80
27.6 100
27.62 105
27.64 94
27.66 118
27.68 104
27.7 90
27.72 115
27.74 111
27.76 94
27.78 110
27.8 125
27.82 97
27.84 90
27.86 84
27.88 118
27.9 108
27.92 113
27.94 84
27.96 85
27.98 99
28 106
28.02 100
28.04 116
28.06 106
28.08 122
28.1 87
28.12 104
28.14 79
28.16 97
28.18 92
28.2 103
28.22 95
28.24 89
28.26 99
28.28 110
28.3 106
28.32 104
28.34 106
28.36 110
28.38 97
28.4 98
28.42 104
28.44 99
28.46 106
28.48 73
28.5 109
28.52 107
28.54 102
28.56 114
28.58 100
28.6 118
28.62 102
28.64 102
28.66 109
28.68 103
28.7 97
28.72 97
28.74 107
28.76 82
28.78 104
28.8 101
28.82 107
28.84 100
28.86 106
28.88 94
28.9 109
28.92 103
28.94 101
28.96 114
28.98 121
29 76
29.02 104
29.04 123
29.06 118
29.08 95
29.1 105
29.12 118
29.14 99
29.16 130
29.18 117
29.2 96
29.22 99
29.24 109
29.26 105
29.28 95
29.3 110
29.32 99
29.34 128
29.36 111
29.38 106
29.4 111
29.42 101
29.44 99
29.46 102
29.48 102
29.5 119
29.52 124
29.54 89
29.56 128
29.58 112
29.6 101
29.62 98
29.64 103
29.66 128
29.68 127
29.7 115
29.72 116
29.74 101
29.76 105
29.78 120
29.8 119
29.82 106
29.84 110
29.86 99
29.88 110
29.9 103
29.92 102
29.94 96
29.96 90
29.98 99
30 110
30.02 94
30.04 90
30.06 96
30.08 108
30.1 108
30.12 116
30.14 106
30.16 101
30.18 109
30.2 116
30.22 117
30.24 114
30.26 105
30.28 124
30.3 104
30.32 102
30.34 95
30.36 101
30.38 108
30.4 90
30.42 126
30.44 102
30.46 123
30.48 115
30.5 127
30.52 111
30.54 115
30.56 102
30.58 123
30.6 115
30.62 110
30.64 110
30.66 130
30.68 123
30.7 139
30.72 128
30.74 117
30.76 142
30.78 148
30.8 136
30.82 166
30.84 165
30.86 211
30.88 251
30.9 291
30.92 381
30.94 497
30.96 709
30.98 1049
31 1484
31.02 1844
31.04 2081
31.06 1891
31.08 1617
31.1 1445
31.12 1281
31.14 1029
31.16 650
31.18 426
31.2 320
31.22 230
31.24 211
31.26 179
31.28 172
31.3 164
31.32 147
31.34 125
31.36 149
31.38 113
31.4 125
31.42 137
31.44 137
31.46 109
31.48 118
31.5 125
31.52 108
31.54 134
31.56 120
31.58 134
31.6 125
31.62 124
31.64 111
31.66 113
31.68 112
31.7 104
31.72 111
31.74 124
31.76 118
31.78 111
31.8 104
31.82 94
31.84 114
31.86 102
31.88 121
31.9 131
31.92 101
31.94 132
31.96 117
31.98 116
32 118
32.02 115
32.04 115
32.06 128
32.08 137
32.1 169
32.12 147
32.14 167
32.16 179
32.18 183
32.2 199
32.22 218
32.24 283
32.26 318
32.28 484
32.3 636
32.32 853
32.34 1239
32.36 2009
32.38 3123
32.4 4635
32.42 5501
32.44 5216
32.46 4225
32.48 3519
32.5 3361
32.52 2851
32.54 1937
32.56 1138
32.58 601
32.6 430
32.62 335
32.64 279
32.66 208
32.68 216
32.7 211
32.72 160
32.74 156
32.76 179
32.78 165
32.8 165
32.82 150
32.84 133
32.86 128
32.88 118
32.9 120
32.92 120
32.94 129
32.96 113
32.98 119
33 97
33.02 103
33.04 106
33.06 107
33.08 118
33.1 120
33.12 115
33.14 115
33.16 121
33.18 118
33.2 92
33.22 103
33.24 121
33.26 103
33.28 107
33.3 111
33.32 96
33.34 116
33.36 108
33.38 94
33.4 80
33.42 98
33.44 99
33.46 108
33.48 81
33.5 100
33.52 96
33.54 69
33.56 101
33.58 111
33.6 89
33.62 100
33.64 86
33.66 95
33.68 104
33.7 97
33.72 125
33.74 82
33.76 101
33.78 74
33.8 97
33.82 99
33.84 102
33.86 77
33.88 100
33.9 96
33.92 90
33.94 82
33.96 93
33.98 106
34 82
34.02 90
34.04 80
34.06 84
34.08 87
34.1 85
34.12 70
34.14 96
34.16 87
34.18 80
34.2 89
34.22 92
34.24 99
34.26 79
34.28 72
34.3 98
34.32 96
34.34 83
34.36 75
34.38 88
34.4 88
34.42 82
34.44 76
34.46 88
34.48 94
34.5 90
34.52 78
34.54 100
34.56 76
34.58 70
34.6 94
34.62 77
34.64 71
34.66 83
34.68 71
34.7 89
34.72 87
34.74 99
34.76 74
34.78 77
34.8 71
34.82 88
34.84 79
34.86 79
34.88 92
34.9 77
34.92 82
34.94 75
34.96 91
34.98 98
35 68
35.02 91
35.04 74
35.06 79
35.08 74
35.1 89
35.12 85
35.14 88
35.16 83
35.18 82
35.2 92
35.22 87
35.24 84
35.26 75
35.28 71
35.3 82
35.32 81
35.34 70
35.36 83
35.38 79
35.4 76
35.42 75
35.44 84
35.46 84
35.48 81
35.5 89
35.52 80
35.54 87
35.56 75
35.58 82
35.6 61
35.62 73
35.64 86
35.66 69
35.68 84
35.7 89
35.72 74
35.74 72
35.76 80
35.78 86
35.8 83
35.82 66
35.84 81
35.86 71
35.88 65
35.9 75
35.92 73
35.94 68
35.96 82
35.98 82
36 80
36.02 62
36.04 70
36.06 65
36.08 82
36.1 58
36.12 69
36.14 79
36.16 75
36.18 48
36.2 79
36.22 70
36.24 61
36.26 62
36.28 75
36.3 85
36.32 67
36.34 82
36.36 66
36.38 65
36.4 86
36.42 71
36.44 66
36.46 75
36.48 77
36.5 84
36.52 53
36.54 82
36.56 69
36.58 86
36.6 79
36.62 65
36.64 64
36.66 82
36.68 67
36.7 67
36.72 65
36.74 75
36.76 61
36.78 77
36.8 67
36.82 66
36.84 71
36.86 64
36.88 80
36.9 80
36.92 67
36.94 77
36.96 74
36.98 69
37 55
37.02 69
37.04 77
37.06 67
37.08 63
37.1 72
37.12 74
37.14 57
37.16 70
37.18 53
37.2 56
37.22 80
37.24 58
37.26 69
37.28 79
37.3 68
37.32 85
37.34 72
37.36 57
37.38 52
37.4 61
37.42 64
37.44 59
37.46 66
37.48 72
37.5 75
37.52 75
37.54 65
37.56 68
37.58 77
37.6 76
37.62 61
37.64 65
37.66 68
37.68 59
37.7 65
37.72 53
37.74 71
37.76 60
37.78 57
37.8 77
37.82 70
37.84 68
37.86 61
37.88 65
37.9 54
37.92 43
37.94 73
37.96 47
37.98 81
38 63
38.02 55
38.04 70
38.06 61
38.08 73
38.1 56
38.12 60
38.14 64
38.16 63
38.18 62
38.2 63
38.22 56
38.24 66
38.26 59
38.28 56
38.3 61
38.32 73
38.34 77
38.36 55
38.38 60
38.4 56
38.42 70
38.44 67
38.46 71
38.48 64
38.5 51
38.52 54
38.54 61
38.56 62
38.58 63
38.6 75
38.62 68
38.64 65
38.66 64
38.68 48
38.7 71
38.72 52
38.74 66
38.76 71
38.78 69
38.8 62
38.82 56
38.84 66
38.86 72
38.88 61
38.9 55
38.92 74
38.94 62
38.96 68
38.98 67
39 66
39.02 70
39.04 61
39.06 51
39.08 62
39.1 72
39.12 69
39.14 65
39.16 54
39.18 65
39.2 60
39.22 66
39.24 68
39.26 64
39.28 60
39.3 64
39.32 48
39.34 49
39.36 69
39.38 65
39.4 63
39.42 56
39.44 55
39.46 50
39.48 52
39.5 54
39.52 71
39.54 66
39.56 63
39.58 70
39.6 63
39.62 52
39.64 69
39.66 67
39.68 67
39.7 62
39.72 68
39.74 65
39.76 62
39.78 44
39.8 68
39.82 69
39.84 57
39.86 79
39.88 59
39.9 50
39.92 60
39.94 66
39.96 73
39.98 63
40 52
40.02 60
40.04 71
40.06 81
40.08 57
40.1 55
40.12 76
40.14 44
40.16 54
40.18 56
40.2 54
40.22 59
40.24 62
40.26 54
40.28 55
40.3 70
40.32 70
40.34 59
40.36 76
40.38 63
40.4 72
40.42 66
40.44 66
40.46 51
40.48 68
40.5 71
40.52 54
40.54 63
40.56 65
40.58 61
40.6 69
40.62 67
40.64 65
40.66 58
40.68 46
40.7 71
40.72 70
40.74 70
40.76 60
40.78 49
40.8 62
40.82 64
40.84 60
40.86 47
40.88 64
40.9 64
40.92 71
40.94 59
40.96 71
40.98 57
41 54
41.02 64
41.04 53
41.06 76
41.08 67
41.1 56
41.12 61
41.14 64
41.16 53
41.18 54
41.2 59
41.22 59
41.24 67
41.26 57
41.28 50
41.3 68
41.32 67
41.34 66
41.36 58
41.38 61
41.4 58
41.42 52
41.44 67
41.46 70
41.48 54
41.5 60
41.52 59
41.54 59
41.56 65
41.58 57
41.6 59
41.62 51
41.64 51
41.66 63
41.68 48
41.7 55
41.72 58
41.74 53
41.76 62
41.78 50
41.8 50
41.82 61
41.84 57
41.86 69
41.88 61
41.9 46
41.92 67
41.94 65
41.96 64
41.98 71
42 66
42.02 66
42.04 58
42.06 68
42.08 57
42.1 52
42.12 67
42.14 48
42.16 63
42.18 54
42.2 66
42.22 69
42.24 82
42.26 64
42.28 64
42.3 60
42.32 78
42.34 62
42.36 51
42.38 66
42.4 63
42.42 63
42.44 69
42.46 65
42.48 66
42.5 52
42.52 59
42.54 50
42.56 69
42.58 76
42.6 67
42.62 57
42.64 71
42.66 64
42.68 57
42.7 77
42.72 64
42.74 54
42.76 57
42.78 70
42.8 52
42.82 65
42.84 57
42.86 65
42.88 77
42.9 63
42.92 59
42.94 62
42.96 75
42.98 64
43 77
43.02 69
43.04 73
43.06 64
43.08 66
43.1 68
43.12 64
43.14 52
43.16 73
43.18 67
43.2 54
43.22 59
43.24 62
43.26 56
43.28 60
43.3 66
43.32 70
43.34 61
43.36 76
43.38 60
43.4 58
43.42 74
43.44 75
43.46 58
43.48 69
43.5 59
43.52 69
43.54 55
43.56 55
43.58 64
43.6 67
43.62 70
43.64 58
43.66 69
43.68 66
43.7 55
43.72 64
43.74 74
43.76 70
43.78 70
43.8 71
43.82 71
43.84 53
43.86 54
43.88 84
43.9 68
43.92 62
43.94 67
43.96 70
43.98 71
44 79
44.02 71
44.04 98
44.06 90
44.08 95
44.1 91
44.12 100
44.14 127
44.16 127
44.18 210
44.2 279
44.22 471
44.24 645
44.26 837
44.28 966
44.3 732
44.32 665
44.34 561
44.36 524
44.38 538
44.4 532
44.42 438
44.44 319
44.46 210
44.48 133
44.5 111
44.52 124
44.54 105
44.56 85
44.58 108
44.6 97
44.62 76
44.64 83
44.66 78
44.68 73
44.7 67
44.72 77
44.74 86
44.76 80
44.78 75
44.8 73
44.82 92
44.84 89
44.86 75
44.88 92
44.9 90
44.92 89
44.94 82
44.96 97
44.98 88
45 126
45.02 112
45.04 146
45.06 149
45.08 156
45.1 159
45.12 199
45.14 233
45.16 277
45.18 423
45.2 617
45.22 982
45.24 1551
45.26 2495
45.28 3326
45.3 3682
45.32 3088
45.34 2474
45.36 1978
45.38 1893
45.4 2041
45.42 2046
45.44 1668
45.46 1173
45.48 714
45.5 433
45.52 301
45.54 206
45.56 170
45.58 171
45.6 138
45.62 138
45.64 134
45.66 130
45.68 109
45.7 117
45.72 99
45.74 75
45.76 87
45.78 88
45.8 85
45.82 62
45.84 96
45.86 86
45.88 83
45.9 79
45.92 70
45.94 76
45.96 73
45.98 68
46 73
46.02 73
46.04 83
46.06 67
46.08 82
46.1 86
46.12 64
46.14 64
46.16 73
46.18 63
46.2 79
46.22 63
46.24 56
46.26 66
46.28 65
46.3 71
46.32 58
46.34 73
46.36 53
46.38 60
46.4 65
46.42 59
46.44 67
46.46 62
46.48 55
46.5 55
46.52 61
46.54 54
46.56 62
46.58 45
46.6 62
46.62 66
46.64 61
46.66 49
46.68 59
46.7 58
46.72 72
46.74 56
46.76 41
46.78 52
46.8 43
46.82 44
46.84 66
46.86 52
46.88 59
46.9 61
46.92 59
46.94 59
46.96 45
46.98 56
47 41
47.02 58
47.04 58
47.06 64
47.08 52
47.1 53
47.12 53
47.14 49
47.16 58
47.18 60
47.2 56
47.22 60
47.24 50
47.26 41
47.28 50
47.3 64
47.32 59
47.34 51
47.36 49
47.38 52
47.4 61
47.42 56
47.44 59
47.46 41
47.48 70
47.5 62
47.52 63
47.54 67
47.56 46
47.58 38
47.6 59
47.62 55
47.64 58
47.66 57
47.68 64
47.7 44
47.72 66
47.74 56
47.76 62
47.78 54
47.8 62
47.82 53
47.84 67
47.86 53
47.88 50
47.9 54
47.92 66
47.94 46
47.96 58
47.98 60
48 53
48.02 51
48.04 56
48.06 51
48.08 47
48.1 59
48.12 58
48.14 61
48.16 58
48.18 61
48.2 50
48.22 51
48.24 71
48.26 45
48.28 55
48.3 57
48.32 62
48.34 42
48.36 53
48.38 42
48.4 43
48.42 61
48.44 66
48.46 48
48.48 56
48.5 53
48.52 50
48.54 44
48.56 57
48.58 48
48.6 63
48.62 64
48.64 41
48.66 55
48.68 49
48.7 48
48.72 49
48.74 54
48.76 44
48.78 51
48.8 61
48.82 42
48.84 49
48.86 45
48.88 41
48.9 55
48.92 54
48.94 54
48.96 39
48.98 58
49 54
49.02 43
49.04 52
49.06 51
49.08 52
49.1 56
49.12 46
49.14 50
49.16 51
49.18 37
49.2 50
49.22 43
49.24 52
49.26 50
49.28 32
49.3 52
49.32 56
49.34 48
49.36 49
49.38 44
49.4 47
49.42 53
49.44 55
49.46 53
49.48 50
49.5 46
49.52 53
49.54 49
49.56 47
49.58 47
49.6 55
49.62 43
49.64 62
49.66 44
49.68 43
49.7 49
49.72 49
49.74 48
49.76 43
49.78 53
49.8 47
49.82 44
49.84 42
49.86 45
49.88 51
49.9 53
49.92 48
49.94 50
49.96 42
49.98 44
50 43
50.02 56
50.04 43
50.06 59
50.08 62
50.1 55
50.12 63
50.14 54
50.16 45
50.18 49
50.2 51
50.22 47
50.24 53
50.26 51
50.28 49
50.3 53
50.32 47
50.34 47
50.36 35
50.38 58
50.4 48
50.42 46
50.44 44
50.46 44
50.48 50
50.5 45
50.52 45
50.54 40
50.56 54
50.58 53
50.6 46
50.62 50
50.64 66
50.66 58
50.68 52
50.7 44
50.72 51
50.74 50
50.76 51
50.78 52
50.8 44
50.82 55
50.84 47
50.86 62
50.88 43
50.9 45
50.92 46
50.94 43
50.96 46
50.98 41
51 45
51.02 59
51.04 44
51.06 48
51.08 53
51.1 47
51.12 53
51.14 49
51.16 57
51.18 50
51.2 44
51.22 40
51.24 46
51.26 40
51.28 40
51.3 49
51.32 33
51.34 37
51.36 51
51.38 48
51.4 55
51.42 34
51.44 55
51.46 52
51.48 50
51.5 48
51.52 45
51.54 54
51.56 65
51.58 45
51.6 46
51.62 46
51.64 49
51.66 39
51.68 55
51.7 58
51.72 58
51.74 38
51.76 53
51.78 45
51.8 47
51.82 49
51.84 55
51.86 54
51.88 64
51.9 40
51.92 56
51.94 47
51.96 43
51.98 51
52 51
52.02 49
52.04 40
52.06 35
52.08 64
52.1 39
52.12 42
52.14 56
52.16 41
52.18 58
52.2 57
52.22 43
52.24 38
52.26 61
52.28 49
52.3 52
52.32 43
52.34 49
52.36 53
52.38 53
52.4 64
52.42 52
52.44 56
52.46 52
52.48 53
52.5 45
52.52 45
52.54 42
52.56 53
52.58 62
52.6 52
52.62 60
52.64 53
52.66 36
52.68 60
52.7 53
52.72 51
52.74 47
52.76 43
52.78 50
52.8 49
52.82 52
52.84 46
52.86 46
52.88 51
52.9 50
52.92 52
52.94 48
52.96 36
52.98 39
53 58
53.02 47
53.04 47
53.06 48
53.08 60
53.1 47
53.12 55
53.14 54
53.16 54
53.18 44
53.2 56
53.22 36
53.24 55
53.26 55
53.28 47
53.3 50
53.32 46
53.34 51
53.36 59
53.38 67
53.4 50
53.42 46
53.44 57
53.46 60
53.48 57
53.5 56
53.52 46
53.54 51
53.56 43
53.58 61
53.6 58
53.62 52
53.64 55
53.66 45
53.68 54
53.7 57
53.72 65
53.74 40
53.76 46
53.78 57
53.8 36
53.82 37
53.84 51
53.86 50
53.88 56
53.9 44
53.92 45
53.94 43
53.96 40
53.98 49
54 54
54.02 47
54.04 52
54.06 50
54.08 59
54.1 47
54.12 61
54.14 52
54.16 42
54.18 38
54.2 44
54.22 46
54.24 47
54.26 54
54.28 45
54.3 54
54.32 41
54.34 56
54.36 43
54.38 52
54.4 55
54.42 49
54.44 44
54.46 43
54.48 47
54.5 58
54.52 48
54.54 50
54.56 45
54.58 47
54.6 59
54.62 35
54.64 62
54.66 53
54.68 51
54.7 52
54.72 50
54.74 49
54.76 47
54.78 55
54.8 57
54.82 47
54.84 54
54.86 52
54.88 46
54.9 38
54.92 55
54.94 60
54.96 58
54.98 67
55 63
55.02 42
55.04 57
55.06 40
55.08 55
55.1 50
55.12 42
55.14 49
55.16 55
55.18 46
55.2 63
55.22 51
55.24 58
55.26 51
55.28 54
55.3 51
55.32 72
55.34 64
55.36 59
55.38 67
55.4 62
55.42 66
55.44 56
55.46 71
55.48 69
55.5 77
55.52 80
55.54 96
55.56 115
55.58 133
55.6 159
55.62 241
55.64 305
55.66 489
55.68 630
55.7 789
55.72 799
55.74 720
55.76 638
55.78 467
55.8 422
55.82 407
55.84 488
55.86 482
55.88 431
55.9 379
55.92 286
55.94 229
55.96 166
55.98 130
56 102
56.02 94
56.04 79
56.06 66
56.08 69
56.1 70
56.12 75
56.14 61
56.16 68
56.18 44
56.2 70
56.22 53
56.24 60
56.26 64
56.28 49
56.3 56
56.32 60
56.34 64
56.36 51
56.38 59
56.4 51
56.42 58
56.44 50
56.46 43
56.48 50
56.5 51
56.52 65
56.54 60
56.56 60
56.58 43
56.6 53
56.62 62
56.64 58
56.66 59
56.68 46
56.7 58
56.72 52
56.74 48
56.76 56
56.78 56
56.8 58
56.82 43
56.84 59
56.86 54
56.88 50
56.9 67
56.92 58
56.94 55
56.96 62
56.98 57
57 57
57.02 49
57.04 49
57.06 44
57.08 59
57.1 45
57.12 47
57.14 57
57.16 61
57.18 48
57.2 44
57.22 59
57.24 63
57.26 40
57.28 51
57.3 49
57.32 46
57.34 57
57.36 58
57.38 47
57.4 37
57.42 56
57.44 39
57.46 53
57.48 48
57.5 38
57.52 57
57.54 58
57.56 52
57.58 57
57.6 52
57.62 55
57.64 50
57.66 39
57.68 48
57.7 47
57.72 51
57.74 52
57.76 55
57.78 49
57.8 67
57.82 54
57.84 57
57.86 55
57.88 57
57.9 50
57.92 55
57.94 51
57.96 59
57.98 47
58 41
58.02 56
58.04 49
58.06 58
58.08 45
58.1 55
58.12 61
58.14 51
58.16 54
58.18 51
58.2 57
58.22 49
58.24 47
58.26 50
58.28 45
58.3 55
58.32 50
58.34 47
58.36 35
58.38 61
58.4 46
58.42 44
58.44 45
58.46 61
58.48 59
58.5 46
58.52 56
58.54 56
58.56 63
58.58 59
58.6 53
58.62 56
58.64 57
58.66 50
58.68 46
58.7 54
58.72 52
58.74 49
58.76 47
58.78 37
58.8 73
58.82 54
58.84 50
58.86 43
58.88 48
58.9 46
58.92 56
58.94 52
58.96 53
58.98 46
59 47
59.02 50
59.04 69
59.06 56
59.08 47
59.1 58
59.12 60
59.14 66
59.16 56
59.18 52
59.2 52
59.22 80
59.24 43
59.26 60
59.28 54
59.3 51
59.32 50
59.34 51
59.36 45
59.38 54
59.4 55
59.42 46
59.44 47
59.46 53
59.48 63
59.5 62
59.52 56
59.54 54
59.56 57
59.58 44
59.6 37
59.62 54
59.64 65
59.66 54
59.68 54
59.7 57
59.72 42
59.74 59
59.76 51
59.78 64
59.8 54
59.82 60
59.84 52
59.86 51
59.88 41
59.9 61
59.92 61
59.94 46
59.96 53
59.98 45
60 48
60.02 57
60.04 52
60.06 58
60.08 59
60.1 62
60.12 61
60.14 51
60.16 43
60.18 62
60.2 65
60.22 68
60.24 53
60.26 58
60.28 61
60.3 61
60.32 63
60.34 74
60.36 62
60.38 53
60.4 62
60.42 50
60.44 53
60.46 46
60.48 58
60.5 52
60.52 61
60.54 55
60.56 55
60.58 58
60.6 61
60.62 54
60.64 54
60.66 52
60.68 54
60.7 50
60.72 60
60.74 71
60.76 51
60.78 45
60.8 57
60.82 49
60.84 66
60.86 61
60.88 48
60.9 54
60.92 58
60.94 51
60.96 50
60.98 62
61 50
61.02 56
61.04 51
61.06 54
61.08 58
61.1 54
61.12 59
61.14 50
61.16 60
61.18 64
61.2 51
61.22 53
61.24 53
61.26 64
61.28 53
61.3 51
61.32 49
61.34 60
61.36 55
61.38 56
61.4 62
61.42 66
61.44 59
61.46 68
61.48 56
61.5 47
61.52 74
61.54 51
61.56 54
61.58 62
61.6 59
61.62 48
61.64 59
61.66 63
61.68 56
61.7 61
61.72 73
61.74 62
61.76 65
61.78 59
61.8 61
61.82 61
61.84 57
61.86 39
61.88 63
61.9 58
61.92 55
61.94 75
61.96 58
61.98 46
62 64
62.02 62
62.04 55
62.06 59
62.08 50
62.1 59
62.12 45
62.14 66
62.16 61
62.18 50
62.2 58
62.22 57
62.24 57
62.26 73
62.28 44
62.3 75
62.32 61
62.34 60
62.36 59
62.38 73
62.4 50
62.42 71
62.44 81
62.46 69
62.48 58
62.5 72
62.52 64
62.54 71
62.56 75
62.58 85
62.6 82
62.62 113
62.64 108
62.66 88
62.68 103
62.7 120
62.72 116
62.74 143
62.76 151
62.78 203
62.8 276
62.82 438
62.84 630
62.86 951
62.88 1297
62.9 1408
62.92 1343
62.94 1016
62.96 757
62.98 549
63 475
63.02 520
63.04 640
63.06 785
63.08 813
63.1 663
63.12 568
63.14 423
63.16 251
63.18 159
63.2 168
63.22 98
63.24 125
63.26 95
63.28 106
63.3 98
63.32 65
63.34 86
63.36 82
63.38 86
63.4 79
63.42 61
63.44 69
63.46 72
63.48 72
63.5 72
63.52 57
63.54 61
63.56 75
63.58 61
63.6 69
63.62 68
63.64 72
63.66 65
63.68 71
63.7 72
63.72 54
63.74 71
63.76 68
63.78 65
63.8 62
63.82 62
63.84 69
63.86 68
63.88 70
63.9 71
63.92 68
63.94 76
63.96 80
63.98 94
64 85
64.02 87
64.04 111
64.06 141
64.08 187
64.1 154
64.12 206
64.14 239
64.16 194
64.18 212
64.2 176
64.22 176
64.24 142
64.26 156
64.28 169
64.3 158
64.32 142
64.34 153
64.36 156
64.38 116
64.4 102
64.42 94
64.44 100
64.46 91
64.48 77
64.5 67
64.52 84
64.54 77
64.56 81
64.58 82
64.6 62
64.62 77
64.64 79
64.66 79
64.68 80
64.7 89
64.72 101
64.74 105
64.76 80
64.78 93
64.8 102
64.82 148
64.84 151
64.86 211
64.88 297
64.9 468
64.92 626
64.94 793
64.96 886
64.98 859
65 680
65.02 474
65.04 395
65.06 355
65.08 382
65.1 399
65.12 501
65.14 529
65.16 467
65.18 402
65.2 349
65.22 227
65.24 157
65.26 140
65.28 99
65.3 110
65.32 107
65.34 87
65.36 85
65.38 80
65.4 82
65.42 70
65.44 52
65.46 54
65.48 70
65.5 69
65.52 57
65.54 63
65.56 55
65.58 72
65.6 45
65.62 66
65.64 55
65.66 69
65.68 70
65.7 57
65.72 65
65.74 61
65.76 62
65.78 69
65.8 65
65.82 61
65.84 50
65.86 61
65.88 65
65.9 62
65.92 73
65.94 77
65.96 52
65.98 62
66 52
66.02 56
66.04 66
66.06 57
66.08 56
66.1 64
66.12 43
66.14 64
66.16 61
66.18 46
66.2 43
66.22 61
66.24 53
66.26 53
66.28 58
66.3 55
66.32 49
66.34 65
66.36 69
66.38 46
66.4 51
66.42 59
66.44 73
66.46 60
66.48 51
66.5 59
66.52 60
66.54 48
66.56 54
66.58 56
66.6 65
66.62 54
66.64 75
66.66 75
66.68 60
66.7 64
66.72 45
66.74 56
66.76 57
66.78 56
66.8 56
66.82 66
66.84 47
66.86 54
66.88 56
66.9 65
66.92 51
66.94 59
66.96 63
66.98 62
67 53
67.02 61
67.04 49
67.06 59
67.08 60
67.1 52
67.12 61
67.14 56
67.16 48
67.18 45
67.2 53
67.22 60
67.24 52
67.26 45
67.28 50
67.3 62
67.32 61
67.34 59
67.36 68
67.38 55
67.4 58
67.42 54
67.44 60
67.46 58
67.48 57
67.5 59
67.52 52
67.54 64
67.56 50
67.58 62
67.6 75
67.62 53
67.64 59
67.66 48
67.68 52
67.7 45
67.72 67
67.74 65
67.76 63
67.78 54
67.8 52
67.82 67
67.84 65
67.86 43
67.88 53
67.9 48
67.92 49
67.94 52
67.96 58
67.98 45
68 55
68.02 56
68.04 55
68.06 54
68.08 57
68.1 47
68.12 51
68.14 54
68.16 44
68.18 56
68.2 53
68.22 50
68.24 62
68.26 55
68.28 49
68.3 55
68.32 46
68.34 57
68.36 40
68.38 54
68.4 55
68.42 53
68.44 73
68.46 48
68.48 46
68.5 57
68.52 51
68.54 64
68.56 66
68.58 62
68.6 50
68.62 54
68.64 46
68.66 47
68.68 45
68.7 55
68.72 69
68.74 57
68.76 57
68.78 48
68.8 60
68.82 52
68.84 50
68.86 54
68.88 68
68.9 42
68.92 50
68.94 44
68.96 52
68.98 60
69 60
69.02 48
69.04 50
69.06 42
69.08 51
69.1 56
69.12 60
69.14 46
69.16 47
69.18 54
69.2 54
69.22 47
69.24 51
69.26 63
69.28 48
69.3 48
69.32 43
69.34 58
69.36 58
69.38 59
69.4 53
69.42 67
69.44 47
69.46 42
69.48 59
69.5 46
69.52 44
69.54 54
69.56 51
69.58 45
69.6 57
69.62 49
69.64 57
69.66 51
69.68 46
69.7 50
69.72 51
69.74 44
69.76 68
69.78 51
69.8 45
69.82 46
69.84 50
69.86 59
69.88 49
69.9 59
69.92 54
69.94 57
69.96 56
69.98 54
70 46
70.02 55
70.04 43
70.06 42
70.08 56
70.1 49
70.12 46
70.14 55
70.16 55
70.18 64
70.2 42
70.22 41
70.24 54
70.26 56
70.28 57
70.3 66
70.32 61
70.34 54
70.36 64
70.38 54
70.4 50
70.42 50
70.44 43
70.46 68
70.48 66
70.5 63
70.52 37
70.54 45
70.56 41
70.58 47
70.6 49
70.62 55
70.64 50
70.66 55
70.68 53
70.7 55
70.72 44
70.74 58
70.76 55
70.78 49
70.8 43
70.82 52
70.84 50
70.86 65
70.88 57
70.9 43
70.92 50
70.94 54
70.96 49
70.98 45
71 45
71.02 47
71.04 53
71.06 54
71.08 32
71.1 44
71.12 55
71.14 50
71.16 51
71.18 56
71.2 54
71.22 56
71.24 46
71.26 45
71.28 55
71.3 45
71.32 54
71.34 59
71.36 49
71.38 52
71.4 63
71.42 46
71.44 57
71.46 36
71.48 71
71.5 43
71.52 60
71.54 54
71.56 46
71.58 51
71.6 52
71.62 45
71.64 61
71.66 49
71.68 48
71.7 62
71.72 58
71.74 50
71.76 55
71.78 55
71.8 42
71.82 50
71.84 49
71.86 59
71.88 51
71.9 64
71.92 45
71.94 51
71.96 36
71.98 68
72 46
72.02 61
72.04 72
72.06 50
72.08 54
72.1 49
72.12 64
72.14 51
72.16 54
72.18 64
72.2 48
72.22 49
72.24 53
72.26 46
72.28 42
72.3 68
72.32 51
72.34 42
72.36 69
72.38 60
72.4 48
72.42 53
72.44 60
72.46 59
72.48 52
72.5 76
72.52 75
72.54 76
72.56 75
72.58 72
72.6 78
72.62 75
72.64 91
72.66 129
72.68 138
72.7 143
72.72 195
72.74 237
72.76 257
72.78 249
72.8 232
72.82 212
72.84 181
72.86 144
72.88 145
72.9 154
72.92 160
72.94 191
72.96 152
72.98 199
73 174
73.02 136
73.04 155
73.06 119
73.08 107
73.1 96
73.12 74
73.14 93
73.16 80
73.18 76
73.2 82
73.22 90
73.24 80
73.26 67
73.28 85
73.3 74
73.32 87
73.34 109
73.36 105
73.38 138
73.4 177
73.42 210
73.44 270
73.46 371
73.48 425
73.5 496
73.52 535
73.54 460
73.56 412
73.58 362
73.6 293
73.62 249
73.64 240
73.66 245
73.68 261
73.7 268
73.72 297
73.74 304
73.76 266
73.78 235
73.8 176
73.82 156
73.84 113
73.86 99
73.88 121
73.9 96
73.92 65
73.94 58
73.96 75
73.98 79
74 48
74.02 67
74.04 62
74.06 49
74.08 60
74.1 50
74.12 51
74.14 41
74.16 57
74.18 49
74.2 50
74.22 50
74.24 59
74.26 62
74.28 47
74.3 52
74.32 37
74.34 52
74.36 49
74.38 66
74.4 49
74.42 46
74.44 61
74.46 59
74.48 55
74.5 45
74.52 39
74.54 67
74.56 57
74.58 46
74.6 51
74.62 43
74.64 40
74.66 40
74.68 62
74.7 67
74.72 57
74.74 45
74.76 57
74.78 48
74.8 38
74.82 54
74.84 45
74.86 54
74.88 42
74.9 47
74.92 43
74.94 38
74.96 49
74.98 46
75 47
75.02 48
75.04 49
75.06 54
75.08 49
75.1 56
75.12 31
75.14 50
75.16 42
75.18 39
75.2 40
75.22 48
75.24 31
75.26 56
75.28 39
75.3 46
75.32 38
75.34 43
75.36 43
75.38 49
75.4 60
75.42 35
75.44 52
75.46 54
75.48 50
75.5 54
75.52 46
75.54 59
75.56 44
75.58 52
75.6 41
75.62 49
75.64 39
75.66 45
75.68 46
75.7 43
75.72 51
75.74 43
75.76 51
75.78 46
75.8 44
75.82 46
75.84 44
75.86 34
75.88 47
75.9 43
75.92 49
75.94 33
75.96 41
75.98 45
76 38
76.02 44
76.04 50
76.06 53
76.08 39
76.1 53
76.12 34
76.14 37
76.16 50
76.18 57
76.2 48
76.22 56
76.24 37
76.26 48
76.28 38
76.3 49
76.32 40
76.34 42
76.36 38
76.38 44
76.4 50
76.42 42
76.44 34
76.46 48
76.48 63
76.5 43
76.52 50
76.54 50
76.56 52
76.58 42
76.6 53
76.62 53
76.64 51
76.66 43
76.68 50
76.7 32
76.72 39
76.74 40
76.76 51
76.78 42
76.8 44
76.82 38
76.84 45
76.86 56
76.88 50
76.9 38
76.92 41
76.94 49
76.96 39
76.98 46
77 55
77.02 38
77.04 45
77.06 41
77.08 48
77.1 39
77.12 53
77.14 60
77.16 40
77.18 53
77.2 38
77.22 41
77.24 52
77.26 49
77.28 47
77.3 59
77.32 46
77.34 56
77.36 48
77.38 39
77.4 61
77.42 45
77.44 56
77.46 45
77.48 33
77.5 48
77.52 37
77.54 46
77.56 44
77.58 38
77.6 56
77.62 40
77.64 47
77.66 41
77.68 38
77.7 62
77.72 44
77.74 49
77.76 37
77.78 54
77.8 49
77.82 41
77.84 59
77.86 43
77.88 34
77.9 39
77.92 48
77.94 56
77.96 47
77.98 48
78 37
78.02 30
78.04 32
78.06 42
78.08 40
78.1 62
78.12 33
78.14 35
78.16 42
78.18 47
78.2 44
78.22 48
78.24 45
78.26 44
78.28 50
78.3 49
78.32 55
78.34 41
78.36 46
78.38 42
78.4 46
78.42 50
78.44 50
78.46 42
78.48 45
78.5 56
78.52 48
78.54 48
78.56 45
78.58 40
78.6 37
78.62 51
78.64 41
78.66 55
78.68 48
78.7 39
78.72 36
78.74 48
78.76 46
78.78 47
78.8 50
78.82 66
78.84 39
78.86 46
78.88 39
78.9 51
78.92 56
78.94 46
78.96 60
78.98 41
79 60
79.02 50
79.04 53
79.06 47
79.08 38
79.1 46
79.12 43
79.14 50
79.16 45
79.18 66
79.2 67
79.22 56
79.24 49
79.26 57
79.28 66
79.3 62
79.32 50
79.34 53
79.36 65
79.38 59
79.4 39
79.42 58
79.44 62
79.46 71
79.48 59
79.5 68
79.52 67
79.54 62
79.56 92
79.58 79
79.6 87
79.62 93
79.64 78
79.66 116
79.68 154
79.7 175
79.72 183
79.74 263
79.76 376
79.78 507
79.8 670
79.82 919
79.84 1003
79.86 1059
79.88 936
79.9 808
79.92 649
79.94 527
79.96 400
79.98 378
80 382
80.02 384
80.04 505
80.06 535
80.08 617
80.1 606
80.12 536
80.14 425
80.16 329
80.18 240
80.2 187
80.22 157
80.24 131
80.26 113
80.28 106
80.3 89
80.32 60
80.34 72
80.36 73
80.38 78
80.4 64
80.42 49
80.44 57
80.46 54
80.48 62
80.5 58
80.52 51
80.54 66
80.56 50
80.58 66
80.6 50
80.62 47
80.64 58
80.66 47
80.68 70
80.7 55
80.72 55
80.74 43
80.76 59
80.78 38
80.8 37
80.82 51
80.84 45
80.86 51
80.88 43
80.9 39
80.92 66
80.94 36
80.96 41
80.98 45
81 42
81.02 47
81.04 51
81.06 43
81.08 52
81.1 48
81.12 36
81.14 41
81.16 51
81.18 52
81.2 45
81.22 39
81.24 40
81.26 48
81.28 58
81.3 50
81.32 46
81.34 38
81.36 47
81.38 55
81.4 42
81.42 46
81.44 34
81.46 43
81.48 54
81.5 38
81.52 57
81.54 43
81.56 55
81.58 44
81.6 45
81.62 42
81.64 50
81.66 60
81.68 43
81.7 49
81.72 43
81.74 46
81.76 44
81.78 26
81.8 40
81.82 36
81.84 47
81.86 31
81.88 48
81.9 40
81.92 35
81.94 41
81.96 50
81.98 39
82 36
82.02 58
82.04 40
82.06 41
82.08 39
82.1 44
82.12 29
82.14 48
82.16 35
82.18 38
82.2 43
82.22 33
82.24 43
82.26 41
82.28 46
82.3 39
82.32 43
82.34 38
82.36 52
82.38 37
82.4 39
82.42 36
82.44 43
82.46 38
82.48 40
82.5 43
82.52 49
82.54 34
82.56 35
82.58 41
82.6 41
82.62 42
82.64 42
82.66 41
82.68 55
82.7 35
82.72 35
82.74 46
82.76 37
82.78 30
82.8 45
82.82 42
82.84 31
82.86 39
82.88 40
82.9 37
82.92 37
82.94 27
82.96 33
82.98 29
83 33
83.02 25
83.04 45
83.06 35
83.08 47
83.1 37
83.12 40
83.14 32
83.16 34
83.18 37
83.2 30
83.22 32
83.24 44
83.26 39
83.28 44
83.3 38
83.32 43
83.34 40
83.36 40
83.38 48
83.4 26
83.42 25
83.44 41
83.46 41
83.48 43
83.5 27
83.52 36
83.54 33
83.56 36
83.58 37
83.6 50
83.62 41
83.64 23
83.66 18
83.68 45
83.7 44
83.72 42
83.74 37
83.76 41
83.78 39
83.8 46
83.82 33
83.84 32
83.86 35
83.88 37
83.9 46
83.92 44
83.94 33
83.96 51
83.98 33
84 35
84.02 22
84.04 38
84.06 34
84.08 41
84.1 31
84.12 41
84.14 46
84.16 33
84.18 33
84.2 46
84.22 34
84.24 50
84.26 39
84.28 43
84.3 41
84.32 40
84.34 43
84.36 37
84.38 39
84.4 35
84.42 39
84.44 50
84.46 42
84.48 37
84.5 48
84.52 29
84.54 33
84.56 28
84.58 30
84.6 45
84.62 34
84.64 39
84.66 40
84.68 44
84.7 47
84.72 35
84.74 34
84.76 34
84.78 43
84.8 49
84.82 34
84.84 32
84.86 42
84.88 40
84.9 38
84.92 42
84.94 28
84.96 43
84.98 31
85 42
85.02 34
85.04 42
85.06 31
85.08 41
85.1 36
85.12 45
85.14 27
85.16 46
85.18 40
85.2 40
85.22 29
85.24 36
85.26 36
85.28 29
85.3 35
85.32 38
85.34 38
85.36 39
85.38 41
85.4 25
85.42 50
85.44 40
85.46 49
85.48 37
85.5 48
85.52 23
85.54 38
85.56 38
85.58 35
85.6 25
85.62 28
85.64 38
85.66 39
85.68 38
85.7 41
85.72 47
85.74 36
85.76 30
85.78 40
85.8 34
85.82 44
85.84 27
85.86 36
85.88 46
85.9 38
85.92 45
85.94 31
85.96 33
85.98 39
86 47
86.02 37
86.04 41
86.06 37
86.08 39
86.1 38
86.12 25
86.14 36
86.16 35
86.18 41
86.2 38
86.22 34
86.24 37
86.26 38
86.28 39
86.3 35
86.32 44
86.34 33
86.36 35
86.38 40
86.4 26
86.42 33
86.44 35
86.46 36
86.48 37
86.5 33
86.52 48
86.54 36
86.56 44
86.58 37
86.6 31
86.62 32
86.64 35
86.66 43
86.68 36
86.7 34
86.72 42
86.74 36
86.76 46
86.78 39
86.8 40
86.82 38
86.84 34
86.86 37
86.88 45
86.9 32
86.92 36
86.94 37
86.96 37
86.98 37
87 34
87.02 39
87.04 38
87.06 34
87.08 33
87.1 41
87.12 45
87.14 40
87.16 31
87.18 36
87.2 30
87.22 41
87.24 38
87.26 36
87.28 33
87.3 39
87.32 37
87.34 37
87.36 33
87.38 33
87.4 35
87.42 36
87.44 47
87.46 39
87.48 44
87.5 29
87.52 45
87.54 35
87.56 36
87.58 29
87.6 29
87.62 40
87.64 38
87.66 28
87.68 43
87.7 44
87.72 30
87.74 50
87.76 38
87.78 34
87.8 45
87.82 35
87.84 33
87.86 35
87.88 39
87.9 39
87.92 34
87.94 39
87.96 39
87.98 38
88 42
88.02 45
88.04 45
88.06 38
88.08 40
88.1 38
88.12 46
88.14 40
88.16 38
88.18 32
88.2 39
88.22 36
88.24 30
88.26 36
88.28 46
88.3 36
88.32 40
88.34 33
88.36 48
88.38 35
88.4 35
88.42 40
88.44 41
88.46 33
88.48 37
88.5 38
88.52 46
88.54 48
88.56 39
88.58 33
88.6 37
88.62 44
88.64 40
88.66 42
88.68 42
88.7 41
88.72 30
88.74 24
88.76 46
88.78 44
88.8 31
88.82 37
88.84 40
88.86 41
88.88 23
88.9 32
88.92 37
88.94 39
88.96 25
88.98 43
89 33
89.02 39
89.04 38
89.06 39
89.08 36
89.1 34
89.12 34
89.14 46
89.16 42
89.18 42
89.2 33
89.22 45
89.24 38
89.26 45
89.28 37
89.3 37
89.32 49
89.34 47
89.36 40
89.38 45
89.4 45
89.42 38
89.44 55
89.46 46
89.48 53
89.5 47
89.52 65
89.54 61
89.56 55
89.58 87
89.6 93
89.62 114
89.64 164
89.66 200
89.68 191
89.7 253
89.72 310
89.74 269
89.76 275
89.78 264
89.8 222
89.82 199
89.84 166
89.86 162
89.88 123
89.9 111
89.92 142
89.94 126
89.96 143
89.98 172
90 183
