Sample SnGe_sample2
Comments 
Filename C:\WINDMAX\DATA\KAGAWALAB\181122_sample2.raw
Goniometer TTRáV êÖïΩ∫ﬁ∆µ“∞¿(Tsé≤éËìÆ,ADS)
Attachment ïWèÄééóøŒŸ¿ﬁ∞
Monochromater å≈íË”…∏€“∞¿
ScanningMode 2Theta/Theta
ScanningType Continuos Scanning
X-Ray 40kV/300mA
î≠éUΩÿØƒ 2/3Åã
î≠éUècêßå¿ΩÿØƒ 10mm
éUóêΩÿØƒ 2/3Åã
éÛåıΩÿØƒ 0.3mm
±Ø√»∞¿ äJï˙
”…∏€éÛåıΩÿØƒ 0.8mm
Start 10
Stop 90
Step 0.02
10 113
10.02 101
10.04 113
10.06 99
10.08 116
10.1 99
10.12 88
10.14 92
10.16 102
10.18 99
10.2 101
10.22 112
10.24 87
10.26 108
10.28 109
10.3 125
10.32 96
10.34 89
10.36 84
10.38 116
10.4 92
10.42 104
10.44 104
10.46 110
10.48 98
10.5 81
10.52 121
10.54 82
10.56 96
10.58 119
10.6 94
10.62 85
10.64 105
10.66 103
10.68 115
10.7 117
10.72 110
10.74 99
10.76 105
10.78 103
10.8 95
10.82 99
10.84 94
10.86 101
10.88 107
10.9 108
10.92 105
10.94 102
10.96 102
10.98 116
11 96
11.02 97
11.04 108
11.06 107
11.08 102
11.1 87
11.12 102
11.14 102
11.16 111
11.18 92
11.2 99
11.22 90
11.24 101
11.26 106
11.28 102
11.3 111
11.32 93
11.34 101
11.36 98
11.38 111
11.4 105
11.42 88
11.44 122
11.46 110
11.48 103
11.5 99
11.52 99
11.54 103
11.56 110
11.58 89
11.6 110
11.62 100
11.64 107
11.66 108
11.68 90
11.7 83
11.72 97
11.74 100
11.76 94
11.78 98
11.8 97
11.82 106
11.84 119
11.86 105
11.88 97
11.9 99
11.92 101
11.94 110
11.96 83
11.98 116
12 97
12.02 117
12.04 98
12.06 97
12.08 86
12.1 78
12.12 88
12.14 87
12.16 92
12.18 97
12.2 95
12.22 89
12.24 96
12.26 80
12.28 102
12.3 104
12.32 98
12.34 99
12.36 93
12.38 89
12.4 95
12.42 97
12.44 104
12.46 100
12.48 99
12.5 89
12.52 94
12.54 101
12.56 87
12.58 111
12.6 103
12.62 99
12.64 83
12.66 104
12.68 71
12.7 83
12.72 90
12.74 117
12.76 89
12.78 97
12.8 79
12.82 79
12.84 92
12.86 90
12.88 121
12.9 85
12.92 92
12.94 85
12.96 80
12.98 89
13 101
13.02 97
13.04 98
13.06 84
13.08 81
13.1 91
13.12 121
13.14 112
13.16 93
13.18 100
13.2 67
13.22 87
13.24 111
13.26 69
13.28 73
13.3 80
13.32 100
13.34 88
13.36 91
13.38 87
13.4 105
13.42 84
13.44 95
13.46 90
13.48 109
13.5 96
13.52 91
13.54 92
13.56 84
13.58 99
13.6 78
13.62 98
13.64 86
13.66 91
13.68 86
13.7 80
13.72 91
13.74 96
13.76 83
13.78 96
13.8 74
13.82 99
13.84 84
13.86 90
13.88 93
13.9 94
13.92 98
13.94 88
13.96 79
13.98 82
14 76
14.02 74
14.04 98
14.06 94
14.08 77
14.1 90
14.12 82
14.14 66
14.16 100
14.18 65
14.2 107
14.22 101
14.24 82
14.26 86
14.28 87
14.3 90
14.32 84
14.34 94
14.36 84
14.38 99
14.4 95
14.42 94
14.44 83
14.46 92
14.48 99
14.5 84
14.52 112
14.54 89
14.56 99
14.58 93
14.6 88
14.62 114
14.64 76
14.66 91
14.68 107
14.7 97
14.72 102
14.74 90
14.76 92
14.78 86
14.8 85
14.82 105
14.84 82
14.86 108
14.88 91
14.9 89
14.92 96
14.94 87
14.96 92
14.98 93
15 99
15.02 83
15.04 83
15.06 80
15.08 96
15.1 89
15.12 100
15.14 91
15.16 85
15.18 66
15.2 84
15.22 105
15.24 94
15.26 92
15.28 91
15.3 106
15.32 89
15.34 91
15.36 107
15.38 82
15.4 92
15.42 74
15.44 104
15.46 79
15.48 108
15.5 100
15.52 95
15.54 96
15.56 98
15.58 88
15.6 97
15.62 83
15.64 103
15.66 92
15.68 101
15.7 94
15.72 103
15.74 96
15.76 87
15.78 72
15.8 85
15.82 75
15.84 106
15.86 88
15.88 97
15.9 85
15.92 92
15.94 108
15.96 97
15.98 82
16 108
16.02 97
16.04 98
16.06 89
16.08 105
16.1 102
16.12 103
16.14 107
16.16 76
16.18 102
16.2 88
16.22 86
16.24 116
16.26 93
16.28 100
16.3 90
16.32 102
16.34 91
16.36 84
16.38 107
16.4 74
16.42 104
16.44 82
16.46 111
16.48 93
16.5 82
16.52 88
16.54 89
16.56 80
16.58 87
16.6 104
16.62 109
16.64 109
16.66 95
16.68 107
16.7 93
16.72 101
16.74 102
16.76 96
16.78 96
16.8 95
16.82 94
16.84 96
16.86 97
16.88 94
16.9 99
16.92 83
16.94 98
16.96 102
16.98 100
17 96
17.02 110
17.04 97
17.06 108
17.08 99
17.1 83
17.12 100
17.14 92
17.16 110
17.18 101
17.2 85
17.22 100
17.24 110
17.26 78
17.28 102
17.3 102
17.32 86
17.34 91
17.36 88
17.38 94
17.4 83
17.42 90
17.44 86
17.46 66
17.48 85
17.5 98
17.52 74
17.54 87
17.56 96
17.58 90
17.6 116
17.62 87
17.64 89
17.66 97
17.68 89
17.7 110
17.72 76
17.74 99
17.76 85
17.78 92
17.8 87
17.82 94
17.84 111
17.86 84
17.88 109
17.9 82
17.92 99
17.94 79
17.96 85
17.98 109
18 94
18.02 104
18.04 87
18.06 88
18.08 95
18.1 91
18.12 99
18.14 89
18.16 73
18.18 109
18.2 91
18.22 75
18.24 90
18.26 82
18.28 89
18.3 110
18.32 96
18.34 77
18.36 84
18.38 94
18.4 91
18.42 101
18.44 99
18.46 103
18.48 91
18.5 92
18.52 100
18.54 103
18.56 81
18.58 79
18.6 76
18.62 76
18.64 77
18.66 89
18.68 102
18.7 100
18.72 114
18.74 107
18.76 113
18.78 83
18.8 89
18.82 77
18.84 89
18.86 88
18.88 87
18.9 92
18.92 111
18.94 90
18.96 96
18.98 108
19 93
19.02 109
19.04 87
19.06 82
19.08 93
19.1 80
19.12 99
19.14 97
19.16 96
19.18 103
19.2 89
19.22 95
19.24 93
19.26 103
19.28 81
19.3 84
19.32 101
19.34 85
19.36 112
19.38 101
19.4 82
19.42 102
19.44 97
19.46 103
19.48 101
19.5 84
19.52 109
19.54 94
19.56 83
19.58 92
19.6 106
19.62 84
19.64 103
19.66 93
19.68 102
19.7 104
19.72 95
19.74 97
19.76 109
19.78 123
19.8 91
19.82 109
19.84 104
19.86 87
19.88 100
19.9 98
19.92 102
19.94 120
19.96 100
19.98 104
20 109
20.02 108
20.04 93
20.06 88
20.08 86
20.1 116
20.12 95
20.14 93
20.16 107
20.18 95
20.2 99
20.22 94
20.24 107
20.26 88
20.28 99
20.3 99
20.32 96
20.34 91
20.36 122
20.38 105
20.4 103
20.42 105
20.44 97
20.46 94
20.48 96
20.5 129
20.52 105
20.54 97
20.56 90
20.58 107
20.6 92
20.62 90
20.64 110
20.66 86
20.68 102
20.7 103
20.72 95
20.74 104
20.76 99
20.78 110
20.8 112
20.82 90
20.84 115
20.86 86
20.88 85
20.9 106
20.92 123
20.94 99
20.96 103
20.98 112
21 98
21.02 109
21.04 117
21.06 111
21.08 117
21.1 112
21.12 115
21.14 106
21.16 108
21.18 129
21.2 111
21.22 85
21.24 98
21.26 107
21.28 98
21.3 106
21.32 109
21.34 112
21.36 119
21.38 124
21.4 114
21.42 103
21.44 130
21.46 101
21.48 109
21.5 92
21.52 127
21.54 128
21.56 123
21.58 127
21.6 112
21.62 103
21.64 125
21.66 119
21.68 105
21.7 117
21.72 106
21.74 123
21.76 121
21.78 133
21.8 119
21.82 118
21.84 120
21.86 127
21.88 119
21.9 142
21.92 136
21.94 128
21.96 117
21.98 119
22 129
22.02 133
22.04 115
22.06 130
22.08 134
22.1 119
22.12 113
22.14 105
22.16 117
22.18 124
22.2 124
22.22 113
22.24 123
22.26 113
22.28 111
22.3 118
22.32 120
22.34 114
22.36 126
22.38 126
22.4 128
22.42 134
22.44 109
22.46 125
22.48 131
22.5 112
22.52 120
22.54 123
22.56 128
22.58 118
22.6 115
22.62 137
22.64 112
22.66 117
22.68 121
22.7 123
22.72 125
22.74 107
22.76 121
22.78 119
22.8 119
22.82 130
22.84 109
22.86 136
22.88 128
22.9 124
22.92 120
22.94 129
22.96 130
22.98 128
23 123
23.02 136
23.04 108
23.06 150
23.08 146
23.1 121
23.12 133
23.14 132
23.16 131
23.18 114
23.2 128
23.22 118
23.24 126
23.26 98
23.28 122
23.3 133
23.32 123
23.34 109
23.36 107
23.38 136
23.4 126
23.42 106
23.44 127
23.46 134
23.48 120
23.5 124
23.52 126
23.54 133
23.56 126
23.58 128
23.6 148
23.62 110
23.64 132
23.66 118
23.68 113
23.7 133
23.72 113
23.74 135
23.76 122
23.78 105
23.8 136
23.82 133
23.84 103
23.86 131
23.88 142
23.9 114
23.92 124
23.94 136
23.96 137
23.98 126
24 131
24.02 131
24.04 130
24.06 132
24.08 132
24.1 143
24.12 128
24.14 105
24.16 135
24.18 119
24.2 125
24.22 108
24.24 148
24.26 127
24.28 126
24.3 109
24.32 140
24.34 133
24.36 101
24.38 132
24.4 123
24.42 139
24.44 122
24.46 119
24.48 120
24.5 155
24.52 124
24.54 137
24.56 110
24.58 117
24.6 136
24.62 118
24.64 122
24.66 128
24.68 132
24.7 128
24.72 149
24.74 119
24.76 140
24.78 148
24.8 128
24.82 138
24.84 149
24.86 115
24.88 126
24.9 155
24.92 141
24.94 153
24.96 123
24.98 115
25 133
25.02 137
25.04 134
25.06 128
25.08 141
25.1 125
25.12 136
25.14 136
25.16 115
25.18 119
25.2 124
25.22 113
25.24 142
25.26 135
25.28 128
25.3 118
25.32 131
25.34 132
25.36 142
25.38 105
25.4 120
25.42 143
25.44 131
25.46 120
25.48 140
25.5 129
25.52 113
25.54 146
25.56 135
25.58 126
25.6 120
25.62 119
25.64 150
25.66 137
25.68 124
25.7 127
25.72 108
25.74 130
25.76 120
25.78 154
25.8 142
25.82 133
25.84 139
25.86 113
25.88 122
25.9 145
25.92 125
25.94 96
25.96 120
25.98 148
26 131
26.02 119
26.04 113
26.06 133
26.08 124
26.1 121
26.12 126
26.14 120
26.16 133
26.18 147
26.2 131
26.22 136
26.24 132
26.26 136
26.28 114
26.3 116
26.32 134
26.34 141
26.36 152
26.38 126
26.4 160
26.42 136
26.44 126
26.46 167
26.48 152
26.5 137
26.52 125
26.54 140
26.56 128
26.58 136
26.6 140
26.62 139
26.64 118
26.66 144
26.68 130
26.7 138
26.72 147
26.74 138
26.76 149
26.78 154
26.8 131
26.82 142
26.84 116
26.86 137
26.88 128
26.9 135
26.92 130
26.94 144
26.96 153
26.98 154
27 137
27.02 152
27.04 148
27.06 146
27.08 147
27.1 132
27.12 155
27.14 151
27.16 152
27.18 133
27.2 146
27.22 131
27.24 127
27.26 117
27.28 132
27.3 134
27.32 139
27.34 143
27.36 134
27.38 120
27.4 121
27.42 141
27.44 135
27.46 148
27.48 121
27.5 132
27.52 140
27.54 151
27.56 129
27.58 141
27.6 135
27.62 147
27.64 130
27.66 96
27.68 146
27.7 126
27.72 149
27.74 153
27.76 147
27.78 154
27.8 169
27.82 126
27.84 130
27.86 125
27.88 128
27.9 158
27.92 140
27.94 139
27.96 131
27.98 148
28 145
28.02 118
28.04 137
28.06 129
28.08 144
28.1 117
28.12 133
28.14 130
28.16 154
28.18 121
28.2 125
28.22 125
28.24 153
28.26 130
28.28 138
28.3 111
28.32 135
28.34 138
28.36 163
28.38 113
28.4 152
28.42 141
28.44 129
28.46 137
28.48 111
28.5 135
28.52 123
28.54 132
28.56 165
28.58 139
28.6 148
28.62 128
28.64 143
28.66 141
28.68 136
28.7 136
28.72 145
28.74 142
28.76 130
28.78 120
28.8 149
28.82 134
28.84 116
28.86 139
28.88 110
28.9 131
28.92 126
28.94 147
28.96 129
28.98 131
29 124
29.02 164
29.04 119
29.06 131
29.08 127
29.1 142
29.12 139
29.14 150
29.16 124
29.18 145
29.2 144
29.22 138
29.24 149
29.26 131
29.28 138
29.3 160
29.32 147
29.34 135
29.36 150
29.38 146
29.4 139
29.42 132
29.44 139
29.46 112
29.48 110
29.5 154
29.52 135
29.54 134
29.56 129
29.58 138
29.6 139
29.62 138
29.64 122
29.66 123
29.68 151
29.7 131
29.72 139
29.74 132
29.76 138
29.78 159
29.8 134
29.82 123
29.84 128
29.86 135
29.88 139
29.9 134
29.92 150
29.94 130
29.96 144
29.98 129
30 112
30.02 137
30.04 124
30.06 113
30.08 141
30.1 136
30.12 121
30.14 125
30.16 129
30.18 133
30.2 141
30.22 133
30.24 141
30.26 144
30.28 134
30.3 113
30.32 140
30.34 123
30.36 131
30.38 138
30.4 129
30.42 149
30.44 135
30.46 130
30.48 152
30.5 126
30.52 135
30.54 145
30.56 130
30.58 150
30.6 141
30.62 124
30.64 112
30.66 133
30.68 134
30.7 139
30.72 146
30.74 140
30.76 160
30.78 150
30.8 171
30.82 149
30.84 157
30.86 153
30.88 191
30.9 176
30.92 222
30.94 238
30.96 289
30.98 396
31 553
31.02 856
31.04 1299
31.06 1469
31.08 1363
31.1 1122
31.12 941
31.14 921
31.16 747
31.18 530
31.2 336
31.22 265
31.24 195
31.26 166
31.28 165
31.3 145
31.32 169
31.34 133
31.36 144
31.38 133
31.4 143
31.42 147
31.44 135
31.46 132
31.48 134
31.5 136
31.52 129
31.54 108
31.56 144
31.58 129
31.6 135
31.62 121
31.64 116
31.66 134
31.68 144
31.7 128
31.72 147
31.74 161
31.76 121
31.78 170
31.8 148
31.82 143
31.84 146
31.86 147
31.88 127
31.9 147
31.92 143
31.94 165
31.96 153
31.98 130
32 138
32.02 136
32.04 141
32.06 130
32.08 145
32.1 134
32.12 142
32.14 147
32.16 141
32.18 152
32.2 173
32.22 174
32.24 198
32.26 208
32.28 248
32.3 271
32.32 345
32.34 431
32.36 765
32.38 1215
32.4 2227
32.42 3887
32.44 4660
32.46 4113
32.48 3189
32.5 2840
32.52 2616
32.54 2341
32.56 1589
32.58 874
32.6 464
32.62 310
32.64 245
32.66 211
32.68 209
32.7 165
32.72 178
32.74 167
32.76 156
32.78 141
32.8 136
32.82 153
32.84 144
32.86 127
32.88 108
32.9 153
32.92 143
32.94 159
32.96 123
32.98 120
33 132
33.02 124
33.04 105
33.06 104
33.08 112
33.1 124
33.12 106
33.14 119
33.16 121
33.18 115
33.2 117
33.22 121
33.24 108
33.26 113
33.28 109
33.3 114
33.32 103
33.34 132
33.36 120
33.38 101
33.4 116
33.42 105
33.44 108
33.46 92
33.48 98
33.5 126
33.52 102
33.54 110
33.56 110
33.58 100
33.6 123
33.62 124
33.64 127
33.66 107
33.68 111
33.7 108
33.72 121
33.74 130
33.76 122
33.78 113
33.8 105
33.82 107
33.84 120
33.86 99
33.88 112
33.9 105
33.92 109
33.94 108
33.96 114
33.98 112
34 123
34.02 107
34.04 98
34.06 106
34.08 91
34.1 97
34.12 108
34.14 73
34.16 117
34.18 103
34.2 92
34.22 110
34.24 101
34.26 95
34.28 109
34.3 97
34.32 116
34.34 106
34.36 105
34.38 82
34.4 101
34.42 101
34.44 103
34.46 131
34.48 92
34.5 96
34.52 97
34.54 117
34.56 71
34.58 111
34.6 108
34.62 97
34.64 104
34.66 84
34.68 120
34.7 73
34.72 93
34.74 89
34.76 87
34.78 95
34.8 84
34.82 99
34.84 90
34.86 93
34.88 79
34.9 82
34.92 116
34.94 87
34.96 103
34.98 97
35 88
35.02 126
35.04 99
35.06 112
35.08 67
35.1 98
35.12 84
35.14 110
35.16 93
35.18 79
35.2 95
35.22 89
35.24 85
35.26 93
35.28 84
35.3 109
35.32 100
35.34 95
35.36 106
35.38 83
35.4 92
35.42 81
35.44 101
35.46 82
35.48 84
35.5 89
35.52 71
35.54 97
35.56 91
35.58 86
35.6 90
35.62 100
35.64 98
35.66 94
35.68 85
35.7 94
35.72 75
35.74 87
35.76 81
35.78 84
35.8 73
35.82 72
35.84 100
35.86 85
35.88 79
35.9 95
35.92 89
35.94 90
35.96 84
35.98 95
36 83
36.02 95
36.04 88
36.06 92
36.08 84
36.1 91
36.12 82
36.14 89
36.16 72
36.18 83
36.2 88
36.22 88
36.24 86
36.26 77
36.28 77
36.3 86
36.32 87
36.34 84
36.36 92
36.38 91
36.4 64
36.42 86
36.44 101
36.46 73
36.48 75
36.5 68
36.52 69
36.54 84
36.56 78
36.58 65
36.6 80
36.62 90
36.64 77
36.66 67
36.68 83
36.7 79
36.72 75
36.74 101
36.76 79
36.78 79
36.8 85
36.82 76
36.84 90
36.86 85
36.88 69
36.9 80
36.92 59
36.94 72
36.96 73
36.98 66
37 76
37.02 76
37.04 77
37.06 88
37.08 64
37.1 75
37.12 79
37.14 79
37.16 64
37.18 84
37.2 69
37.22 85
37.24 70
37.26 80
37.28 76
37.3 83
37.32 80
37.34 75
37.36 73
37.38 75
37.4 79
37.42 77
37.44 89
37.46 85
37.48 73
37.5 83
37.52 77
37.54 108
37.56 83
37.58 65
37.6 93
37.62 78
37.64 69
37.66 74
37.68 69
37.7 58
37.72 79
37.74 59
37.76 79
37.78 72
37.8 87
37.82 70
37.84 71
37.86 97
37.88 79
37.9 53
37.92 70
37.94 68
37.96 64
37.98 77
38 89
38.02 77
38.04 68
38.06 72
38.08 70
38.1 78
38.12 70
38.14 66
38.16 71
38.18 79
38.2 84
38.22 67
38.24 60
38.26 78
38.28 83
38.3 76
38.32 68
38.34 84
38.36 60
38.38 75
38.4 66
38.42 73
38.44 85
38.46 70
38.48 70
38.5 64
38.52 81
38.54 70
38.56 72
38.58 69
38.6 77
38.62 69
38.64 64
38.66 80
38.68 74
38.7 68
38.72 65
38.74 75
38.76 74
38.78 70
38.8 66
38.82 74
38.84 85
38.86 73
38.88 76
38.9 91
38.92 64
38.94 76
38.96 78
38.98 84
39 73
39.02 75
39.04 49
39.06 73
39.08 84
39.1 70
39.12 79
39.14 74
39.16 79
39.18 74
39.2 66
39.22 85
39.24 63
39.26 86
39.28 70
39.3 85
39.32 64
39.34 72
39.36 71
39.38 83
39.4 67
39.42 71
39.44 78
39.46 85
39.48 78
39.5 70
39.52 75
39.54 71
39.56 75
39.58 93
39.6 56
39.62 63
39.64 59
39.66 77
39.68 79
39.7 66
39.72 60
39.74 62
39.76 65
39.78 72
39.8 60
39.82 80
39.84 74
39.86 76
39.88 77
39.9 60
39.92 74
39.94 72
39.96 53
39.98 68
40 65
40.02 62
40.04 81
40.06 54
40.08 80
40.1 55
40.12 73
40.14 63
40.16 66
40.18 65
40.2 78
40.22 80
40.24 70
40.26 68
40.28 65
40.3 80
40.32 83
40.34 64
40.36 78
40.38 67
40.4 67
40.42 77
40.44 62
40.46 74
40.48 78
40.5 66
40.52 69
40.54 58
40.56 65
40.58 80
40.6 69
40.62 64
40.64 81
40.66 72
40.68 69
40.7 75
40.72 76
40.74 73
40.76 77
40.78 78
40.8 77
40.82 84
40.84 60
40.86 68
40.88 68
40.9 81
40.92 80
40.94 71
40.96 89
40.98 64
41 64
41.02 62
41.04 73
41.06 70
41.08 76
41.1 92
41.12 76
41.14 75
41.16 60
41.18 69
41.2 64
41.22 72
41.24 62
41.26 86
41.28 61
41.3 77
41.32 76
41.34 71
41.36 69
41.38 72
41.4 85
41.42 64
41.44 68
41.46 62
41.48 57
41.5 68
41.52 78
41.54 78
41.56 69
41.58 80
41.6 90
41.62 64
41.64 75
41.66 68
41.68 72
41.7 78
41.72 70
41.74 69
41.76 67
41.78 70
41.8 58
41.82 78
41.84 74
41.86 83
41.88 71
41.9 60
41.92 88
41.94 66
41.96 72
41.98 60
42 77
42.02 66
42.04 63
42.06 83
42.08 65
42.1 63
42.12 79
42.14 79
42.16 71
42.18 63
42.2 65
42.22 68
42.24 72
42.26 54
42.28 79
42.3 84
42.32 65
42.34 72
42.36 60
42.38 77
42.4 55
42.42 69
42.44 70
42.46 75
42.48 89
42.5 72
42.52 57
42.54 70
42.56 67
42.58 59
42.6 70
42.62 79
42.64 71
42.66 69
42.68 85
42.7 62
42.72 70
42.74 69
42.76 74
42.78 74
42.8 84
42.82 70
42.84 66
42.86 67
42.88 75
42.9 82
42.92 60
42.94 58
42.96 91
42.98 72
43 48
43.02 78
43.04 68
43.06 63
43.08 59
43.1 67
43.12 72
43.14 65
43.16 69
43.18 63
43.2 77
43.22 81
43.24 72
43.26 66
43.28 70
43.3 72
43.32 71
43.34 68
43.36 61
43.38 87
43.4 69
43.42 55
43.44 90
43.46 72
43.48 99
43.5 72
43.52 58
43.54 96
43.56 82
43.58 76
43.6 72
43.62 71
43.64 76
43.66 76
43.68 84
43.7 97
43.72 83
43.74 83
43.76 78
43.78 79
43.8 62
43.82 65
43.84 77
43.86 71
43.88 70
43.9 70
43.92 71
43.94 71
43.96 73
43.98 71
44 68
44.02 70
44.04 82
44.06 82
44.08 92
44.1 93
44.12 92
44.14 89
44.16 92
44.18 122
44.2 140
44.22 189
44.24 317
44.26 528
44.28 725
44.3 710
44.32 553
44.34 380
44.36 305
44.38 356
44.4 458
44.42 413
44.44 304
44.46 197
44.48 155
44.5 101
44.52 89
44.54 81
44.56 86
44.58 87
44.6 113
44.62 74
44.64 90
44.66 99
44.68 101
44.7 94
44.72 102
44.74 104
44.76 84
44.78 95
44.8 98
44.82 81
44.84 114
44.86 72
44.88 87
44.9 86
44.92 83
44.94 93
44.96 79
44.98 84
45 86
45.02 103
45.04 112
45.06 96
45.08 115
45.1 110
45.12 121
45.14 140
45.16 131
45.18 180
45.2 206
45.22 334
45.24 532
45.26 1011
45.28 1711
45.3 2691
45.32 3056
45.34 2522
45.36 1518
45.38 1074
45.4 1245
45.42 1553
45.44 1658
45.46 1339
45.48 799
45.5 410
45.52 230
45.54 172
45.56 145
45.58 119
45.6 126
45.62 112
45.64 101
45.66 88
45.68 100
45.7 105
45.72 92
45.74 75
45.76 96
45.78 98
45.8 76
45.82 74
45.84 80
45.86 84
45.88 66
45.9 64
45.92 88
45.94 97
45.96 86
45.98 71
46 70
46.02 82
46.04 64
46.06 77
46.08 73
46.1 78
46.12 77
46.14 69
46.16 80
46.18 71
46.2 62
46.22 57
46.24 92
46.26 72
46.28 67
46.3 59
46.32 73
46.34 63
46.36 72
46.38 65
46.4 68
46.42 61
46.44 60
46.46 72
46.48 64
46.5 65
46.52 70
46.54 72
46.56 65
46.58 70
46.6 67
46.62 63
46.64 74
46.66 65
46.68 58
46.7 55
46.72 65
46.74 56
46.76 60
46.78 78
46.8 53
46.82 72
46.84 65
46.86 42
46.88 65
46.9 74
46.92 60
46.94 60
46.96 63
46.98 55
47 61
47.02 68
47.04 69
47.06 39
47.08 73
47.1 51
47.12 73
47.14 72
47.16 65
47.18 78
47.2 78
47.22 57
47.24 78
47.26 67
47.28 58
47.3 57
47.32 61
47.34 57
47.36 49
47.38 68
47.4 59
47.42 70
47.44 63
47.46 51
47.48 80
47.5 62
47.52 68
47.54 61
47.56 51
47.58 53
47.6 71
47.62 70
47.64 64
47.66 58
47.68 53
47.7 57
47.72 63
47.74 59
47.76 64
47.78 64
47.8 61
47.82 60
47.84 66
47.86 68
47.88 51
47.9 55
47.92 52
47.94 57
47.96 62
47.98 70
48 58
48.02 52
48.04 50
48.06 72
48.08 70
48.1 54
48.12 56
48.14 54
48.16 62
48.18 64
48.2 66
48.22 54
48.24 67
48.26 65
48.28 62
48.3 52
48.32 66
48.34 59
48.36 68
48.38 63
48.4 61
48.42 56
48.44 60
48.46 61
48.48 57
48.5 65
48.52 66
48.54 59
48.56 51
48.58 54
48.6 72
48.62 55
48.64 64
48.66 62
48.68 50
48.7 58
48.72 55
48.74 59
48.76 39
48.78 57
48.8 52
48.82 49
48.84 57
48.86 51
48.88 59
48.9 56
48.92 60
48.94 72
48.96 66
48.98 69
49 60
49.02 71
49.04 45
49.06 53
49.08 72
49.1 55
49.12 64
49.14 70
49.16 51
49.18 50
49.2 50
49.22 61
49.24 45
49.26 47
49.28 61
49.3 49
49.32 61
49.34 60
49.36 63
49.38 59
49.4 47
49.42 59
49.44 61
49.46 50
49.48 69
49.5 71
49.52 60
49.54 56
49.56 55
49.58 78
49.6 57
49.62 54
49.64 64
49.66 51
49.68 50
49.7 53
49.72 53
49.74 45
49.76 61
49.78 64
49.8 44
49.82 58
49.84 49
49.86 50
49.88 58
49.9 63
49.92 52
49.94 49
49.96 58
49.98 63
50 63
50.02 51
50.04 58
50.06 59
50.08 55
50.1 52
50.12 57
50.14 45
50.16 59
50.18 64
50.2 67
50.22 73
50.24 65
50.26 55
50.28 49
50.3 67
50.32 49
50.34 47
50.36 56
50.38 51
50.4 72
50.42 55
50.44 54
50.46 47
50.48 66
50.5 49
50.52 65
50.54 63
50.56 44
50.58 69
50.6 63
50.62 50
50.64 53
50.66 49
50.68 68
50.7 66
50.72 75
50.74 55
50.76 64
50.78 57
50.8 65
50.82 67
50.84 63
50.86 58
50.88 57
50.9 69
50.92 69
50.94 66
50.96 57
50.98 61
51 45
51.02 54
51.04 67
51.06 64
51.08 51
51.1 68
51.12 57
51.14 73
51.16 57
51.18 65
51.2 66
51.22 64
51.24 51
51.26 60
51.28 54
51.3 66
51.32 51
51.34 65
51.36 41
51.38 53
51.4 68
51.42 54
51.44 57
51.46 73
51.48 64
51.5 60
51.52 55
51.54 66
51.56 44
51.58 57
51.6 63
51.62 53
51.64 62
51.66 54
51.68 54
51.7 57
51.72 49
51.74 50
51.76 48
51.78 43
51.8 52
51.82 47
51.84 58
51.86 52
51.88 61
51.9 55
51.92 63
51.94 70
51.96 74
51.98 61
52 60
52.02 76
52.04 58
52.06 66
52.08 60
52.1 53
52.12 60
52.14 56
52.16 55
52.18 54
52.2 49
52.22 59
52.24 72
52.26 78
52.28 69
52.3 50
52.32 57
52.34 49
52.36 61
52.38 53
52.4 48
52.42 49
52.44 61
52.46 57
52.48 46
52.5 70
52.52 60
52.54 49
52.56 49
52.58 51
52.6 71
52.62 64
52.64 61
52.66 64
52.68 55
52.7 54
52.72 63
52.74 46
52.76 51
52.78 47
52.8 53
52.82 58
52.84 57
52.86 56
52.88 57
52.9 59
52.92 61
52.94 61
52.96 56
52.98 54
53 55
53.02 56
53.04 56
53.06 68
53.08 64
53.1 55
53.12 68
53.14 58
53.16 35
53.18 63
53.2 71
53.22 70
53.24 53
53.26 49
53.28 51
53.3 51
53.32 53
53.34 52
53.36 56
53.38 50
53.4 69
53.42 62
53.44 57
53.46 61
53.48 48
53.5 74
53.52 71
53.54 63
53.56 58
53.58 61
53.6 56
53.62 53
53.64 70
53.66 62
53.68 51
53.7 65
53.72 64
53.74 49
53.76 45
53.78 47
53.8 65
53.82 61
53.84 54
53.86 62
53.88 60
53.9 61
53.92 55
53.94 64
53.96 48
53.98 43
54 58
54.02 48
54.04 54
54.06 55
54.08 42
54.1 59
54.12 70
54.14 51
54.16 48
54.18 59
54.2 63
54.22 53
54.24 73
54.26 62
54.28 62
54.3 50
54.32 68
54.34 53
54.36 44
54.38 81
54.4 51
54.42 71
54.44 61
54.46 51
54.48 50
54.5 55
54.52 58
54.54 43
54.56 53
54.58 54
54.6 70
54.62 64
54.64 48
54.66 49
54.68 51
54.7 60
54.72 64
54.74 65
54.76 47
54.78 61
54.8 55
54.82 55
54.84 65
54.86 48
54.88 54
54.9 66
54.92 67
54.94 52
54.96 52
54.98 53
55 60
55.02 58
55.04 53
55.06 52
55.08 72
55.1 72
55.12 58
55.14 73
55.16 84
55.18 57
55.2 75
55.22 75
55.24 71
55.26 54
55.28 58
55.3 75
55.32 63
55.34 54
55.36 69
55.38 65
55.4 62
55.42 57
55.44 61
55.46 66
55.48 59
55.5 61
55.52 70
55.54 87
55.56 80
55.58 82
55.6 65
55.62 89
55.64 107
55.66 169
55.68 255
55.7 435
55.72 602
55.74 676
55.76 609
55.78 363
55.8 239
55.82 179
55.84 254
55.86 299
55.88 386
55.9 372
55.92 268
55.94 208
55.96 122
55.98 100
56 94
56.02 59
56.04 81
56.06 75
56.08 80
56.1 67
56.12 72
56.14 65
56.16 66
56.18 66
56.2 57
56.22 67
56.24 60
56.26 71
56.28 75
56.3 60
56.32 53
56.34 60
56.36 77
56.38 78
56.4 58
56.42 68
56.44 62
56.46 44
56.48 58
56.5 75
56.52 59
56.54 50
56.56 79
56.58 53
56.6 65
56.62 59
56.64 56
56.66 69
56.68 72
56.7 56
56.72 66
56.74 63
56.76 55
56.78 56
56.8 58
56.82 57
56.84 66
56.86 58
56.88 65
56.9 66
56.92 61
56.94 64
56.96 51
56.98 60
57 55
57.02 59
57.04 51
57.06 63
57.08 76
57.1 60
57.12 75
57.14 65
57.16 69
57.18 62
57.2 51
57.22 60
57.24 65
57.26 56
57.28 63
57.3 54
57.32 53
57.34 49
57.36 57
57.38 64
57.4 59
57.42 63
57.44 72
57.46 75
57.48 62
57.5 50
57.52 67
57.54 62
57.56 66
57.58 53
57.6 60
57.62 71
57.64 48
57.66 67
57.68 67
57.7 58
57.72 61
57.74 59
57.76 63
57.78 64
57.8 58
57.82 70
57.84 60
57.86 64
57.88 58
57.9 45
57.92 70
57.94 67
57.96 53
57.98 49
58 56
58.02 59
58.04 53
58.06 62
58.08 77
58.1 75
58.12 70
58.14 72
58.16 65
58.18 75
58.2 59
58.22 47
58.24 56
58.26 51
58.28 71
58.3 57
58.32 56
58.34 79
58.36 68
58.38 57
58.4 55
58.42 54
58.44 67
58.46 53
58.48 52
58.5 63
58.52 69
58.54 51
58.56 60
58.58 63
58.6 59
58.62 67
58.64 63
58.66 59
58.68 73
58.7 58
58.72 64
58.74 62
58.76 59
58.78 70
58.8 52
58.82 68
58.84 71
58.86 69
58.88 54
58.9 63
58.92 61
58.94 65
58.96 53
58.98 61
59 70
59.02 61
59.04 64
59.06 54
59.08 53
59.1 49
59.12 53
59.14 65
59.16 57
59.18 69
59.2 54
59.22 83
59.24 61
59.26 65
59.28 50
59.3 62
59.32 79
59.34 67
59.36 60
59.38 70
59.4 58
59.42 63
59.44 64
59.46 62
59.48 70
59.5 54
59.52 65
59.54 64
59.56 65
59.58 79
59.6 61
59.62 58
59.64 59
59.66 60
59.68 65
59.7 66
59.72 55
59.74 67
59.76 58
59.78 56
59.8 55
59.82 67
59.84 79
59.86 45
59.88 72
59.9 56
59.92 64
59.94 74
59.96 79
59.98 63
60 69
60.02 62
60.04 63
60.06 63
60.08 76
60.1 59
60.12 64
60.14 58
60.16 65
60.18 63
60.2 67
60.22 70
60.24 63
60.26 52
60.28 55
60.3 62
60.32 68
60.34 78
60.36 62
60.38 66
60.4 67
60.42 59
60.44 59
60.46 69
60.48 62
60.5 57
60.52 49
60.54 69
60.56 59
60.58 46
60.6 74
60.62 64
60.64 46
60.66 62
60.68 75
60.7 64
60.72 84
60.74 81
60.76 66
60.78 66
60.8 73
60.82 71
60.84 66
60.86 62
60.88 53
60.9 67
60.92 61
60.94 65
60.96 68
60.98 59
61 66
61.02 66
61.04 67
61.06 67
61.08 62
61.1 71
61.12 61
61.14 61
61.16 66
61.18 50
61.2 65
61.22 68
61.24 63
61.26 56
61.28 72
61.3 52
61.32 82
61.34 62
61.36 68
61.38 62
61.4 61
61.42 82
61.44 66
61.46 61
61.48 59
61.5 76
61.52 63
61.54 55
61.56 52
61.58 65
61.6 68
61.62 72
61.64 54
61.66 59
61.68 66
61.7 57
61.72 58
61.74 65
61.76 65
61.78 56
61.8 56
61.82 58
61.84 74
61.86 61
61.88 79
61.9 62
61.92 74
61.94 68
61.96 68
61.98 77
62 71
62.02 69
62.04 64
62.06 59
62.08 68
62.1 61
62.12 80
62.14 65
62.16 71
62.18 64
62.2 77
62.22 70
62.24 60
62.26 83
62.28 66
62.3 69
62.32 86
62.34 79
62.36 80
62.38 62
62.4 71
62.42 75
62.44 70
62.46 54
62.48 78
62.5 83
62.52 79
62.54 85
62.56 95
62.58 94
62.6 67
62.62 85
62.64 71
62.66 78
62.68 80
62.7 96
62.72 97
62.74 97
62.76 95
62.78 108
62.8 143
62.82 166
62.84 232
62.86 409
62.88 713
62.9 1028
62.92 1201
62.94 1031
62.96 660
62.98 391
63 303
63.02 271
63.04 304
63.06 500
63.08 680
63.1 670
63.12 510
63.14 353
63.16 194
63.18 151
63.2 122
63.22 105
63.24 108
63.26 86
63.28 93
63.3 83
63.32 83
63.34 88
63.36 79
63.38 70
63.4 72
63.42 81
63.44 79
63.46 77
63.48 63
63.5 70
63.52 75
63.54 81
63.56 72
63.58 72
63.6 78
63.62 68
63.64 89
63.66 82
63.68 71
63.7 69
63.72 85
63.74 66
63.76 67
63.78 68
63.8 73
63.82 99
63.84 78
63.86 76
63.88 62
63.9 70
63.92 68
63.94 67
63.96 75
63.98 69
64 57
64.02 73
64.04 80
64.06 82
64.08 76
64.1 105
64.12 153
64.14 143
64.16 174
64.18 177
64.2 161
64.22 135
64.24 123
64.26 112
64.28 106
64.3 98
64.32 140
64.34 130
64.36 137
64.38 122
64.4 117
64.42 89
64.44 76
64.46 76
64.48 85
64.5 85
64.52 88
64.54 83
64.56 80
64.58 73
64.6 90
64.62 63
64.64 81
64.66 72
64.68 79
64.7 86
64.72 88
64.74 68
64.76 72
64.78 86
64.8 84
64.82 84
64.84 94
64.86 114
64.88 162
64.9 194
64.92 277
64.94 516
64.96 670
64.98 773
65 634
65.02 408
65.04 273
65.06 191
65.08 194
65.1 219
65.12 287
65.14 393
65.16 415
65.18 393
65.2 318
65.22 198
65.24 108
65.26 116
65.28 107
65.3 92
65.32 63
65.34 76
65.36 75
65.38 82
65.4 90
65.42 90
65.44 73
65.46 74
65.48 86
65.5 71
65.52 72
65.54 58
65.56 56
65.58 61
65.6 51
65.62 72
65.64 52
65.66 80
65.68 78
65.7 71
65.72 64
65.74 74
65.76 81
65.78 61
65.8 65
65.82 68
65.84 78
65.86 76
65.88 52
65.9 54
65.92 54
65.94 52
65.96 74
65.98 55
66 65
66.02 55
66.04 58
66.06 65
66.08 62
66.1 56
66.12 64
66.14 57
66.16 55
66.18 66
66.2 55
66.22 65
66.24 71
66.26 69
66.28 57
66.3 81
66.32 72
66.34 59
66.36 59
66.38 66
66.4 66
66.42 53
66.44 57
66.46 56
66.48 54
66.5 70
66.52 63
66.54 48
66.56 54
66.58 60
66.6 70
66.62 60
66.64 65
66.66 55
66.68 61
66.7 62
66.72 57
66.74 63
66.76 67
66.78 66
66.8 64
66.82 48
66.84 58
66.86 71
66.88 55
66.9 64
66.92 71
66.94 65
66.96 63
66.98 66
67 55
67.02 72
67.04 65
67.06 68
67.08 61
67.1 62
67.12 72
67.14 65
67.16 67
67.18 59
67.2 67
67.22 69
67.24 59
67.26 60
67.28 61
67.3 68
67.32 56
67.34 73
67.36 72
67.38 56
67.4 56
67.42 61
67.44 59
67.46 69
67.48 59
67.5 65
67.52 48
67.54 77
67.56 51
67.58 64
67.6 62
67.62 52
67.64 63
67.66 62
67.68 51
67.7 62
67.72 54
67.74 68
67.76 59
67.78 64
67.8 65
67.82 52
67.84 57
67.86 69
67.88 62
67.9 73
67.92 55
67.94 69
67.96 64
67.98 48
68 49
68.02 64
68.04 71
68.06 73
68.08 68
68.1 54
68.12 53
68.14 55
68.16 61
68.18 65
68.2 58
68.22 51
68.24 39
68.26 57
68.28 55
68.3 55
68.32 70
68.34 56
68.36 49
68.38 57
68.4 70
68.42 55
68.44 51
68.46 59
68.48 60
68.5 75
68.52 48
68.54 51
68.56 66
68.58 77
68.6 60
68.62 75
68.64 55
68.66 60
68.68 57
68.7 55
68.72 64
68.74 60
68.76 50
68.78 47
68.8 50
68.82 64
68.84 53
68.86 58
68.88 63
68.9 52
68.92 55
68.94 52
68.96 61
68.98 51
69 61
69.02 57
69.04 52
69.06 60
69.08 50
69.1 51
69.12 54
69.14 65
69.16 69
69.18 59
69.2 77
69.22 46
69.24 72
69.26 43
69.28 71
69.3 69
69.32 65
69.34 61
69.36 53
69.38 56
69.4 47
69.42 58
69.44 61
69.46 60
69.48 56
69.5 59
69.52 49
69.54 49
69.56 54
69.58 52
69.6 61
69.62 48
69.64 53
69.66 59
69.68 55
69.7 65
69.72 66
69.74 60
69.76 49
69.78 51
69.8 49
69.82 67
69.84 47
69.86 60
69.88 46
69.9 58
69.92 50
69.94 47
69.96 49
69.98 66
70 60
70.02 64
70.04 55
70.06 47
70.08 53
70.1 54
70.12 56
70.14 68
70.16 47
70.18 67
70.2 62
70.22 62
70.24 51
70.26 55
70.28 49
70.3 57
70.32 59
70.34 58
70.36 49
70.38 54
70.4 36
70.42 61
70.44 61
70.46 56
70.48 65
70.5 66
70.52 37
70.54 55
70.56 75
70.58 53
70.6 59
70.62 75
70.64 70
70.66 65
70.68 48
70.7 63
70.72 48
70.74 57
70.76 48
70.78 61
70.8 60
70.82 54
70.84 54
70.86 56
70.88 58
70.9 44
70.92 64
70.94 45
70.96 56
70.98 51
71 59
71.02 61
71.04 50
71.06 55
71.08 57
71.1 57
71.12 57
71.14 62
71.16 60
71.18 48
71.2 50
71.22 52
71.24 63
71.26 68
71.28 55
71.3 50
71.32 52
71.34 54
71.36 61
71.38 66
71.4 60
71.42 48
71.44 53
71.46 59
71.48 52
71.5 52
71.52 71
71.54 48
71.56 47
71.58 54
71.6 43
71.62 55
71.64 65
71.66 62
71.68 68
71.7 46
71.72 56
71.74 58
71.76 54
71.78 67
71.8 61
71.82 60
71.84 60
71.86 56
71.88 62
71.9 56
71.92 62
71.94 39
71.96 54
71.98 48
72 56
72.02 52
72.04 61
72.06 52
72.08 65
72.1 61
72.12 66
72.14 60
72.16 56
72.18 57
72.2 53
72.22 50
72.24 47
72.26 54
72.28 58
72.3 52
72.32 81
72.34 54
72.36 46
72.38 66
72.4 72
72.42 70
72.44 80
72.46 58
72.48 49
72.5 59
72.52 64
72.54 68
72.56 70
72.58 65
72.6 56
72.62 57
72.64 65
72.66 71
72.68 69
72.7 89
72.72 124
72.74 137
72.76 212
72.78 254
72.8 247
72.82 240
72.84 168
72.86 121
72.88 108
72.9 76
72.92 94
72.94 113
72.96 154
72.98 161
73 182
73.02 144
73.04 140
73.06 119
73.08 89
73.1 62
73.12 62
73.14 88
73.16 70
73.18 52
73.2 66
73.22 57
73.24 63
73.26 83
73.28 79
73.3 71
73.32 65
73.34 71
73.36 60
73.38 80
73.4 89
73.42 84
73.44 106
73.46 132
73.48 189
73.5 263
73.52 358
73.54 376
73.56 327
73.58 248
73.6 162
73.62 135
73.64 126
73.66 118
73.68 123
73.7 168
73.72 208
73.74 200
73.76 246
73.78 202
73.8 143
73.82 132
73.84 88
73.86 70
73.88 73
73.9 71
73.92 69
73.94 62
73.96 51
73.98 60
74 50
74.02 61
74.04 55
74.06 62
74.08 56
74.1 54
74.12 60
74.14 60
74.16 59
74.18 38
74.2 60
74.22 64
74.24 55
74.26 57
74.28 64
74.3 60
74.32 47
74.34 58
74.36 62
74.38 45
74.4 63
74.42 54
74.44 41
74.46 56
74.48 57
74.5 54
74.52 47
74.54 43
74.56 50
74.58 44
74.6 66
74.62 57
74.64 46
74.66 70
74.68 49
74.7 66
74.72 53
74.74 56
74.76 42
74.78 68
74.8 45
74.82 57
74.84 54
74.86 45
74.88 60
74.9 47
74.92 54
74.94 57
74.96 43
74.98 45
75 54
75.02 62
75.04 54
75.06 47
75.08 45
75.1 67
75.12 60
75.14 51
75.16 42
75.18 46
75.2 55
75.22 57
75.24 52
75.26 64
75.28 56
75.3 54
75.32 57
75.34 43
75.36 48
75.38 54
75.4 58
75.42 48
75.44 72
75.46 52
75.48 66
75.5 57
75.52 59
75.54 66
75.56 50
75.58 56
75.6 50
75.62 43
75.64 50
75.66 60
75.68 55
75.7 46
75.72 47
75.74 54
75.76 47
75.78 63
75.8 45
75.82 57
75.84 51
75.86 52
75.88 60
75.9 62
75.92 60
75.94 61
75.96 51
75.98 53
76 59
76.02 54
76.04 71
76.06 51
76.08 54
76.1 58
76.12 52
76.14 53
76.16 54
76.18 41
76.2 65
76.22 50
76.24 53
76.26 63
76.28 65
76.3 49
76.32 45
76.34 54
76.36 36
76.38 51
76.4 46
76.42 44
76.44 49
76.46 38
76.48 55
76.5 50
76.52 40
76.54 35
76.56 59
76.58 54
76.6 55
76.62 65
76.64 70
76.66 46
76.68 55
76.7 52
76.72 65
76.74 46
76.76 59
76.78 48
76.8 54
76.82 51
76.84 63
76.86 47
76.88 49
76.9 58
76.92 49
76.94 60
76.96 52
76.98 54
77 43
77.02 51
77.04 58
77.06 50
77.08 56
77.1 54
77.12 37
77.14 49
77.16 41
77.18 49
77.2 47
77.22 46
77.24 51
77.26 52
77.28 60
77.3 56
77.32 56
77.34 48
77.36 50
77.38 50
77.4 44
77.42 44
77.44 35
77.46 53
77.48 48
77.5 44
77.52 50
77.54 51
77.56 54
77.58 51
77.6 46
77.62 58
77.64 50
77.66 60
77.68 49
77.7 53
77.72 47
77.74 46
77.76 43
77.78 41
77.8 45
77.82 49
77.84 49
77.86 62
77.88 47
77.9 50
77.92 49
77.94 50
77.96 48
77.98 55
78 40
78.02 57
78.04 49
78.06 42
78.08 57
78.1 58
78.12 48
78.14 52
78.16 39
78.18 38
78.2 50
78.22 33
78.24 44
78.26 50
78.28 63
78.3 49
78.32 50
78.34 61
78.36 48
78.38 42
78.4 60
78.42 42
78.44 45
78.46 61
78.48 43
78.5 40
78.52 51
78.54 60
78.56 47
78.58 49
78.6 61
78.62 53
78.64 47
78.66 51
78.68 58
78.7 54
78.72 53
78.74 55
78.76 39
78.78 58
78.8 46
78.82 44
78.84 62
78.86 54
78.88 37
78.9 53
78.92 49
78.94 57
78.96 59
78.98 45
79 62
79.02 54
79.04 47
79.06 43
79.08 34
79.1 62
79.12 49
79.14 66
79.16 50
79.18 50
79.2 51
79.22 54
79.24 58
79.26 51
79.28 56
79.3 69
79.32 58
79.34 57
79.36 69
79.38 81
79.4 72
79.42 60
79.44 68
79.46 77
79.48 89
79.5 64
79.52 78
79.54 73
79.56 71
79.58 73
79.6 63
79.62 74
79.64 93
79.66 81
79.68 87
79.7 120
79.72 112
79.74 128
79.76 157
79.78 217
79.8 325
79.82 597
79.84 868
79.86 1099
79.88 1043
79.9 882
79.92 543
79.94 344
79.96 264
79.98 211
80 200
80.02 184
80.04 255
80.06 383
80.08 535
80.1 591
80.12 609
80.14 444
80.16 324
80.18 216
80.2 133
80.22 131
80.24 101
80.26 94
80.28 66
80.3 78
80.32 68
80.34 51
80.36 80
80.38 64
80.4 59
80.42 66
80.44 53
80.46 54
80.48 46
80.5 52
80.52 54
80.54 54
80.56 46
80.58 47
80.6 57
80.62 60
80.64 49
80.66 58
80.68 65
80.7 47
80.72 64
80.74 47
80.76 56
80.78 49
80.8 54
80.82 64
80.84 51
80.86 66
80.88 51
80.9 50
80.92 56
80.94 38
80.96 61
80.98 41
81 48
81.02 47
81.04 46
81.06 56
81.08 44
81.1 47
81.12 51
81.14 53
81.16 55
81.18 49
81.2 55
81.22 45
81.24 55
81.26 40
81.28 56
81.3 50
81.32 55
81.34 44
81.36 47
81.38 46
81.4 61
81.42 41
81.44 53
81.46 40
81.48 40
81.5 44
81.52 55
81.54 40
81.56 56
81.58 44
81.6 50
81.62 49
81.64 45
81.66 38
81.68 49
81.7 51
81.72 47
81.74 44
81.76 42
81.78 53
81.8 43
81.82 34
81.84 51
81.86 44
81.88 49
81.9 52
81.92 64
81.94 38
81.96 49
81.98 49
82 59
82.02 46
82.04 41
82.06 47
82.08 40
82.1 57
82.12 39
82.14 46
82.16 42
82.18 43
82.2 42
82.22 47
82.24 33
82.26 37
82.28 64
82.3 43
82.32 60
82.34 51
82.36 45
82.38 58
82.4 44
82.42 44
82.44 41
82.46 30
82.48 43
82.5 41
82.52 49
82.54 45
82.56 44
82.58 48
82.6 34
82.62 46
82.64 59
82.66 50
82.68 54
82.7 62
82.72 43
82.74 43
82.76 40
82.78 54
82.8 45
82.82 41
82.84 40
82.86 45
82.88 46
82.9 56
82.92 53
82.94 40
82.96 40
82.98 37
83 47
83.02 56
83.04 42
83.06 43
83.08 38
83.1 48
83.12 34
83.14 41
83.16 46
83.18 43
83.2 38
83.22 58
83.24 31
83.26 56
83.28 42
83.3 37
83.32 52
83.34 41
83.36 55
83.38 44
83.4 46
83.42 46
83.44 39
83.46 41
83.48 42
83.5 40
83.52 41
83.54 53
83.56 53
83.58 36
83.6 40
83.62 37
83.64 38
83.66 52
83.68 37
83.7 49
83.72 50
83.74 42
83.76 41
83.78 41
83.8 50
83.82 37
83.84 52
83.86 46
83.88 52
83.9 43
83.92 34
83.94 42
83.96 44
83.98 46
84 48
84.02 41
84.04 49
84.06 46
84.08 41
84.1 49
84.12 36
84.14 38
84.16 45
84.18 48
84.2 43
84.22 41
84.24 28
84.26 38
84.28 36
84.3 38
84.32 36
84.34 43
84.36 40
84.38 46
84.4 47
84.42 47
84.44 34
84.46 47
84.48 42
84.5 51
84.52 40
84.54 52
84.56 38
84.58 56
84.6 36
84.62 32
84.64 35
84.66 38
84.68 30
84.7 54
84.72 55
84.74 38
84.76 46
84.78 43
84.8 44
84.82 50
84.84 36
84.86 36
84.88 45
84.9 53
84.92 42
84.94 44
84.96 43
84.98 46
85 48
85.02 40
85.04 37
85.06 42
85.08 51
85.1 41
85.12 43
85.14 47
85.16 46
85.18 57
85.2 40
85.22 36
85.24 39
85.26 45
85.28 55
85.3 38
85.32 38
85.34 43
85.36 39
85.38 36
85.4 44
85.42 36
85.44 51
85.46 33
85.48 27
85.5 52
85.52 40
85.54 49
85.56 45
85.58 49
85.6 48
85.62 37
85.64 41
85.66 46
85.68 31
85.7 34
85.72 43
85.74 38
85.76 47
85.78 42
85.8 38
85.82 43
85.84 42
85.86 39
85.88 38
85.9 41
85.92 30
85.94 45
85.96 41
85.98 33
86 35
86.02 46
86.04 38
86.06 44
86.08 48
86.1 41
86.12 32
86.14 38
86.16 40
86.18 42
86.2 43
86.22 40
86.24 43
86.26 54
86.28 48
86.3 30
86.32 44
86.34 43
86.36 44
86.38 44
86.4 38
86.42 51
86.44 42
86.46 36
86.48 40
86.5 34
86.52 32
86.54 47
86.56 45
86.58 44
86.6 35
86.62 45
86.64 31
86.66 49
86.68 34
86.7 46
86.72 43
86.74 34
86.76 39
86.78 37
86.8 36
86.82 36
86.84 30
86.86 50
86.88 38
86.9 32
86.92 35
86.94 40
86.96 52
86.98 39
87 38
87.02 32
87.04 36
87.06 45
87.08 33
87.1 34
87.12 43
87.14 48
87.16 52
87.18 42
87.2 35
87.22 49
87.24 37
87.26 40
87.28 39
87.3 50
87.32 39
87.34 65
87.36 48
87.38 29
87.4 35
87.42 44
87.44 40
87.46 32
87.48 49
87.5 45
87.52 43
87.54 42
87.56 33
87.58 40
87.6 45
87.62 31
87.64 45
87.66 40
87.68 43
87.7 34
87.72 41
87.74 35
87.76 38
87.78 45
87.8 46
87.82 49
87.84 33
87.86 33
87.88 37
87.9 38
87.92 50
87.94 42
87.96 41
87.98 42
88 40
88.02 38
88.04 38
88.06 42
88.08 44
88.1 35
88.12 49
88.14 41
88.16 26
88.18 44
88.2 49
88.22 40
88.24 35
88.26 47
88.28 35
88.3 37
88.32 41
88.34 42
88.36 35
88.38 37
88.4 44
88.42 44
88.44 36
88.46 40
88.48 42
88.5 34
88.52 45
88.54 45
88.56 48
88.58 29
88.6 58
88.62 37
88.64 38
88.66 42
88.68 46
88.7 29
88.72 46
88.74 36
88.76 41
88.78 32
88.8 44
88.82 46
88.84 40
88.86 25
88.88 39
88.9 49
88.92 46
88.94 45
88.96 46
88.98 41
89 32
89.02 49
89.04 29
89.06 36
89.08 41
89.1 46
89.12 48
89.14 50
89.16 40
89.18 52
89.2 42
89.22 29
89.24 40
89.26 48
89.28 51
89.3 42
89.32 35
89.34 42
89.36 66
89.38 47
89.4 48
89.42 41
89.44 52
89.46 67
89.48 53
89.5 54
89.52 57
89.54 56
89.56 60
89.58 52
89.6 60
89.62 61
89.64 81
89.66 97
89.68 124
89.7 195
89.72 262
89.74 326
89.76 326
89.78 288
89.8 218
89.82 149
89.84 109
89.86 97
89.88 96
89.9 76
89.92 70
89.94 88
89.96 97
89.98 139
90 167
