[Header]
TITLE,MPMS RSO Measurement
BYAPP,MPMS Measurement,1.1,Summary
FILEOPENTIME, 1557474810.224000 5/10/2019, 4:53:30 PM

INFO, APPNAME, MPMS MultiVu Application, Revision 1.60,  Build 081

INFO, NAME, 
INFO, WEIGHT, 1.000
INFO, AREA, 1.000
INFO, LENGTH, 1.000
INFO, SHAPE, 0
INFO, COMMENT, 
INFO, SEQUENCE FILE: 190519_PlatedSn_onSi_5.seq


INFO, BACKGROUND DATA FILE:, None


STARTUPAXIS,X,4,LINEAR,AUTO,0.000000,0.000000
STARTUPAXIS,Y1,5,LINEAR,AUTO,0.000000,0.000000


STARTUPGROUP,Longitudinal
FIELDGROUP,Longitudinal,1,2,3,4,5,6,7,8,9,10,11,19,20,21,22,23,35
FIELDGROUP,Transverse,1,2,3,4,12,13,14,15,16,17,18,24,25,26,27,28,35

PLOT_APPEARANCE,ALL,HORZ_GRID_ON,VERT_GRID_ON,MARKERS_AND_LINES

[Data]
Time,Comment,Field (Oe),Temperature (K),Long Moment (emu),Long Scan Std Dev,Long Offset (cm),Long Offset Std Dev,Long Algorithm,Long Reg Fit,Long Reg Factor,Trans Moment (emu),Trans Scan Std Dev,Trans Offset (cm),Trans Offset Std Dev,Trans Algorithm,Trans Reg Fit,Trans Reg Factor,Long Moment [w/o ABS] (emu),Long Scan Std Dev [w/o ABS],Long Offset [w/o ABS] (cm),Long Offset Std Dev [w/o ABS],Long Reg Fit [w/o ABS],Trans Moment [w/o ABS] (emu),Trans Scan Std Dev [w/o ABS],Trans Offset [w/o ABS] (cm),Trans Offset Std Dev [w/o ABS],Trans Reg Fit [w/o ABS],RSO Position (deg),Amplitude (cm),Frequency,Cycles to Average,Scans per Measurement,Delta Temp (K),Error,EC Comp. Running,Using ABS,
1557474810.224,,1.000000e+001,3.900618e+002,7.561471e-007,5.150787e-009,-1.215079e-002,3.699120e-003,3,8.671821e-001,1.825000e+000,,,,,,,,,,,,,,,,,,0,4.000000e+000,1.500000e+000,2,2,2.349854e-002,0,,0,
1557474867.694,,1.000000e+001,3.887912e+002,7.698336e-007,3.312333e-008,-2.527967e-002,2.832646e-003,3,8.828301e-001,1.825000e+000,,,,,,,,,,,,,,,,,,0,4.000000e+000,1.500000e+000,2,2,3.268127e-001,0,,0,
1557474905.264,,1.000000e+001,3.877610e+002,6.649473e-007,1.790687e-008,-4.687182e-002,1.173779e-002,3,8.069021e-001,1.825000e+000,,,,,,,,,,,,,,,,,,0,4.000000e+000,1.500000e+000,2,2,3.016968e-001,0,,0,
1557474936.984,,1.000000e+001,3.866788e+002,6.758174e-007,4.341088e-008,-4.340500e-002,8.357219e-003,3,8.195375e-001,1.825000e+000,,,,,,,,,,,,,,,,,,0,4.000000e+000,1.500000e+000,2,2,4.617920e-001,0,,0,
1557474960.454,,1.000000e+001,3.854652e+002,7.384133e-007,2.613325e-008,-2.312232e-002,5.738202e-003,3,8.360075e-001,1.825000e+000,,,,,,,,,,,,,,,,,,0,4.000000e+000,1.500000e+000,2,2,7.797241e-001,0,,0,
1557474975.624,,1.000000e+001,3.843734e+002,7.054111e-007,4.540312e-008,-3.637603e-003,1.988541e-002,3,8.409697e-001,1.825000e+000,,,,,,,,,,,,,,,,,,0,4.000000e+000,1.500000e+000,2,2,1.003601e+000,0,,0,
1557474993.384,,1.000000e+001,3.828520e+002,7.171946e-007,1.257939e-008,-2.742324e-002,1.432796e-002,3,8.391756e-001,1.825000e+000,,,,,,,,,,,,,,,,,,0,4.000000e+000,1.500000e+000,2,2,1.175720e+000,0,,0,
1557475008.204,,1.000000e+001,3.813207e+002,7.196462e-007,4.413020e-009,-2.444307e-002,3.616805e-003,3,8.464085e-001,1.825000e+000,,,,,,,,,,,,,,,,,,0,4.000000e+000,1.500000e+000,2,2,1.435394e+000,0,,0,
1557475023.424,,1.000000e+001,3.795628e+002,6.683510e-007,9.103461e-009,-2.700689e-002,3.171009e-003,3,8.242332e-001,1.825000e+000,,,,,,,,,,,,,,,,,,0,4.000000e+000,1.500000e+000,2,2,1.355286e+000,0,,0,
1557475040.144,,1.000000e+001,3.774535e+002,7.226191e-007,2.156790e-008,-3.041591e-002,1.079192e-002,3,8.786443e-001,1.825000e+000,,,,,,,,,,,,,,,,,,0,4.000000e+000,1.500000e+000,2,2,1.471802e+000,0,,0,
1557475054.164,,1.000000e+001,3.756511e+002,7.311743e-007,2.410995e-008,-1.963165e-002,3.561969e-002,3,8.547083e-001,1.825000e+000,,,,,,,,,,,,,,,,,,0,4.000000e+000,1.500000e+000,2,2,1.739502e+000,0,,0,
1557475070.884,,1.000000e+001,3.732054e+002,7.314247e-007,1.118103e-008,-4.168794e-002,8.127382e-003,3,8.305607e-001,1.825000e+000,,,,,,,,,,,,,,,,,,0,4.000000e+000,1.500000e+000,2,2,1.843781e+000,0,,0,
1557475086.854,,1.000000e+001,3.706921e+002,7.643878e-007,1.303668e-008,-2.772929e-002,2.114871e-003,3,8.807359e-001,1.825000e+000,,,,,,,,,,,,,,,,,,0,4.000000e+000,1.500000e+000,2,2,1.902588e+000,0,,0,
1557475103.324,,1.000000e+001,3.681354e+002,6.943146e-007,8.590098e-009,-1.669325e-002,1.007182e-002,3,8.506065e-001,1.825000e+000,,,,,,,,,,,,,,,,,,0,4.000000e+000,1.500000e+000,2,2,1.646881e+000,0,,0,
1557475119.564,,1.000000e+001,3.653846e+002,7.125381e-007,1.187824e-008,-2.775514e-002,1.467067e-002,3,8.424070e-001,1.825000e+000,,,,,,,,,,,,,,,,,,0,4.000000e+000,1.500000e+000,2,2,1.744415e+000,0,,0,
1557475136.584,,1.000000e+001,3.625559e+002,7.764766e-007,2.074427e-008,-2.699500e-002,1.043375e-002,3,8.771555e-001,1.825000e+000,,,,,,,,,,,,,,,,,,0,4.000000e+000,1.500000e+000,2,2,2.160095e+000,0,,0,
1557475152.304,,1.000000e+001,3.597716e+002,7.177216e-007,2.116495e-008,-1.950332e-002,1.705900e-002,3,8.435949e-001,1.825000e+000,,,,,,,,,,,,,,,,,,0,4.000000e+000,1.500000e+000,2,2,1.648224e+000,0,,0,
1557475170.084,,1.000000e+001,3.566578e+002,7.406288e-007,1.714374e-008,-2.266693e-002,2.429970e-003,3,8.670939e-001,1.825000e+000,,,,,,,,,,,,,,,,,,0,4.000000e+000,1.500000e+000,2,2,2.262115e+000,0,,0,
1557475186.314,,1.000000e+001,3.537095e+002,7.642815e-007,1.166264e-008,-4.347965e-002,6.010343e-003,3,8.528109e-001,1.825000e+000,,,,,,,,,,,,,,,,,,0,4.000000e+000,1.500000e+000,2,2,2.146088e+000,0,,0,
1557475202.115,,1.000000e+001,3.507330e+002,7.425298e-007,7.392363e-008,-4.591304e-002,2.910925e-002,3,8.409178e-001,1.825000e+000,,,,,,,,,,,,,,,,,,0,4.000000e+000,1.500000e+000,2,2,2.333679e+000,0,,0,
1557475218.635,,1.000000e+001,3.477394e+002,7.371106e-007,6.239733e-008,-5.782639e-002,9.339241e-004,3,8.437943e-001,1.825000e+000,,,,,,,,,,,,,,,,,,0,4.000000e+000,1.500000e+000,2,2,2.161621e+000,0,,0,
1557475235.165,,1.000000e+001,3.446373e+002,7.723935e-007,8.378114e-009,-4.041354e-002,3.990063e-003,3,8.841569e-001,1.825000e+000,,,,,,,,,,,,,,,,,,0,4.000000e+000,1.500000e+000,2,2,2.375000e+000,0,,0,
1557475251.135,,1.000000e+001,3.415976e+002,7.043140e-007,3.810346e-009,-3.866678e-002,2.424164e-002,3,8.149617e-001,1.825000e+000,,,,,,,,,,,,,,,,,,0,4.000000e+000,1.500000e+000,2,2,2.204773e+000,0,,0,
1557475266.805,,1.000000e+001,3.385935e+002,7.460562e-007,1.139358e-008,-6.206040e-002,5.119394e-003,3,8.531340e-001,1.825000e+000,,,,,,,,,,,,,,,,,,0,4.000000e+000,1.500000e+000,2,2,2.198303e+000,0,,0,
1557475282.185,,1.000000e+001,3.356772e+002,7.813305e-007,5.082216e-009,-4.613135e-002,7.319195e-004,3,8.745446e-001,1.825000e+000,,,,,,,,,,,,,,,,,,0,4.000000e+000,1.500000e+000,2,2,2.133209e+000,0,,0,
1557475299.965,,1.000000e+001,3.325237e+002,7.611198e-007,6.667040e-009,-5.585810e-002,4.124457e-002,3,8.644550e-001,1.825000e+000,,,,,,,,,,,,,,,,,,0,4.000000e+000,1.500000e+000,2,2,2.233002e+000,0,,0,
1557475316.195,,1.000000e+001,3.293363e+002,7.903619e-007,3.638105e-008,-6.123953e-002,9.746530e-003,3,8.911405e-001,1.825000e+000,,,,,,,,,,,,,,,,,,0,4.000000e+000,1.500000e+000,2,2,2.223572e+000,0,,0,
1557475331.105,,1.000000e+001,3.265184e+002,7.447835e-007,1.648552e-008,-4.642166e-002,2.759062e-003,3,8.477255e-001,1.825000e+000,,,,,,,,,,,,,,,,,,0,4.000000e+000,1.500000e+000,2,2,2.036804e+000,0,,0,
1557475347.175,,1.000000e+001,3.234614e+002,7.416685e-007,5.412565e-008,-4.562230e-002,1.074859e-002,3,8.396981e-001,1.825000e+000,,,,,,,,,,,,,,,,,,0,4.000000e+000,1.500000e+000,2,2,2.028503e+000,0,,0,
1557475363.695,,1.000000e+001,3.203554e+002,7.433297e-007,2.059354e-008,-5.018289e-002,3.392898e-003,3,8.555747e-001,1.825000e+000,,,,,,,,,,,,,,,,,,0,4.000000e+000,1.500000e+000,2,2,2.204285e+000,0,,0,
1557475380.135,,1.000000e+001,3.174025e+002,7.533314e-007,1.709181e-008,-3.452843e-002,5.887577e-003,3,8.628331e-001,1.825000e+000,,,,,,,,,,,,,,,,,,0,4.000000e+000,1.500000e+000,2,2,2.239685e+000,0,,0,
1557475397.455,,1.000000e+001,3.141333e+002,7.520355e-007,6.628738e-008,-5.070176e-002,2.810797e-002,3,8.374802e-001,1.825000e+000,,,,,,,,,,,,,,,,,,0,4.000000e+000,1.500000e+000,2,2,2.203217e+000,0,,0,
1557475413.925,,1.000000e+001,3.110076e+002,7.287450e-007,1.548810e-008,-4.175299e-002,2.295698e-002,3,8.322122e-001,1.825000e+000,,,,,,,,,,,,,,,,,,0,4.000000e+000,1.500000e+000,2,2,2.219574e+000,0,,0,
1557475428.905,,1.000000e+001,3.083042e+002,7.349741e-007,4.349834e-010,-5.912245e-002,4.094540e-003,3,8.561380e-001,1.825000e+000,,,,,,,,,,,,,,,,,,0,4.000000e+000,1.500000e+000,2,2,2.003479e+000,0,,0,
1557475444.375,,1.000000e+001,3.054014e+002,7.470610e-007,1.481416e-008,-7.443805e-002,8.453320e-003,3,8.109071e-001,1.825000e+000,,,,,,,,,,,,,,,,,,0,4.000000e+000,1.500000e+000,2,2,2.020691e+000,0,,0,
1557475461.655,,1.000000e+001,3.023885e+002,7.457909e-007,3.415066e-008,-5.038293e-002,9.423113e-004,3,8.351696e-001,1.825000e+000,,,,,,,,,,,,,,,,,,0,4.000000e+000,1.500000e+000,2,2,2.377197e+000,0,,0,
1557475477.165,,1.000000e+001,2.994443e+002,7.689843e-007,4.746887e-008,-4.573239e-002,2.304287e-003,3,8.487067e-001,1.825000e+000,,,,,,,,,,,,,,,,,,0,4.000000e+000,1.500000e+000,2,2,2.194092e+000,0,,0,
1557475493.085,,1.000000e+001,2.968098e+002,8.216102e-007,4.855480e-009,-4.705321e-002,3.041377e-003,3,8.652720e-001,1.825000e+000,,,,,,,,,,,,,,,,,,0,4.000000e+000,1.500000e+000,2,2,2.127197e+000,0,,0,
1557475507.905,,1.000000e+001,2.941215e+002,7.567868e-007,1.758286e-008,-6.145083e-002,1.056336e-002,3,8.479717e-001,1.825000e+000,,,,,,,,,,,,,,,,,,0,4.000000e+000,1.500000e+000,2,2,1.956421e+000,0,,0,
1557475525.905,,1.000000e+001,2.909889e+002,8.001978e-007,3.297867e-009,-8.106264e-002,3.267091e-002,3,8.655362e-001,1.825000e+000,,,,,,,,,,,,,,,,,,0,4.000000e+000,1.500000e+000,2,2,2.294403e+000,0,,0,
1557475540.745,,1.000000e+001,2.884200e+002,7.288455e-007,8.871178e-009,-7.667910e-002,1.657798e-002,3,8.556254e-001,1.825000e+000,,,,,,,,,,,,,,,,,,0,4.000000e+000,1.500000e+000,2,2,2.152679e+000,0,,0,
1557475555.915,,1.000000e+001,2.857778e+002,7.602947e-007,2.390214e-008,-8.388101e-002,2.545465e-002,3,8.412880e-001,1.825000e+000,,,,,,,,,,,,,,,,,,0,4.000000e+000,1.500000e+000,2,2,1.929779e+000,0,,0,
1557475570.735,,1.000000e+001,2.833235e+002,8.538195e-007,2.363859e-008,-4.964601e-002,4.772735e-004,3,8.736611e-001,1.825000e+000,,,,,,,,,,,,,,,,,,0,4.000000e+000,1.500000e+000,2,2,2.149109e+000,0,,0,
1557475588.205,,1.000000e+001,2.804198e+002,7.897558e-007,4.229524e-008,-6.755288e-002,7.569466e-003,3,8.771421e-001,1.825000e+000,,,,,,,,,,,,,,,,,,0,4.000000e+000,1.500000e+000,2,2,1.891388e+000,0,,0,
1557475603.675,,1.000000e+001,2.776373e+002,7.779540e-007,3.908766e-008,-7.771881e-002,7.466367e-003,3,8.627523e-001,1.825000e+000,,,,,,,,,,,,,,,,,,0,4.000000e+000,1.500000e+000,2,2,1.680817e+000,0,,0,
1557475620.155,,1.000000e+001,2.749653e+002,7.906149e-007,3.502637e-008,-6.171359e-002,4.155916e-004,3,8.826337e-001,1.825000e+000,,,,,,,,,,,,,,,,,,0,4.000000e+000,1.500000e+000,2,2,1.838776e+000,0,,0,
1557475636.165,,1.000000e+001,2.724536e+002,7.434526e-007,2.338010e-008,-8.054823e-002,4.178085e-002,3,8.598319e-001,1.825000e+000,,,,,,,,,,,,,,,,,,0,4.000000e+000,1.500000e+000,2,2,1.850098e+000,0,,0,
1557475651.675,,1.000000e+001,2.699672e+002,7.916701e-007,9.809632e-008,-6.617270e-002,9.739449e-003,3,8.587818e-001,1.825000e+000,,,,,,,,,,,,,,,,,,0,4.000000e+000,1.500000e+000,2,2,1.835602e+000,0,,0,
1557475668.915,,1.000000e+001,2.672637e+002,8.097410e-007,5.664508e-008,-8.753131e-002,1.221312e-002,3,8.726146e-001,1.825000e+000,,,,,,,,,,,,,,,,,,0,4.000000e+000,1.500000e+000,2,2,1.818298e+000,0,,0,
1557475685.625,,1.000000e+001,2.645042e+002,7.738588e-007,4.227784e-008,-6.803574e-002,3.275441e-002,3,8.604479e-001,1.825000e+000,,,,,,,,,,,,,,,,,,0,4.000000e+000,1.500000e+000,2,2,1.800812e+000,0,,0,
1557475701.635,,1.000000e+001,2.621482e+002,7.351265e-007,6.204752e-008,-7.626228e-002,2.554593e-002,3,8.301157e-001,1.825000e+000,,,,,,,,,,,,,,,,,,0,4.000000e+000,1.500000e+000,2,2,1.789307e+000,0,,0,
1557475717.705,,1.000000e+001,2.595929e+002,7.889405e-007,1.095369e-007,-7.923081e-002,3.387869e-003,3,8.384005e-001,1.825000e+000,,,,,,,,,,,,,,,,,,0,4.000000e+000,1.500000e+000,2,2,1.753296e+000,0,,0,
1557475733.705,,1.000000e+001,2.572808e+002,7.465880e-007,6.594046e-008,-6.680536e-002,9.766618e-003,3,8.343606e-001,1.825000e+000,,,,,,,,,,,,,,,,,,0,4.000000e+000,1.500000e+000,2,2,1.772400e+000,0,,0,
1557475750.895,,1.000000e+001,2.546537e+002,7.764496e-007,1.862020e-008,-7.386091e-002,1.535009e-003,3,8.379069e-001,1.825000e+000,,,,,,,,,,,,,,,,,,0,4.000000e+000,1.500000e+000,2,2,1.717590e+000,0,,0,
1557475765.255,,1.000000e+001,2.524058e+002,7.435157e-007,4.677346e-008,-6.919009e-002,2.131493e-003,3,8.209434e-001,1.825000e+000,,,,,,,,,,,,,,,,,,0,4.000000e+000,1.500000e+000,2,2,1.716202e+000,0,,0,
1557475780.725,,1.000000e+001,2.502480e+002,8.056556e-007,2.589128e-008,-5.914158e-002,2.733382e-002,3,8.611535e-001,1.825000e+000,,,,,,,,,,,,,,,,,,0,4.000000e+000,1.500000e+000,2,2,1.695709e+000,0,,0,
1557475796.985,,1.000000e+001,2.478745e+002,7.779424e-007,2.608940e-008,-8.675449e-002,3.128929e-004,3,8.806661e-001,1.825000e+000,,,,,,,,,,,,,,,,,,0,4.000000e+000,1.500000e+000,2,2,1.684601e+000,0,,0,
1557475812.245,,1.000000e+001,2.456375e+002,7.910752e-007,1.438259e-008,-7.677811e-002,1.333421e-002,3,8.860571e-001,1.825000e+000,,,,,,,,,,,,,,,,,,0,4.000000e+000,1.500000e+000,2,2,1.860901e+000,0,,0,
1557475827.425,,1.000000e+001,2.434947e+002,8.173813e-007,3.551096e-008,-7.155511e-002,2.866381e-003,3,8.561271e-001,1.825000e+000,,,,,,,,,,,,,,,,,,0,4.000000e+000,1.500000e+000,2,2,1.650406e+000,0,,0,
1557475842.745,,1.000000e+001,2.413849e+002,7.621308e-007,6.698862e-008,-9.217769e-002,9.225877e-003,3,8.509127e-001,1.825000e+000,,,,,,,,,,,,,,,,,,0,4.000000e+000,1.500000e+000,2,2,1.831009e+000,0,,0,
1557475858.965,,1.000000e+001,2.390590e+002,7.796810e-007,2.739560e-008,-9.304594e-002,1.884701e-002,3,8.736597e-001,1.825000e+000,,,,,,,,,,,,,,,,,,0,4.000000e+000,1.500000e+000,2,2,1.627487e+000,0,,0,
1557475875.475,,1.000000e+001,2.368631e+002,8.084764e-007,5.041587e-008,-9.658854e-002,6.156296e-003,3,8.562012e-001,1.825000e+000,,,,,,,,,,,,,,,,,,0,4.000000e+000,1.500000e+000,2,2,1.605103e+000,0,,0,
1557475891.445,,1.000000e+001,2.347230e+002,7.787343e-007,3.598682e-008,-5.888270e-002,3.062364e-003,3,8.507048e-001,1.825000e+000,,,,,,,,,,,,,,,,,,0,4.000000e+000,1.500000e+000,2,2,1.436493e+000,0,,0,
1557475905.355,,1.000000e+001,2.328381e+002,7.665146e-007,5.121305e-008,-7.568423e-002,2.062688e-003,3,8.388603e-001,1.825000e+000,,,,,,,,,,,,,,,,,,0,4.000000e+000,1.500000e+000,2,2,1.741791e+000,0,,0,
1557475920.986,,1.000000e+001,2.307399e+002,8.146094e-007,2.863620e-008,-6.487633e-002,8.084403e-003,3,8.824605e-001,1.825000e+000,,,,,,,,,,,,,,,,,,0,4.000000e+000,1.500000e+000,2,2,1.405411e+000,0,,0,
1557475937.246,,1.000000e+001,2.286213e+002,8.090831e-007,2.252110e-008,-6.892049e-002,6.699589e-003,3,8.708276e-001,1.825000e+000,,,,,,,,,,,,,,,,,,0,4.000000e+000,1.500000e+000,2,2,1.552094e+000,0,,0,
1557475952.236,,1.000000e+001,2.267950e+002,7.585432e-007,1.052819e-008,-7.868290e-002,2.484832e-002,3,8.589253e-001,1.825000e+000,,,,,,,,,,,,,,,,,,0,4.000000e+000,1.500000e+000,2,2,1.728806e+000,0,,0,
1557475968.456,,1.000000e+001,2.247049e+002,8.051462e-007,2.556615e-008,-7.800718e-002,1.111138e-003,3,8.886235e-001,1.825000e+000,,,,,,,,,,,,,,,,,,0,4.000000e+000,1.500000e+000,2,2,1.365097e+000,0,,0,
1557475982.946,,1.000000e+001,2.228728e+002,7.952516e-007,6.240461e-008,-6.034150e-002,1.011041e-002,3,8.750108e-001,1.825000e+000,,,,,,,,,,,,,,,,,,0,4.000000e+000,1.500000e+000,2,2,1.380905e+000,0,,0,
1557475998.206,,1.000000e+001,2.209091e+002,8.290523e-007,4.905140e-008,-5.938295e-002,1.089930e-002,3,8.797326e-001,1.825000e+000,,,,,,,,,,,,,,,,,,0,4.000000e+000,1.500000e+000,2,2,1.642303e+000,0,,0,
1557476012.926,,1.000000e+001,2.190462e+002,8.028006e-007,8.189024e-008,-7.435022e-002,9.289028e-003,3,8.633245e-001,1.825000e+000,,,,,,,,,,,,,,,,,,0,4.000000e+000,1.500000e+000,2,2,1.652603e+000,0,,0,
1557476028.896,,1.000000e+001,2.171368e+002,7.837837e-007,3.821572e-008,-9.323812e-002,1.730226e-002,3,8.655504e-001,1.825000e+000,,,,,,,,,,,,,,,,,,0,4.000000e+000,1.500000e+000,2,2,1.327698e+000,0,,0,
1557476044.866,,1.000000e+001,2.152653e+002,7.739069e-007,3.936982e-008,-7.308343e-002,6.225843e-003,3,8.543305e-001,1.825000e+000,,,,,,,,,,,,,,,,,,0,4.000000e+000,1.500000e+000,2,2,1.459106e+000,0,,0,
1557476058.896,,1.000000e+001,2.135130e+002,8.102837e-007,1.952743e-008,-7.202352e-002,5.893447e-003,3,8.695397e-001,1.825000e+000,,,,,,,,,,,,,,,,,,0,4.000000e+000,1.500000e+000,2,2,1.305496e+000,0,,0,
1557476074.216,,1.000000e+001,2.118154e+002,7.676209e-007,2.366680e-008,-7.333018e-002,1.398396e-002,3,8.331906e-001,1.825000e+000,,,,,,,,,,,,,,,,,,0,4.000000e+000,1.500000e+000,2,2,1.447510e+000,0,,0,
1557476088.376,,1.000000e+001,2.100774e+002,7.891492e-007,6.563837e-008,-7.582887e-002,3.754847e-003,3,8.444561e-001,1.825000e+000,,,,,,,,,,,,,,,,,,0,4.000000e+000,1.500000e+000,2,2,1.578705e+000,0,,0,
1557476103.016,,1.000000e+001,2.084689e+002,7.528710e-007,2.659525e-008,-7.656793e-002,2.531248e-002,3,8.551499e-001,1.825000e+000,,,,,,,,,,,,,,,,,,0,4.000000e+000,1.500000e+000,2,2,1.409409e+000,0,,0,
1557476116.276,,1.000000e+001,2.069533e+002,7.761076e-007,4.913480e-008,-8.192389e-002,9.555154e-003,3,8.608164e-001,1.825000e+000,,,,,,,,,,,,,,,,,,0,4.000000e+000,1.500000e+000,2,2,1.280701e+000,0,,0,
1557476130.826,,1.000000e+001,2.053304e+002,8.064769e-007,5.997000e-010,-6.631634e-002,1.213650e-002,3,8.507563e-001,1.825000e+000,,,,,,,,,,,,,,,,,,0,4.000000e+000,1.500000e+000,2,2,1.097412e+000,0,,0,
1557476145.306,,1.000000e+001,2.036817e+002,8.091546e-007,3.199311e-009,-6.787562e-002,1.011354e-002,3,8.695886e-001,1.825000e+000,,,,,,,,,,,,,,,,,,0,4.000000e+000,1.500000e+000,2,2,1.098907e+000,0,,0,
1557476161.526,,1.000000e+001,2.018504e+002,8.274299e-007,5.114902e-008,-7.844609e-002,1.273520e-002,3,8.644789e-001,1.825000e+000,,,,,,,,,,,,,,,,,,0,4.000000e+000,1.500000e+000,2,2,1.338196e+000,0,,0,
1557476175.806,,1.000000e+001,2.002536e+002,7.742831e-007,1.556515e-008,-7.178953e-002,8.268121e-003,3,8.498509e-001,1.825000e+000,,,,,,,,,,,,,,,,,,0,4.000000e+000,1.500000e+000,2,2,1.354691e+000,0,,0,
1557476191.276,,1.000000e+001,1.985342e+002,8.195907e-007,2.644954e-008,-7.872387e-002,2.290502e-003,3,8.655899e-001,1.825000e+000,,,,,,,,,,,,,,,,,,0,4.000000e+000,1.500000e+000,2,2,1.250000e+000,0,,0,
1557476203.996,,1.000000e+001,1.970803e+002,7.827907e-007,1.062655e-008,-9.934959e-002,8.589000e-003,3,8.731416e-001,1.825000e+000,,,,,,,,,,,,,,,,,,0,4.000000e+000,1.500000e+000,2,2,1.426498e+000,0,,0,
1557476219.266,,1.000000e+001,1.952601e+002,8.224895e-007,1.934547e-008,-5.639548e-002,8.002438e-003,3,8.880996e-001,1.825000e+000,,,,,,,,,,,,,,,,,,0,4.000000e+000,1.500000e+000,2,2,1.447998e+000,0,,0,
1557476233.486,,1.000000e+001,1.936231e+002,7.696816e-007,9.547890e-009,-8.353824e-002,2.540942e-002,3,8.168168e-001,1.825000e+000,,,,,,,,,,,,,,,,,,0,4.000000e+000,1.500000e+000,2,2,1.505508e+000,0,,0,
1557476248.706,,1.000000e+001,1.917295e+002,7.975651e-007,7.083051e-010,-9.797978e-002,5.072884e-003,3,8.388337e-001,1.825000e+000,,,,,,,,,,,,,,,,,,0,4.000000e+000,1.500000e+000,2,2,1.387192e+000,0,,0,
1557476262.206,,1.000000e+001,1.900132e+002,8.292020e-007,1.572275e-008,-6.999104e-002,1.454374e-002,3,8.601248e-001,1.825000e+000,,,,,,,,,,,,,,,,,,0,4.000000e+000,1.500000e+000,2,2,1.585007e+000,0,,0,
1557476277.456,,1.000000e+001,1.880629e+002,8.086723e-007,2.241346e-008,-6.687279e-002,8.243508e-003,3,8.624173e-001,1.825000e+000,,,,,,,,,,,,,,,,,,0,4.000000e+000,1.500000e+000,2,2,1.601791e+000,0,,0,
1557476291.396,,1.000000e+001,1.862612e+002,7.816121e-007,3.651337e-008,-6.169635e-002,2.771116e-003,3,8.646179e-001,1.825000e+000,,,,,,,,,,,,,,,,,,0,4.000000e+000,1.500000e+000,2,2,1.346603e+000,0,,0,
1557476306.516,,1.000000e+001,1.842348e+002,8.101217e-007,3.802475e-008,-8.071312e-002,7.336528e-003,3,8.907390e-001,1.825000e+000,,,,,,,,,,,,,,,,,,0,4.000000e+000,1.500000e+000,2,2,1.515793e+000,0,,0,
1557476320.546,,1.000000e+001,1.824356e+002,8.045789e-007,1.990409e-008,-5.984128e-002,9.397809e-003,3,8.735574e-001,1.825000e+000,,,,,,,,,,,,,,,,,,0,4.000000e+000,1.500000e+000,2,2,1.716202e+000,0,,0,
1557476336.276,,1.000000e+001,1.803071e+002,7.914091e-007,5.167171e-008,-7.617811e-002,1.397857e-002,3,8.647263e-001,1.825000e+000,,,,,,,,,,,,,,,,,,0,4.000000e+000,1.500000e+000,2,2,1.729202e+000,0,,0,
1557476350.816,,1.000000e+001,1.783284e+002,7.927453e-007,2.837292e-008,-8.180903e-002,1.024132e-002,3,8.324450e-001,1.825000e+000,,,,,,,,,,,,,,,,,,0,4.000000e+000,1.500000e+000,2,2,1.596603e+000,0,,0,
1557476366.536,,1.000000e+001,1.761493e+002,8.294346e-007,3.815056e-008,-7.994308e-002,9.619170e-003,3,8.640020e-001,1.825000e+000,,,,,,,,,,,,,,,,,,0,4.000000e+000,1.500000e+000,2,2,1.455795e+000,0,,0,
1557476381.006,,1.000000e+001,1.740313e+002,8.190370e-007,5.633976e-008,-6.502055e-002,1.545286e-002,3,8.730003e-001,1.825000e+000,,,,,,,,,,,,,,,,,,0,4.000000e+000,1.500000e+000,2,2,1.483704e+000,0,,0,
1557476394.976,,1.000000e+001,1.720733e+002,8.297549e-007,6.659330e-008,-6.289455e-002,8.392020e-003,3,8.607582e-001,1.825000e+000,,,,,,,,,,,,,,,,,,0,4.000000e+000,1.500000e+000,2,2,1.694992e+000,0,,0,
1557476409.446,,1.000000e+001,1.700037e+002,8.549316e-007,1.451471e-008,-6.176935e-002,1.919656e-002,3,8.864565e-001,1.825000e+000,,,,,,,,,,,,,,,,,,0,4.000000e+000,1.500000e+000,2,2,1.527298e+000,0,,0,
1557476425.216,,1.000000e+001,1.677618e+002,7.894133e-007,4.123621e-009,-6.238677e-002,4.366332e-003,3,8.285728e-001,1.825000e+000,,,,,,,,,,,,,,,,,,0,4.000000e+000,1.500000e+000,2,2,1.546402e+000,0,,0,
1557476440.936,,1.000000e+001,1.654086e+002,8.003553e-007,1.122022e-008,-7.781724e-002,1.802347e-003,3,8.591993e-001,1.825000e+000,,,,,,,,,,,,,,,,,,0,4.000000e+000,1.500000e+000,2,2,1.764404e+000,0,,0,
1557476455.906,,1.000000e+001,1.632849e+002,8.235432e-007,1.722622e-008,-7.576945e-002,6.513163e-003,3,8.697950e-001,1.825000e+000,,,,,,,,,,,,,,,,,,0,4.000000e+000,1.500000e+000,2,2,1.796997e+000,0,,0,
1557476470.506,,1.000000e+001,1.609501e+002,8.226285e-007,5.838594e-009,-7.858714e-002,8.343422e-003,3,8.730698e-001,1.825000e+000,,,,,,,,,,,,,,,,,,0,4.000000e+000,1.500000e+000,2,2,1.794189e+000,0,,0,
1557476486.176,,1.000000e+001,1.587538e+002,8.080742e-007,3.297514e-008,-7.169437e-002,7.243500e-003,3,8.669242e-001,1.825000e+000,,,,,,,,,,,,,,,,,,0,4.000000e+000,1.500000e+000,2,2,1.843201e+000,0,,0,
1557476501.996,,1.000000e+001,1.563304e+002,8.232049e-007,1.532792e-008,-8.182619e-002,1.403258e-003,3,8.630753e-001,1.825000e+000,,,,,,,,,,,,,,,,,,0,4.000000e+000,1.500000e+000,2,2,1.879807e+000,0,,0,
1557476516.246,,1.000000e+001,1.539784e+002,8.075586e-007,2.223022e-008,-9.897313e-002,1.288102e-003,3,8.666281e-001,1.825000e+000,,,,,,,,,,,,,,,,,,0,4.000000e+000,1.500000e+000,2,2,1.522095e+000,0,,0,
1557476530.466,,1.000000e+001,1.517101e+002,8.323245e-007,8.194386e-009,-6.685488e-002,6.818019e-003,3,8.610808e-001,1.825000e+000,,,,,,,,,,,,,,,,,,0,4.000000e+000,1.500000e+000,2,2,1.549194e+000,0,,0,
1557476545.476,,1.000000e+001,1.494508e+002,7.838214e-007,4.588066e-009,-9.033367e-002,2.540405e-002,3,8.192853e-001,1.825000e+000,,,,,,,,,,,,,,,,,,0,4.000000e+000,1.500000e+000,2,2,1.774506e+000,0,,0,
1557476561.256,,1.000000e+001,1.471007e+002,8.150291e-007,1.096386e-008,-5.084237e-002,5.774268e-003,3,8.489332e-001,1.825000e+000,,,,,,,,,,,,,,,,,,0,4.000000e+000,1.500000e+000,2,2,1.811600e+000,0,,0,
1557476576.006,,1.000000e+001,1.447159e+002,8.354097e-007,2.460225e-008,-7.668494e-002,6.963813e-003,3,8.668855e-001,1.825000e+000,,,,,,,,,,,,,,,,,,0,4.000000e+000,1.500000e+000,2,2,1.843399e+000,0,,0,
1557476592.476,,1.000000e+001,1.420235e+002,8.414334e-007,9.800834e-009,-6.466712e-002,1.064625e-002,3,8.886081e-001,1.825000e+000,,,,,,,,,,,,,,,,,,0,4.000000e+000,1.500000e+000,2,2,1.887100e+000,0,,0,
1557476607.956,,1.000000e+001,1.395367e+002,8.194845e-007,3.241704e-008,-7.994679e-002,2.033510e-002,3,8.411914e-001,1.825000e+000,,,,,,,,,,,,,,,,,,0,4.000000e+000,1.500000e+000,2,2,2.152695e+000,0,,0,
1557476624.176,,1.000000e+001,1.367817e+002,8.104679e-007,1.118569e-008,-8.368780e-002,2.918870e-002,3,8.156554e-001,1.825000e+000,,,,,,,,,,,,,,,,,,0,4.000000e+000,1.500000e+000,2,2,1.968002e+000,0,,0,
1557476639.337,,1.000000e+001,1.341788e+002,8.393939e-007,5.380832e-008,-6.717589e-002,2.483503e-004,3,8.450940e-001,1.825000e+000,,,,,,,,,,,,,,,,,,0,4.000000e+000,1.500000e+000,2,2,1.793304e+000,0,,0,
1557476654.967,,1.000000e+001,1.315053e+002,8.221459e-007,3.646333e-008,-6.726043e-002,2.145251e-002,3,8.445864e-001,1.825000e+000,,,,,,,,,,,,,,,,,,0,4.000000e+000,1.500000e+000,2,2,1.802200e+000,0,,0,
1557476671.117,,1.000000e+001,1.286404e+002,8.162163e-007,3.622356e-008,-7.188734e-002,1.611938e-002,3,8.222573e-001,1.825000e+000,,,,,,,,,,,,,,,,,,0,4.000000e+000,1.500000e+000,2,2,2.055298e+000,0,,0,
1557476685.937,,1.000000e+001,1.261354e+002,8.148580e-007,4.533418e-008,-8.183928e-002,1.433862e-003,3,8.738153e-001,1.825000e+000,,,,,,,,,,,,,,,,,,0,4.000000e+000,1.500000e+000,2,2,2.107498e+000,0,,0,
1557476701.457,,1.000000e+001,1.232987e+002,8.412178e-007,1.541960e-008,-7.424690e-002,7.875955e-003,3,8.525297e-001,1.825000e+000,,,,,,,,,,,,,,,,,,0,4.000000e+000,1.500000e+000,2,2,1.933998e+000,0,,0,
1557476716.177,,1.000000e+001,1.207219e+002,8.258655e-007,8.595565e-009,-7.597736e-002,1.513679e-002,3,8.694766e-001,1.825000e+000,,,,,,,,,,,,,,,,,,0,4.000000e+000,1.500000e+000,2,2,1.980598e+000,0,,0,
1557476732.717,,1.000000e+001,1.176308e+002,7.892756e-007,1.542901e-009,-7.897024e-002,1.175791e-002,3,8.104850e-001,1.825000e+000,,,,,,,,,,,,,,,,,,0,4.000000e+000,1.500000e+000,2,2,2.267403e+000,0,,0,
1557476748.187,,1.000000e+001,1.147063e+002,8.053436e-007,2.378433e-008,-6.340061e-002,1.809024e-002,3,8.464430e-001,1.825000e+000,,,,,,,,,,,,,,,,,,0,4.000000e+000,1.500000e+000,2,2,2.344398e+000,0,,0,
1557476763.157,,1.000000e+001,1.120217e+002,8.376554e-007,3.474176e-008,-6.904472e-002,3.184574e-003,3,8.684541e-001,1.825000e+000,,,,,,,,,,,,,,,,,,0,4.000000e+000,1.500000e+000,2,2,2.093102e+000,0,,0,
1557476778.327,,1.000000e+001,1.090330e+002,8.296847e-007,3.434339e-008,-7.244260e-002,1.952817e-002,3,8.513653e-001,1.825000e+000,,,,,,,,,,,,,,,,,,0,4.000000e+000,1.500000e+000,2,2,2.586502e+000,0,,0,
1557476793.897,,1.000000e+001,1.059295e+002,8.272424e-007,3.644560e-008,-6.646816e-002,1.283311e-002,3,8.706521e-001,1.825000e+000,,,,,,,,,,,,,,,,,,0,4.000000e+000,1.500000e+000,2,2,2.111404e+000,0,,0,
1557476808.567,,1.000000e+001,1.031537e+002,8.247906e-007,3.581708e-008,-5.751812e-002,2.653848e-002,3,8.641717e-001,1.825000e+000,,,,,,,,,,,,,,,,,,0,4.000000e+000,1.500000e+000,2,2,1.910896e+000,0,,0,
1557476823.837,,1.000000e+001,1.001577e+002,7.907720e-007,4.032609e-008,-7.127877e-002,1.471887e-002,3,8.394198e-001,1.825000e+000,,,,,,,,,,,,,,,,,,0,4.000000e+000,1.500000e+000,2,2,2.336555e+000,0,,0,
1557476839.657,,1.000000e+001,9.695550e+001,8.122431e-007,6.662068e-008,-6.212024e-002,8.853709e-004,3,8.218176e-001,1.825000e+000,,,,,,,,,,,,,,,,,,0,4.000000e+000,1.500000e+000,2,2,2.615486e+000,0,,0,
1557476854.427,,1.000000e+001,9.392187e+001,7.960665e-007,2.740275e-008,-9.207527e-002,1.529467e-002,3,8.364308e-001,1.825000e+000,,,,,,,,,,,,,,,,,,0,4.000000e+000,1.500000e+000,2,2,2.474815e+000,0,,0,
1557476870.147,,1.000000e+001,9.050668e+001,8.056539e-007,1.586444e-008,-6.575423e-002,1.169895e-002,3,8.492533e-001,1.825000e+000,,,,,,,,,,,,,,,,,,0,4.000000e+000,1.500000e+000,2,2,2.296295e+000,0,,0,
1557476884.797,,1.000000e+001,8.715757e+001,8.444205e-007,4.004589e-008,-5.177235e-002,8.319398e-003,3,8.618654e-001,1.825000e+000,,,,,,,,,,,,,,,,,,0,4.000000e+000,1.500000e+000,2,2,2.338760e+000,0,,0,
1557476900.627,,1.000000e+001,8.385597e+001,8.450571e-007,3.780441e-008,-7.772516e-002,7.330338e-003,3,8.646994e-001,1.825000e+000,,,,,,,,,,,,,,,,,,0,4.000000e+000,1.500000e+000,2,2,2.655930e+000,0,,0,
1557476915.807,,1.000000e+001,8.034643e+001,7.961081e-007,1.866345e-009,-6.590518e-002,5.358737e-003,3,8.252433e-001,1.825000e+000,,,,,,,,,,,,,,,,,,0,4.000000e+000,1.500000e+000,2,2,2.152565e+000,0,,0,
1557476931.127,,1.000000e+001,7.696091e+001,8.561897e-007,1.157256e-008,-5.237110e-002,1.467373e-002,3,8.775206e-001,1.825000e+000,,,,,,,,,,,,,,,,,,0,4.000000e+000,1.500000e+000,2,2,2.438637e+000,0,,0,
1557476945.597,,1.000000e+001,7.376155e+001,8.280303e-007,9.412395e-009,-6.145396e-002,1.981549e-002,3,8.368904e-001,1.825000e+000,,,,,,,,,,,,,,,,,,0,4.000000e+000,1.500000e+000,2,2,2.417664e+000,0,,0,
1557476961.217,,1.000000e+001,7.060142e+001,8.141476e-007,5.973840e-008,-6.116101e-002,2.237312e-002,3,8.569767e-001,1.825000e+000,,,,,,,,,,,,,,,,,,0,4.000000e+000,1.500000e+000,2,2,2.127998e+000,0,,0,
1557476978.617,,1.000000e+001,6.697305e+001,8.065660e-007,1.983552e-009,-8.546031e-002,4.676920e-002,3,8.222347e-001,1.825000e+000,,,,,,,,,,,,,,,,,,0,4.000000e+000,1.500000e+000,2,2,2.340858e+000,0,,0,
1557476993.187,,1.000000e+001,6.391908e+001,8.502616e-007,8.539410e-008,-6.693390e-002,1.987985e-002,3,8.424294e-001,1.825000e+000,,,,,,,,,,,,,,,,,,0,4.000000e+000,1.500000e+000,2,2,1.728912e+000,0,,0,
1557477008.927,,1.000000e+001,6.084720e+001,8.166826e-007,1.860276e-009,-9.061143e-002,9.076319e-003,3,8.284539e-001,1.825000e+000,,,,,,,,,,,,,,,,,,0,4.000000e+000,1.500000e+000,2,2,1.913109e+000,0,,0,
1557477024.207,,1.000000e+001,5.814069e+001,8.555783e-007,2.883419e-008,-5.786303e-002,1.751094e-003,3,8.776243e-001,1.825000e+000,,,,,,,,,,,,,,,,,,0,4.000000e+000,1.500000e+000,2,2,2.102322e+000,0,,0,
1557477039.927,,1.000000e+001,5.519461e+001,8.428407e-007,3.071042e-008,-6.859944e-002,1.498408e-002,3,8.787726e-001,1.825000e+000,,,,,,,,,,,,,,,,,,0,4.000000e+000,1.500000e+000,2,2,2.072247e+000,0,,0,
1557477056.167,,1.000000e+001,5.226866e+001,8.427745e-007,8.053705e-009,-8.117634e-002,1.365897e-002,3,8.656444e-001,1.825000e+000,,,,,,,,,,,,,,,,,,0,4.000000e+000,1.500000e+000,2,2,2.099392e+000,0,,0,
1557477070.657,,1.000000e+001,4.973978e+001,8.401873e-007,6.221783e-008,-6.396479e-002,1.255460e-002,3,8.619733e-001,1.825000e+000,,,,,,,,,,,,,,,,,,0,4.000000e+000,1.500000e+000,2,2,2.077019e+000,0,,0,
1557477085.917,,1.000000e+001,4.675646e+001,8.563552e-007,1.119883e-008,-6.978314e-002,1.483429e-002,3,8.672868e-001,1.825000e+000,,,,,,,,,,,,,,,,,,0,4.000000e+000,1.500000e+000,2,2,1.974133e+000,0,,0,
1557477101.147,,1.000000e+001,4.381381e+001,8.439036e-007,4.931768e-008,-6.468934e-002,2.155232e-004,3,8.540033e-001,1.825000e+000,,,,,,,,,,,,,,,,,,0,4.000000e+000,1.500000e+000,2,2,2.508400e+000,0,,0,
1557477116.137,,1.000000e+001,4.087567e+001,8.682608e-007,1.120607e-008,-6.025220e-002,2.139743e-004,3,9.054539e-001,1.825000e+000,,,,,,,,,,,,,,,,,,0,4.000000e+000,1.500000e+000,2,2,2.706421e+000,0,,0,
1557477131.607,,1.000000e+001,3.741677e+001,8.349639e-007,2.355048e-008,-5.830456e-002,2.807746e-002,3,8.595591e-001,1.825000e+000,,,,,,,,,,,,,,,,,,0,4.000000e+000,1.500000e+000,2,2,2.532532e+000,0,,0,
1557477146.857,,1.000000e+001,3.362621e+001,8.131016e-007,4.219906e-008,-8.534241e-002,1.980627e-002,3,8.615913e-001,1.825000e+000,,,,,,,,,,,,,,,,,,0,4.000000e+000,1.500000e+000,2,2,2.993999e+000,0,,0,
1557477162.327,,1.000000e+001,2.894664e+001,7.934526e-007,5.163891e-009,-8.500044e-002,2.491790e-003,3,8.460343e-001,1.825000e+000,,,,,,,,,,,,,,,,,,0,4.000000e+000,1.500000e+000,2,2,3.867180e+000,0,,0,
1557477176.827,,1.000000e+001,2.359639e+001,8.524996e-007,2.201285e-008,-6.322505e-002,1.472816e-002,3,8.476199e-001,1.825000e+000,,,,,,,,,,,,,,,,,,0,4.000000e+000,1.500000e+000,2,2,4.845560e+000,0,,0,
1557477191.077,,1.000000e+001,1.334044e+001,7.628073e-007,2.913087e-009,-1.392173e-001,7.322346e-002,3,4.337659e-001,1.825000e+000,,,,,,,,,,,,,,,,,,0,4.000000e+000,1.500000e+000,2,2,1.122241e+001,0,,0,
1557479935.101,,1.000000e+001,9.997964e+000,8.198205e-007,3.381190e-008,-7.022406e-002,9.933870e-003,3,8.392274e-001,1.825000e+000,,,,,,,,,,,,,,,,,,0,4.000000e+000,1.500000e+000,2,2,8.035660e-003,0,,0,
1557479948.291,,1.000000e+001,9.997763e+000,8.320500e-007,4.219540e-008,-8.041056e-002,7.645701e-004,3,8.546579e-001,1.825000e+000,,,,,,,,,,,,,,,,,,0,4.000000e+000,1.500000e+000,2,2,3.244400e-003,0,,0,
1557479960.551,,1.000000e+001,9.999450e+000,8.285042e-007,5.392102e-008,-6.936663e-002,1.465864e-002,3,8.393260e-001,1.825000e+000,,,,,,,,,,,,,,,,,,0,4.000000e+000,1.500000e+000,2,2,1.505852e-003,0,,0,
1557479972.691,,1.000000e+001,9.999075e+000,8.044628e-007,5.010578e-008,-9.349603e-002,1.555338e-002,3,8.703908e-001,1.825000e+000,,,,,,,,,,,,,,,,,,0,4.000000e+000,1.500000e+000,2,2,2.255440e-003,0,,0,
1557479985.411,,1.000000e+001,9.998701e+000,8.495757e-007,3.598634e-008,-7.929439e-002,5.426638e-003,3,8.674097e-001,1.825000e+000,,,,,,,,,,,,,,,,,,0,4.000000e+000,1.500000e+000,2,2,3.003120e-003,0,,0,
1557479998.661,,1.000000e+001,9.998449e+000,8.842907e-007,2.037151e-008,-7.275310e-002,9.893462e-003,3,8.725100e-001,1.825000e+000,,,,,,,,,,,,,,,,,,0,4.000000e+000,1.500000e+000,2,2,1.996040e-003,0,,0,
1557480012.881,,1.000000e+001,9.998325e+000,8.699257e-007,4.230803e-008,-6.558503e-002,4.622672e-003,3,8.771954e-001,1.825000e+000,,,,,,,,,,,,,,,,,,0,4.000000e+000,1.500000e+000,2,2,9.984970e-004,0,,0,
1557480025.901,,1.000000e+001,9.995706e+000,8.293663e-007,3.264570e-008,-7.295507e-002,1.379225e-002,3,8.645509e-001,1.825000e+000,,,,,,,,,,,,,,,,,,0,4.000000e+000,1.500000e+000,2,2,4.988670e-003,0,,0,
1557480039.451,,1.000000e+001,9.998083e+000,8.293849e-007,2.820411e-008,-5.751722e-002,5.946162e-003,3,8.527425e-001,1.825000e+000,,,,,,,,,,,,,,,,,,0,4.000000e+000,1.500000e+000,2,2,5.770683e-003,0,,0,
1557480052.701,,1.000000e+001,9.996766e+000,8.756169e-007,1.916906e-008,-7.736596e-002,1.761266e-002,3,8.893642e-001,1.825000e+000,,,,,,,,,,,,,,,,,,0,4.000000e+000,1.500000e+000,2,2,5.487442e-003,0,,0,
1557480066.421,,1.000000e+001,9.997462e+000,8.114392e-007,2.787745e-008,-6.623382e-002,5.699279e-003,3,8.480870e-001,1.825000e+000,,,,,,,,,,,,,,,,,,0,4.000000e+000,1.500000e+000,2,2,6.528854e-003,0,,0,
1557480079.391,,1.000000e+001,1.000028e+001,8.385022e-007,3.868595e-008,-7.226263e-002,1.204042e-002,3,8.726147e-001,1.825000e+000,,,,,,,,,,,,,,,,,,0,4.000000e+000,1.500000e+000,2,2,5.292892e-003,0,,0,
1557480092.561,,1.000000e+001,9.997402e+000,8.735952e-007,2.757989e-008,-7.190011e-002,4.094724e-004,3,8.911936e-001,1.825000e+000,,,,,,,,,,,,,,,,,,0,4.000000e+000,1.500000e+000,2,2,8.786201e-003,0,,0,
1557480105.631,,1.000000e+001,1.000021e+001,8.599120e-007,5.231570e-008,-6.235708e-002,7.193476e-003,3,8.697770e-001,1.825000e+000,,,,,,,,,,,,,,,,,,0,4.000000e+000,1.500000e+000,2,2,4.023552e-003,0,,0,
1557480120.111,,1.000000e+001,9.999469e+000,8.443009e-007,2.945512e-008,-8.469391e-002,2.345583e-003,3,8.791035e-001,1.825000e+000,,,,,,,,,,,,,,,,,,0,4.000000e+000,1.500000e+000,2,2,9.274483e-003,0,,0,
1557480134.131,,1.000000e+001,9.998273e+000,8.470427e-007,1.395906e-008,-6.562351e-002,8.619162e-003,3,8.860013e-001,1.825000e+000,,,,,,,,,,,,,,,,,,0,4.000000e+000,1.500000e+000,2,2,6.020546e-003,0,,0,
1557480147.601,,1.000000e+001,9.998826e+000,8.606406e-007,6.172649e-010,-7.274997e-002,1.258004e-002,3,8.718678e-001,1.825000e+000,,,,,,,,,,,,,,,,,,0,4.000000e+000,1.500000e+000,2,2,2.255440e-003,0,,0,
1557480161.111,,1.000000e+001,9.998766e+000,8.517424e-007,1.364137e-008,-6.760491e-002,9.835747e-003,3,8.705903e-001,1.825000e+000,,,,,,,,,,,,,,,,,,0,4.000000e+000,1.500000e+000,2,2,4.013062e-003,0,,0,
1557480174.601,,1.000000e+001,9.998894e+000,8.238979e-007,3.479626e-009,-7.341897e-002,3.566213e-003,3,8.486223e-001,1.825000e+000,,,,,,,,,,,,,,,,,,0,4.000000e+000,1.500000e+000,2,2,4.013062e-003,0,,0,
1557480187.861,,1.000000e+001,9.999582e+000,8.072708e-007,1.246713e-008,-7.010999e-002,6.535680e-003,3,8.676034e-001,1.825000e+000,,,,,,,,,,,,,,,,,,0,4.000000e+000,1.500000e+000,2,2,3.775597e-003,0,,0,
1557480201.132,,1.000000e+001,9.996910e+000,8.005526e-007,1.088954e-008,-8.761971e-002,1.817583e-002,3,8.510806e-001,1.825000e+000,,,,,,,,,,,,,,,,,,0,4.000000e+000,1.500000e+000,2,2,9.306908e-003,0,,0,
1557480214.412,,1.000000e+001,9.999710e+000,7.958724e-007,7.790754e-009,-8.756661e-002,1.113706e-002,3,8.431921e-001,1.825000e+000,,,,,,,,,,,,,,,,,,0,4.000000e+000,1.500000e+000,2,2,4.545212e-003,0,,0,
1557480227.172,,1.000000e+001,1.000002e+001,8.325015e-007,7.458226e-009,-6.943590e-002,8.957881e-003,3,8.832716e-001,1.825000e+000,,,,,,,,,,,,,,,,,,0,4.000000e+000,1.500000e+000,2,2,2.255440e-003,0,,0,
1557480241.142,,1.000000e+001,9.997639e+000,8.597389e-007,3.175926e-008,-8.042882e-002,1.304449e-002,3,8.783704e-001,1.825000e+000,,,,,,,,,,,,,,,,,,0,4.000000e+000,1.500000e+000,2,2,9.975433e-004,0,,0,
1557480255.652,,1.000000e+001,9.998458e+000,8.136865e-007,2.787640e-008,-8.115706e-002,1.234058e-002,3,8.402375e-001,1.825000e+000,,,,,,,,,,,,,,,,,,0,4.000000e+000,1.500000e+000,2,2,4.273415e-003,0,,0,
1557480269.372,,1.000000e+001,9.998079e+000,8.134824e-007,3.137596e-008,-7.563205e-002,2.200691e-002,3,8.633339e-001,1.825000e+000,,,,,,,,,,,,,,,,,,0,4.000000e+000,1.500000e+000,2,2,4.262924e-003,0,,0,
1557480282.902,,1.000000e+001,1.000027e+001,8.449869e-007,4.502734e-009,-6.847152e-002,2.400263e-005,3,8.754193e-001,1.825000e+000,,,,,,,,,,,,,,,,,,0,4.000000e+000,1.500000e+000,2,2,3.785133e-003,0,,0,
1557480296.912,,1.000000e+001,9.998761e+000,8.406797e-007,3.118146e-008,-6.157557e-002,7.169468e-004,3,8.867116e-001,1.825000e+000,,,,,,,,,,,,,,,,,,0,4.000000e+000,1.500000e+000,2,2,9.984970e-004,0,,0,
1557480311.142,,1.000000e+001,9.999771e+000,8.055727e-007,1.459015e-008,-8.484355e-002,1.840246e-002,3,8.535688e-001,1.825000e+000,,,,,,,,,,,,,,,,,,0,4.000000e+000,1.500000e+000,2,2,4.034996e-003,0,,0,
1557480324.622,,1.000000e+001,9.998077e+000,8.265563e-007,1.146982e-008,-8.660856e-002,3.793612e-003,3,8.629580e-001,1.825000e+000,,,,,,,,,,,,,,,,,,0,4.000000e+000,1.500000e+000,2,2,4.002571e-003,0,,0,
1557480338.352,,1.000000e+001,9.998327e+000,8.510387e-007,2.156914e-008,-6.741418e-002,4.104876e-003,3,8.656629e-001,1.825000e+000,,,,,,,,,,,,,,,,,,0,4.000000e+000,1.500000e+000,2,2,3.751755e-003,0,,0,
1557480351.642,,1.000000e+001,9.999767e+000,8.443617e-007,1.891342e-008,-8.484031e-002,3.071942e-003,3,8.695212e-001,1.825000e+000,,,,,,,,,,,,,,,,,,0,4.000000e+000,1.500000e+000,2,2,4.273415e-003,0,,0,
1557480365.162,,1.000000e+001,9.999510e+000,8.299737e-007,6.043223e-009,-7.667057e-002,9.398047e-003,3,8.724592e-001,1.825000e+000,,,,,,,,,,,,,,,,,,0,4.000000e+000,1.500000e+000,2,2,4.987717e-004,0,,0,
1557480379.152,,1.000000e+001,9.998387e+000,8.467898e-007,1.162530e-008,-8.227195e-002,9.892493e-003,3,8.870020e-001,1.825000e+000,,,,,,,,,,,,,,,,,,0,4.000000e+000,1.500000e+000,2,2,2.744675e-003,0,,0,
1557480393.422,,1.000000e+001,9.999640e+000,8.170805e-007,1.075432e-008,-7.984306e-002,6.133341e-003,3,8.613251e-001,1.825000e+000,,,,,,,,,,,,,,,,,,0,4.000000e+000,1.500000e+000,2,2,2.765656e-003,0,,0,
1557480407.392,,1.000000e+001,9.998207e+000,8.332219e-007,3.954949e-008,-7.093009e-002,2.306857e-002,3,8.513301e-001,1.825000e+000,,,,,,,,,,,,,,,,,,0,4.000000e+000,1.500000e+000,2,2,5.510330e-003,0,,0,
1557480421.412,,1.000000e+001,9.999960e+000,8.590077e-007,1.857446e-008,-6.399360e-002,2.742372e-003,3,8.927721e-001,1.825000e+000,,,,,,,,,,,,,,,,,,0,4.000000e+000,1.500000e+000,2,2,5.045891e-003,0,,0,
1557480435.382,,1.000000e+001,9.998523e+000,8.052089e-007,5.364300e-008,-6.543098e-002,1.071541e-002,3,8.177732e-001,1.825000e+000,,,,,,,,,,,,,,,,,,0,4.000000e+000,1.500000e+000,2,2,7.530212e-003,0,,0,
1557480450.382,,1.000000e+001,1.000077e+001,8.383623e-007,2.739487e-008,-6.727515e-002,1.339439e-002,3,9.017224e-001,1.825000e+000,,,,,,,,,,,,,,,,,,0,4.000000e+000,1.500000e+000,2,2,3.787041e-003,0,,0,
1557480463.362,,1.000000e+001,9.998461e+000,8.430106e-007,2.290287e-008,-6.890028e-002,2.166796e-002,3,8.781241e-001,1.825000e+000,,,,,,,,,,,,,,,,,,0,4.000000e+000,1.500000e+000,2,2,6.031990e-003,0,,0,
1557480477.532,,1.000000e+001,9.998823e+000,8.369022e-007,6.359231e-009,-7.187417e-002,4.232934e-003,3,8.727009e-001,1.825000e+000,,,,,,,,,,,,,,,,,,0,4.000000e+000,1.500000e+000,2,2,1.747131e-003,0,,0,
1557480490.852,,1.000000e+001,9.999461e+000,8.264115e-007,8.502636e-009,-8.013881e-002,1.702385e-003,3,8.695724e-001,1.825000e+000,,,,,,,,,,,,,,,,,,0,4.000000e+000,1.500000e+000,2,2,5.272865e-003,0,,0,
1557480503.852,,1.000000e+001,9.999640e+000,8.169148e-007,1.803208e-008,-7.439735e-002,3.468686e-004,3,8.517815e-001,1.825000e+000,,,,,,,,,,,,,,,,,,0,4.000000e+000,1.500000e+000,2,2,3.515244e-003,0,,0,
1557480517.522,,1.000000e+001,9.999079e+000,8.650638e-007,4.068542e-008,-6.051923e-002,1.574893e-002,3,8.817241e-001,1.825000e+000,,,,,,,,,,,,,,,,,,0,4.000000e+000,1.500000e+000,2,2,4.262924e-003,0,,0,
1557480532.092,,1.000000e+001,9.999397e+000,8.601417e-007,3.949097e-009,-6.681217e-002,1.610699e-002,3,8.975784e-001,1.825000e+000,,,,,,,,,,,,,,,,,,0,4.000000e+000,1.500000e+000,2,2,5.783081e-003,0,,0,
1557480546.062,,1.000000e+001,1.000014e+001,8.152296e-007,3.254526e-008,-6.840390e-002,4.161258e-003,3,8.600514e-001,1.825000e+000,,,,,,,,,,,,,,,,,,0,4.000000e+000,1.500000e+000,2,2,3.752708e-003,0,,0,
1557480560.282,,1.000000e+001,9.998015e+000,8.410834e-007,1.737132e-008,-7.335168e-002,5.507039e-003,3,8.658283e-001,1.825000e+000,,,,,,,,,,,,,,,,,,0,4.000000e+000,1.500000e+000,2,2,5.249977e-003,0,,0,
1557480574.202,,1.000000e+001,1.000084e+001,8.239797e-007,1.717007e-008,-6.547753e-002,8.954204e-003,3,8.815997e-001,1.825000e+000,,,,,,,,,,,,,,,,,,0,4.000000e+000,1.500000e+000,2,2,4.036903e-003,0,,0,
1557480588.052,,1.000000e+001,9.998520e+000,8.304592e-007,2.273771e-008,-8.766213e-002,1.188036e-002,3,8.744028e-001,1.825000e+000,,,,,,,,,,,,,,,,,,0,4.000000e+000,1.500000e+000,2,2,5.272865e-003,0,,0,
1557480601.292,,1.000000e+001,9.999453e+000,8.599218e-007,8.902047e-009,-6.096896e-002,7.508385e-003,3,8.876495e-001,1.825000e+000,,,,,,,,,,,,,,,,,,0,4.000000e+000,1.500000e+000,2,2,3.015518e-003,0,,0,
1557480616.022,,1.000000e+001,9.999203e+000,8.446048e-007,1.347496e-008,-7.755935e-002,9.238437e-003,3,8.764679e-001,1.825000e+000,,,,,,,,,,,,,,,,,,0,4.000000e+000,1.500000e+000,2,2,3.514290e-003,0,,0,
1557480630.022,,1.000000e+001,9.999827e+000,8.276473e-007,3.968558e-008,-7.080043e-002,1.414772e-002,3,8.564690e-001,1.825000e+000,,,,,,,,,,,,,,,,,,0,4.000000e+000,1.500000e+000,2,2,2.017021e-003,0,,0,
1557480643.282,,1.000000e+001,9.998895e+000,8.305584e-007,1.040090e-008,-8.247213e-002,5.536131e-003,3,8.440660e-001,1.825000e+000,,,,,,,,,,,,,,,,,,0,4.000000e+000,1.500000e+000,2,2,6.021500e-003,0,,0,
1557480656.752,,1.000000e+001,9.999146e+000,8.639221e-007,7.760206e-009,-6.099694e-002,9.268793e-003,3,8.881128e-001,1.825000e+000,,,,,,,,,,,,,,,,,,0,4.000000e+000,1.500000e+000,2,2,6.272316e-003,0,,0,
1557480670.052,,1.000000e+001,9.998577e+000,8.471378e-007,3.574469e-008,-6.266934e-002,5.792112e-003,3,8.730783e-001,1.825000e+000,,,,,,,,,,,,,,,,,,0,4.000000e+000,1.500000e+000,2,2,3.502846e-003,0,,0,
1557480683.452,,1.000000e+001,1.000058e+001,8.313603e-007,1.819784e-008,-7.511583e-002,5.479101e-003,3,8.706325e-001,1.825000e+000,,,,,,,,,,,,,,,,,,0,4.000000e+000,1.500000e+000,2,2,2.017021e-003,0,,0,
1557480696.812,,1.000000e+001,9.999827e+000,8.551812e-007,4.907652e-009,-7.223821e-002,5.240592e-003,3,8.706464e-001,1.825000e+000,,,,,,,,,,,,,,,,,,0,4.000000e+000,1.500000e+000,2,2,2.516747e-003,0,,0,
1557480710.542,,1.000000e+001,9.998826e+000,8.462166e-007,2.640054e-008,-7.984087e-002,7.471641e-003,3,8.896668e-001,1.825000e+000,,,,,,,,,,,,,,,,,,0,4.000000e+000,1.500000e+000,2,2,2.753258e-003,0,,0,
1557480725.222,,1.000000e+001,9.999892e+000,8.150872e-007,2.790430e-008,-7.311296e-002,1.182673e-002,3,8.765362e-001,1.825000e+000,,,,,,,,,,,,,,,,,,0,4.000000e+000,1.500000e+000,2,2,3.515244e-003,0,,0,
1557480739.042,,1.000000e+001,9.998954e+000,8.022287e-007,9.741346e-009,-8.881452e-002,5.055989e-003,3,8.592830e-001,1.825000e+000,,,,,,,,,,,,,,,,,,0,4.000000e+000,1.500000e+000,2,2,5.512238e-003,0,,0,
1557480753.582,,1.000000e+001,9.999451e+000,8.207605e-007,1.804647e-008,-7.957147e-002,2.368791e-002,3,8.480889e-001,1.825000e+000,,,,,,,,,,,,,,,,,,0,4.000000e+000,1.500000e+000,2,2,2.504349e-003,0,,0,
1557480767.612,,1.000000e+001,1.000385e+001,8.141017e-007,7.872871e-010,-8.278494e-002,4.159098e-003,3,8.675411e-001,1.825000e+000,,,,,,,,,,,,,,,,,,0,4.000000e+000,1.500000e+000,2,2,6.037712e-003,0,,0,
1557480781.582,,1.000000e+001,9.997707e+000,7.960324e-007,1.250282e-008,-7.040957e-002,1.747030e-002,3,8.588207e-001,1.825000e+000,,,,,,,,,,,,,,,,,,0,4.000000e+000,1.500000e+000,2,2,7.756233e-003,0,,0,
1557480794.832,,1.000000e+001,9.998636e+000,8.411557e-007,8.657746e-009,-8.495758e-002,1.296731e-002,3,8.851563e-001,1.825000e+000,,,,,,,,,,,,,,,,,,0,4.000000e+000,1.500000e+000,2,2,2.492905e-003,0,,0,
1557480808.302,,1.000000e+001,9.998326e+000,8.567380e-007,5.342406e-008,-6.323150e-002,7.915231e-004,3,8.687423e-001,1.825000e+000,,,,,,,,,,,,,,,,,,0,4.000000e+000,1.500000e+000,2,2,4.502296e-003,0,,0,
1557480821.272,,1.000000e+001,9.999327e+000,8.509887e-007,1.508362e-008,-7.251029e-002,3.013305e-002,3,8.685480e-001,1.825000e+000,,,,,,,,,,,,,,,,,,0,4.000000e+000,1.500000e+000,2,2,2.005577e-003,0,,0,
1557480835.742,,1.000000e+001,9.999390e+000,8.403816e-007,1.296936e-008,-8.506702e-002,1.481740e-002,3,8.851448e-001,1.825000e+000,,,,,,,,,,,,,,,,,,0,4.000000e+000,1.500000e+000,2,2,3.004074e-003,0,,0,
1557480848.972,,1.000000e+001,1.000033e+001,8.417539e-007,6.800558e-008,-8.093656e-002,4.970346e-003,3,8.724908e-001,1.825000e+000,,,,,,,,,,,,,,,,,,0,4.000000e+000,1.500000e+000,2,2,1.257896e-003,0,,0,
1557480862.132,,1.000000e+001,9.999578e+000,8.188052e-007,2.738016e-008,-6.162475e-002,2.396601e-004,3,8.609145e-001,1.825000e+000,,,,,,,,,,,,,,,,,,0,4.000000e+000,1.500000e+000,2,2,2.755165e-003,0,,0,
1557480875.992,,1.000000e+001,9.999826e+000,8.197526e-007,1.380242e-008,-5.726909e-002,1.190675e-002,3,8.600309e-001,1.825000e+000,,,,,,,,,,,,,,,,,,0,4.000000e+000,1.500000e+000,2,2,3.005028e-003,0,,0,
1557480889.052,,1.000000e+001,9.999889e+000,8.326915e-007,2.766783e-008,-8.599590e-002,5.645202e-004,3,8.515611e-001,1.825000e+000,,,,,,,,,,,,,,,,,,0,4.000000e+000,1.500000e+000,2,2,2.006531e-003,0,,0,
1557480902.572,,1.000000e+001,9.998575e+000,8.544462e-007,8.952973e-009,-6.802408e-002,1.577188e-002,3,8.964216e-001,1.825000e+000,,,,,,,,,,,,,,,,,,0,4.000000e+000,1.500000e+000,2,2,9.984970e-004,0,,0,
1557480915.853,,1.000000e+001,9.998763e+000,8.386073e-007,2.290227e-008,-7.264608e-002,1.873584e-002,3,8.321215e-001,1.825000e+000,,,,,,,,,,,,,,,,,,0,4.000000e+000,1.500000e+000,2,2,3.752708e-003,0,,0,
1557480929.033,,1.000000e+001,9.999705e+000,8.517186e-007,4.020864e-008,-7.307287e-002,2.195797e-002,3,8.632302e-001,1.825000e+000,,,,,,,,,,,,,,,,,,0,4.000000e+000,1.500000e+000,2,2,5.014420e-003,0,,0,
1557480942.693,,1.000000e+001,9.998138e+000,8.179318e-007,4.694340e-008,-7.618263e-002,1.254016e-002,3,8.598616e-001,1.825000e+000,,,,,,,,,,,,,,,,,,0,4.000000e+000,1.500000e+000,2,2,4.252434e-003,0,,0,
1557480956.113,,1.000000e+001,9.999011e+000,8.307112e-007,3.556731e-008,-7.191034e-002,3.395903e-003,3,8.571432e-001,1.825000e+000,,,,,,,,,,,,,,,,,,0,4.000000e+000,1.500000e+000,2,2,1.494408e-003,0,,0,
1557480968.933,,1.000000e+001,9.999576e+000,8.279872e-007,1.244402e-008,-8.045940e-002,2.048538e-002,3,8.331718e-001,1.825000e+000,,,,,,,,,,,,,,,,,,0,4.000000e+000,1.500000e+000,2,2,2.506256e-003,0,,0,
1557480981.903,,1.000000e+001,9.998577e+000,8.130566e-007,1.491259e-008,-7.560100e-002,9.467457e-003,3,8.387818e-001,1.825000e+000,,,,,,,,,,,,,,,,,,0,4.000000e+000,1.500000e+000,2,2,4.003525e-003,0,,0,
1557480995.323,,1.000000e+001,1.000014e+001,8.074119e-007,1.027866e-008,-7.085417e-002,7.195884e-003,3,8.169240e-001,1.825000e+000,,,,,,,,,,,,,,,,,,0,4.000000e+000,1.500000e+000,2,2,2.507210e-003,0,,0,
1557481009.143,,1.000000e+001,9.999325e+000,8.395694e-007,2.347592e-008,-8.626427e-002,8.852408e-003,3,8.514783e-001,1.825000e+000,,,,,,,,,,,,,,,,,,0,4.000000e+000,1.500000e+000,2,2,5.502701e-003,0,,0,
1557481022.883,,1.000000e+001,9.999197e+000,8.324655e-007,2.677114e-008,-7.488981e-002,7.179331e-003,3,8.656025e-001,1.825000e+000,,,,,,,,,,,,,,,,,,0,4.000000e+000,1.500000e+000,2,2,1.745224e-003,0,,0,
1557481035.603,,1.000000e+001,1.000026e+001,8.122995e-007,3.118850e-008,-9.266194e-002,1.859844e-002,3,8.215172e-001,1.825000e+000,,,,,,,,,,,,,,,,,,0,4.000000e+000,1.500000e+000,2,2,3.756523e-003,0,,0,
1557481049.573,,1.000000e+001,9.999329e+000,8.349845e-007,3.561289e-008,-7.970500e-002,1.218887e-004,3,8.741390e-001,1.825000e+000,,,,,,,,,,,,,,,,,,0,4.000000e+000,1.500000e+000,2,2,6.999969e-003,0,,0,
1557481063.523,,1.000000e+001,9.999331e+000,8.290203e-007,4.746995e-009,-8.074895e-002,5.065988e-003,3,8.619245e-001,1.825000e+000,,,,,,,,,,,,,,,,,,0,4.000000e+000,1.500000e+000,2,2,7.512093e-003,0,,0,
1557481077.343,,1.000000e+001,9.999264e+000,8.319387e-007,2.015349e-008,-7.338165e-002,1.696960e-002,3,8.350608e-001,1.825000e+000,,,,,,,,,,,,,,,,,,0,4.000000e+000,1.500000e+000,2,2,5.502701e-003,0,,0,
1557481090.083,,1.000000e+001,1.000002e+001,8.265338e-007,1.490166e-008,-7.731543e-002,9.970959e-003,3,8.478791e-001,1.825000e+000,,,,,,,,,,,,,,,,,,0,4.000000e+000,1.500000e+000,2,2,5.265236e-003,0,,0,
1557481103.553,,1.000000e+001,9.999323e+000,8.223598e-007,2.827433e-009,-7.019158e-002,2.346289e-003,3,8.417641e-001,1.825000e+000,,,,,,,,,,,,,,,,,,0,4.000000e+000,1.500000e+000,2,2,2.993584e-003,0,,0,
1557481116.813,,1.000000e+001,9.999198e+000,8.214735e-007,1.855292e-008,-7.083397e-002,1.103158e-002,3,8.427309e-001,1.825000e+000,,,,,,,,,,,,,,,,,,0,4.000000e+000,1.500000e+000,2,2,2.494812e-003,0,,0,
1557481130.793,,1.000000e+001,9.998886e+000,8.062174e-007,7.464094e-010,-8.902463e-002,5.366411e-003,3,8.330066e-001,1.825000e+000,,,,,,,,,,,,,,,,,,0,4.000000e+000,1.500000e+000,2,2,1.747131e-003,0,,0,
1557481144.773,,1.000000e+001,9.999076e+000,7.980994e-007,7.010179e-009,-8.845302e-002,5.011645e-003,3,8.353139e-001,1.825000e+000,,,,,,,,,,,,,,,,,,0,4.000000e+000,1.500000e+000,2,2,2.755165e-003,0,,0,
1557481159.823,,1.000000e+001,9.999576e+000,8.478933e-007,4.485527e-008,-6.622131e-002,3.946262e-003,3,8.542084e-001,1.825000e+000,,,,,,,,,,,,,,,,,,0,4.000000e+000,1.500000e+000,2,2,2.756119e-003,0,,0,
1557481173.093,,1.000000e+001,1.000101e+001,8.298996e-007,9.772738e-009,-7.888342e-002,9.242399e-003,3,8.786385e-001,1.825000e+000,,,,,,,,,,,,,,,,,,0,4.000000e+000,1.500000e+000,2,2,3.256798e-003,0,,0,
1557481186.353,,1.000000e+001,9.999454e+000,8.090542e-007,2.770280e-008,-8.863844e-002,5.675003e-002,3,8.533688e-001,1.825000e+000,,,,,,,,,,,,,,,,,,0,4.000000e+000,1.500000e+000,2,2,7.012367e-003,0,,0,
1557481199.633,,1.000000e+001,9.999268e+000,8.253481e-007,1.982362e-008,-7.374755e-002,2.153146e-003,3,8.649099e-001,1.825000e+000,,,,,,,,,,,,,,,,,,0,4.000000e+000,1.500000e+000,2,2,7.500648e-003,0,,0,
1557481213.913,,1.000000e+001,9.998826e+000,7.997063e-007,1.787444e-009,-8.054317e-002,5.522586e-003,3,8.344232e-001,1.825000e+000,,,,,,,,,,,,,,,,,,0,4.000000e+000,1.500000e+000,2,2,7.002831e-003,0,,0,
1557481226.933,,1.000000e+001,9.999514e+000,8.136163e-007,3.945720e-009,-7.218575e-002,1.178134e-002,3,8.435641e-001,1.825000e+000,,,,,,,,,,,,,,,,,,0,4.000000e+000,1.500000e+000,2,2,4.255295e-003,0,,0,
1557481240.613,,1.000000e+001,1.000008e+001,8.034552e-007,3.214532e-008,-7.251255e-002,1.002896e-002,3,8.643421e-001,1.825000e+000,,,,,,,,,,,,,,,,,,0,4.000000e+000,1.500000e+000,2,2,4.005432e-003,0,,0,
1557481253.743,,1.000000e+001,9.999329e+000,8.500688e-007,1.956481e-008,-8.722480e-002,7.173019e-003,3,8.694186e-001,1.825000e+000,,,,,,,,,,,,,,,,,,0,4.000000e+000,1.500000e+000,2,2,5.002022e-003,0,,0,
1557481266.553,,1.000000e+001,1.000070e+001,8.483073e-007,6.514257e-008,-7.638426e-002,1.544335e-002,3,8.643672e-001,1.825000e+000,,,,,,,,,,,,,,,,,,0,4.000000e+000,1.500000e+000,2,2,6.006241e-003,0,,0,
1557481280.523,,1.000000e+001,1.000020e+001,8.257322e-007,1.708574e-008,-7.754406e-002,3.097199e-002,3,8.728354e-001,1.825000e+000,,,,,,,,,,,,,,,,,,0,4.000000e+000,1.500000e+000,2,2,7.581711e-004,0,,0,
1557481293.923,,1.000000e+001,1.000026e+001,8.666807e-007,2.979753e-008,-7.095639e-002,1.767075e-003,3,8.897301e-001,1.825000e+000,,,,,,,,,,,,,,,,,,0,4.000000e+000,1.500000e+000,2,2,7.486343e-004,0,,0,
1557481307.993,,1.000000e+001,9.998885e+000,8.131357e-007,2.767772e-008,-6.888834e-002,2.613090e-002,3,8.601809e-001,1.825000e+000,,,,,,,,,,,,,,,,,,0,4.000000e+000,1.500000e+000,2,2,2.243996e-003,0,,0,
1557481332.905,,1.000000e+001,9.999139e+000,8.589336e-007,9.954215e-009,-7.562986e-002,8.162965e-003,3,8.790088e-001,1.825000e+000,,,,,,,,,,,,,,,,,,0,4.000000e+000,1.500000e+000,2,2,7.996559e-003,0,,0,
1557481345.975,,1.000000e+001,1.000245e+001,8.588831e-007,6.390100e-009,-5.936106e-002,1.346354e-002,3,8.615476e-001,1.825000e+000,,,,,,,,,,,,,,,,,,0,4.000000e+000,1.500000e+000,2,2,4.509926e-003,0,,0,
1557481358.945,,1.000000e+001,9.999323e+000,8.501303e-007,6.472700e-008,-9.108690e-002,1.044508e-002,3,8.470963e-001,1.825000e+000,,,,,,,,,,,,,,,,,,0,4.000000e+000,1.500000e+000,2,2,1.745224e-003,0,,0,
1557481371.895,,1.000000e+001,1.000113e+001,8.502125e-007,4.877615e-008,-7.142198e-002,3.140528e-002,3,8.627958e-001,1.825000e+000,,,,,,,,,,,,,,,,,,0,4.000000e+000,1.500000e+000,2,2,2.259254e-003,0,,0,
1557481384.735,,1.000000e+001,1.000051e+001,8.004693e-007,4.147114e-008,-7.369989e-002,2.546928e-002,3,8.336903e-001,1.825000e+000,,,,,,,,,,,,,,,,,,0,4.000000e+000,1.500000e+000,2,2,2.757072e-003,0,,0,
1557481398.205,,1.000000e+001,9.999201e+000,8.419123e-007,9.153415e-008,-8.131386e-002,4.810310e-003,3,8.640850e-001,1.825000e+000,,,,,,,,,,,,,,,,,,0,4.000000e+000,1.500000e+000,2,2,3.504753e-003,0,,0,
1557481411.225,,1.000000e+001,1.000014e+001,8.518551e-007,1.155339e-008,-6.824687e-002,1.061758e-002,3,8.780696e-001,1.825000e+000,,,,,,,,,,,,,,,,,,0,4.000000e+000,1.500000e+000,2,2,4.754066e-003,0,,0,
1557481424.485,,1.000000e+001,9.999452e+000,8.697552e-007,6.005842e-009,-7.333395e-002,7.636793e-003,3,8.724473e-001,1.825000e+000,,,,,,,,,,,,,,,,,,0,4.000000e+000,1.500000e+000,2,2,4.505157e-003,0,,0,
1557481437.955,,1.000000e+001,9.999073e+000,8.818666e-007,1.757929e-008,-6.316992e-002,7.811297e-003,3,8.824634e-001,1.825000e+000,,,,,,,,,,,,,,,,,,0,4.000000e+000,1.500000e+000,2,2,9.975433e-004,0,,0,
1557481450.225,,1.000000e+001,9.999885e+000,8.499218e-007,5.276150e-008,-6.777134e-002,2.754086e-004,3,8.653766e-001,1.825000e+000,,,,,,,,,,,,,,,,,,0,4.000000e+000,1.500000e+000,2,2,9.975433e-004,0,,0,
1557481464.055,,1.000000e+001,9.999076e+000,8.219122e-007,1.399946e-008,-9.857896e-002,2.138505e-003,3,8.247455e-001,1.825000e+000,,,,,,,,,,,,,,,,,,0,4.000000e+000,1.500000e+000,2,2,4.004478e-003,0,,0,
1557481478.025,,1.000000e+001,9.999884e+000,8.170916e-007,5.439013e-008,-9.082896e-002,3.365623e-002,3,8.168861e-001,1.825000e+000,,,,,,,,,,,,,,,,,,0,4.000000e+000,1.500000e+000,2,2,1.247406e-003,0,,0,
1557481491.475,,1.000000e+001,9.999701e+000,8.575927e-007,8.385751e-008,-8.066796e-002,6.324714e-004,3,8.683109e-001,1.825000e+000,,,,,,,,,,,,,,,,,,0,4.000000e+000,1.500000e+000,2,2,5.252838e-003,0,,0,
1557481505.485,,1.000000e+001,9.999451e+000,8.591618e-007,6.759567e-009,-6.189146e-002,5.693842e-003,3,8.816367e-001,1.825000e+000,,,,,,,,,,,,,,,,,,0,4.000000e+000,1.500000e+000,2,2,4.505157e-003,0,,0,
1557481519.335,,1.000000e+001,1.000101e+001,8.378830e-007,1.761052e-008,-6.328321e-002,4.680966e-003,3,8.583645e-001,1.825000e+000,,,,,,,,,,,,,,,,,,0,4.000000e+000,1.500000e+000,2,2,1.500130e-003,0,,0,
1557481532.055,,1.000000e+001,9.999887e+000,8.478654e-007,6.299149e-008,-7.917212e-002,3.288045e-002,3,8.522177e-001,1.825000e+000,,,,,,,,,,,,,,,,,,0,4.000000e+000,1.500000e+000,2,2,3.754616e-003,0,,0,
1557481546.525,,1.000000e+001,9.999949e+000,8.319100e-007,1.783424e-008,-8.726765e-002,1.935591e-002,3,8.765681e-001,1.825000e+000,,,,,,,,,,,,,,,,,,0,4.000000e+000,1.500000e+000,2,2,6.002426e-003,0,,0,
1557481559.745,,1.000000e+001,9.999822e+000,8.049917e-007,4.401922e-008,-8.538122e-002,5.550008e-003,3,8.329688e-001,1.825000e+000,,,,,,,,,,,,,,,,,,0,4.000000e+000,1.500000e+000,2,2,1.497269e-003,0,,0,
1557481573.715,,1.000000e+001,9.999073e+000,8.709786e-007,2.410151e-008,-6.810831e-002,3.223392e-002,3,8.959870e-001,1.825000e+000,,,,,,,,,,,,,,,,,,0,4.000000e+000,1.500000e+000,2,2,2.993584e-003,0,,0,
1557481587.705,,1.000000e+001,9.998386e+000,8.828654e-007,5.663941e-008,-7.581930e-002,2.270573e-002,3,8.820051e-001,1.825000e+000,,,,,,,,,,,,,,,,,,0,4.000000e+000,1.500000e+000,2,2,4.742622e-003,0,,0,
1557481601.925,,1.000000e+001,9.998767e+000,8.613489e-007,2.148264e-008,-8.164452e-002,1.806472e-002,3,8.769007e-001,1.825000e+000,,,,,,,,,,,,,,,,,,0,4.000000e+000,1.500000e+000,2,2,1.049709e-002,0,,0,
1557481615.145,,1.000000e+001,9.999634e+000,8.186129e-007,1.266444e-008,-7.743075e-002,1.237431e-004,3,8.532604e-001,1.825000e+000,,,,,,,,,,,,,,,,,,0,4.000000e+000,1.500000e+000,2,2,7.467270e-004,0,,0,
1557481628.116,,1.000000e+001,1.000020e+001,8.831190e-007,4.805703e-008,-7.287616e-002,1.926064e-002,3,8.801978e-001,1.825000e+000,,,,,,,,,,,,,,,,,,0,4.000000e+000,1.500000e+000,2,2,1.247406e-003,0,,0,
1557481641.146,,1.000000e+001,9.998075e+000,8.472734e-007,2.690727e-008,-6.804359e-002,2.706842e-002,3,8.677209e-001,1.825000e+000,,,,,,,,,,,,,,,,,,0,4.000000e+000,1.500000e+000,2,2,4.242897e-003,0,,0,
1557481654.916,,1.000000e+001,1.000076e+001,8.547934e-007,4.779432e-008,-9.680605e-002,1.556559e-002,3,8.606637e-001,1.825000e+000,,,,,,,,,,,,,,,,,,0,4.000000e+000,1.500000e+000,2,2,3.248215e-003,0,,0,
1557481669.386,,1.000000e+001,9.999448e+000,8.126954e-007,4.034739e-008,-8.321200e-002,1.328811e-002,3,8.452960e-001,1.825000e+000,,,,,,,,,,,,,,,,,,0,4.000000e+000,1.500000e+000,2,2,3.495216e-003,0,,0,
1557481682.106,,1.000000e+001,9.998386e+000,8.321666e-007,5.228604e-008,-7.849282e-002,2.359496e-003,3,8.478911e-001,1.825000e+000,,,,,,,,,,,,,,,,,,0,4.000000e+000,1.500000e+000,2,2,2.992630e-003,0,,0,
1557481695.376,,1.000000e+001,9.999135e+000,8.539428e-007,5.670095e-008,-7.174316e-002,1.774025e-002,3,8.554798e-001,1.825000e+000,,,,,,,,,,,,,,,,,,0,4.000000e+000,1.500000e+000,2,2,1.745224e-003,0,,0,
1557481709.386,,1.000000e+001,1.000020e+001,8.328038e-007,4.086361e-009,-8.816531e-002,2.222066e-003,3,8.714974e-001,1.825000e+000,,,,,,,,,,,,,,,,,,0,4.000000e+000,1.500000e+000,2,2,9.984970e-004,0,,0,
1557481722.916,,1.000000e+001,9.999698e+000,8.640878e-007,9.249247e-009,-6.172869e-002,1.431252e-002,3,8.850662e-001,1.825000e+000,,,,,,,,,,,,,,,,,,0,4.000000e+000,1.500000e+000,2,2,2.495766e-003,0,,0,
1557481736.636,,1.000000e+001,9.999199e+000,8.620058e-007,5.022407e-008,-9.196797e-002,1.186747e-002,3,8.598415e-001,1.825000e+000,,,,,,,,,,,,,,,,,,0,4.000000e+000,1.500000e+000,2,2,1.995087e-003,0,,0,
1557481750.806,,1.000000e+001,1.000001e+001,7.917614e-007,2.876108e-009,-7.645562e-002,1.241109e-003,3,8.334961e-001,1.825000e+000,,,,,,,,,,,,,,,,,,0,4.000000e+000,1.500000e+000,2,2,3.746033e-003,0,,0,
1557481763.676,,1.000000e+001,9.999699e+000,8.453679e-007,2.461953e-008,-7.233600e-002,4.641037e-003,3,8.774997e-001,1.825000e+000,,,,,,,,,,,,,,,,,,0,4.000000e+000,1.500000e+000,2,2,4.244804e-003,0,,0,
1557481778.146,,1.000000e+001,9.999760e+000,8.284200e-007,5.087401e-009,-6.279875e-002,1.453822e-002,3,8.767900e-001,1.825000e+000,,,,,,,,,,,,,,,,,,0,4.000000e+000,1.500000e+000,2,2,3.245354e-003,0,,0,
1557481791.926,,1.000000e+001,9.999261e+000,8.845584e-007,4.492886e-009,-5.978931e-002,4.178631e-003,3,8.964741e-001,1.825000e+000,,,,,,,,,,,,,,,,,,0,4.000000e+000,1.500000e+000,2,2,3.245354e-003,0,,0,
1557481806.186,,1.000000e+001,9.998824e+000,8.619576e-007,7.097321e-009,-7.420368e-002,1.626476e-002,3,8.794279e-001,1.825000e+000,,,,,,,,,,,,,,,,,,0,4.000000e+000,1.500000e+000,2,2,3.993034e-003,0,,0,
1557481819.906,,1.000000e+001,1.000001e+001,8.141157e-007,2.138127e-008,-6.596828e-002,9.251023e-004,3,8.379167e-001,1.825000e+000,,,,,,,,,,,,,,,,,,0,4.000000e+000,1.500000e+000,2,2,6.245613e-003,0,,0,
1557481835.126,,1.000000e+001,1.000063e+001,8.280546e-007,3.177630e-008,-9.725972e-002,1.086425e-002,3,8.609905e-001,1.825000e+000,,,,,,,,,,,,,,,,,,0,4.000000e+000,1.500000e+000,2,2,2.747536e-003,0,,0,
1557481848.346,,1.000000e+001,9.999572e+000,8.516347e-007,6.728095e-009,-6.588784e-002,1.274674e-002,3,8.482486e-001,1.825000e+000,,,,,,,,,,,,,,,,,,0,4.000000e+000,1.500000e+000,2,2,7.467270e-004,0,,0,
1557481861.066,,1.000000e+001,9.999698e+000,8.694672e-007,2.974102e-009,-8.755016e-002,4.137187e-003,3,8.832735e-001,1.825000e+000,,,,,,,,,,,,,,,,,,0,4.000000e+000,1.500000e+000,2,2,5.244255e-003,0,,0,
1557481875.556,,1.000000e+001,9.999449e+000,8.599525e-007,1.219598e-008,-6.585905e-002,7.287875e-004,3,8.788136e-001,1.825000e+000,,,,,,,,,,,,,,,,,,0,4.000000e+000,1.500000e+000,2,2,5.493164e-003,0,,0,
1557481889.076,,1.000000e+001,1.000063e+001,8.961033e-007,4.454058e-009,-7.960225e-002,2.914571e-003,3,8.999244e-001,1.825000e+000,,,,,,,,,,,,,,,,,,0,4.000000e+000,1.500000e+000,2,2,7.495880e-004,0,,0,
1557481901.826,,1.000000e+001,9.999636e+000,8.644912e-007,4.088933e-009,-6.189694e-002,3.272052e-003,3,8.526934e-001,1.825000e+000,,,,,,,,,,,,,,,,,,0,4.000000e+000,1.500000e+000,2,2,4.743576e-003,0,,0,
1557481916.296,,1.000000e+001,9.999511e+000,8.389566e-007,5.754226e-009,-7.513805e-002,2.265676e-002,3,8.450434e-001,1.825000e+000,,,,,,,,,,,,,,,,,,0,4.000000e+000,1.500000e+000,2,2,3.495216e-003,0,,0,
1557481930.266,,1.000000e+001,1.000107e+001,8.681499e-007,3.042444e-008,-6.761322e-002,2.124274e-002,3,8.918338e-001,1.825000e+000,,,,,,,,,,,,,,,,,,0,4.000000e+000,1.500000e+000,2,2,2.249718e-003,0,,0,
1557481944.246,,1.000000e+001,1.000020e+001,8.279446e-007,3.108464e-008,-6.910939e-002,3.107336e-002,3,8.478346e-001,1.825000e+000,,,,,,,,,,,,,,,,,,0,4.000000e+000,1.500000e+000,2,2,4.495621e-003,0,,0,
1557481957.026,,1.000000e+001,1.000088e+001,8.589867e-007,3.402417e-008,-6.498753e-002,9.624802e-003,3,8.648679e-001,1.825000e+000,,,,,,,,,,,,,,,,,,0,4.000000e+000,1.500000e+000,2,2,4.745483e-003,0,,0,
1557481971.016,,1.000000e+001,1.000007e+001,8.537725e-007,6.749257e-008,-7.753791e-002,9.100927e-004,3,8.601494e-001,1.825000e+000,,,,,,,,,,,,,,,,,,0,4.000000e+000,1.500000e+000,2,2,7.486343e-004,0,,0,
1557481984.796,,1.000000e+001,9.999947e+000,8.634219e-007,5.621327e-008,-4.790619e-002,1.726898e-002,3,8.450736e-001,1.825000e+000,,,,,,,,,,,,,,,,,,0,4.000000e+000,1.500000e+000,2,2,3.245354e-003,0,,0,
1557481998.016,,1.000000e+001,1.000070e+001,7.781564e-007,3.038947e-008,-8.308852e-002,1.169023e-002,3,8.235471e-001,1.825000e+000,,,,,,,,,,,,,,,,,,0,4.000000e+000,1.500000e+000,2,2,2.497673e-003,0,,0,
1557482011.836,,1.000000e+001,9.999884e+000,8.485030e-007,5.068405e-008,-7.091314e-002,8.960347e-003,3,8.647627e-001,1.825000e+000,,,,,,,,,,,,,,,,,,0,4.000000e+000,1.500000e+000,2,2,7.476807e-004,0,,0,
1557482025.606,,1.000000e+001,9.999386e+000,8.081664e-007,6.556626e-009,-8.979097e-002,1.985813e-002,3,8.134055e-001,1.825000e+000,,,,,,,,,,,,,,,,,,0,4.000000e+000,1.500000e+000,2,2,4.493713e-003,0,,0,
1557482039.126,,1.000000e+001,1.000057e+001,7.859356e-007,1.658604e-008,-6.821120e-002,6.142940e-003,3,8.399198e-001,1.825000e+000,,,,,,,,,,,,,,,,,,0,4.000000e+000,1.500000e+000,2,2,4.744530e-003,0,,0,
1557482052.596,,1.000000e+001,9.999572e+000,8.344552e-007,4.722661e-008,-7.792500e-002,5.920937e-003,3,8.657404e-001,1.825000e+000,,,,,,,,,,,,,,,,,,0,4.000000e+000,1.500000e+000,2,2,3.245354e-003,0,,0,
1557482066.816,,1.000000e+001,9.999261e+000,8.497036e-007,8.632424e-009,-6.971398e-002,6.644366e-003,3,8.779997e-001,1.825000e+000,,,,,,,,,,,,,,,,,,0,4.000000e+000,1.500000e+000,2,2,4.742622e-003,0,,0,
1557482081.536,,1.000000e+001,9.998701e+000,8.334360e-007,1.164664e-008,-7.364216e-002,1.453126e-002,3,9.017584e-001,1.825000e+000,,,,,,,,,,,,,,,,,,0,4.000000e+000,1.500000e+000,2,2,7.987976e-003,0,,0,
1557482095.256,,1.000000e+001,1.000007e+001,8.473626e-007,1.817429e-009,-7.816015e-002,4.041108e-003,3,8.880622e-001,1.825000e+000,,,,,,,,,,,,,,,,,,0,4.000000e+000,1.500000e+000,2,2,4.245758e-003,0,,0,
1557482108.546,,1.000000e+001,1.000113e+001,8.579507e-007,2.095875e-008,-6.995173e-002,9.084310e-003,3,8.943492e-001,1.825000e+000,,,,,,,,,,,,,,,,,,0,4.000000e+000,1.500000e+000,2,2,2.750397e-003,0,,0,
1557482122.016,,1.000000e+001,9.999199e+000,8.333758e-007,7.789226e-009,-7.081503e-002,6.933694e-003,3,8.748131e-001,1.825000e+000,,,,,,,,,,,,,,,,,,0,4.000000e+000,1.500000e+000,2,2,6.242752e-003,0,,0,
1557482135.986,,1.000000e+001,9.999510e+000,8.577979e-007,8.514614e-009,-7.681333e-002,5.626931e-003,3,8.913910e-001,1.825000e+000,,,,,,,,,,,,,,,,,,0,4.000000e+000,1.500000e+000,2,2,2.993584e-003,0,,0,
1557482149.286,,1.000000e+001,9.998762e+000,8.354900e-007,1.370789e-008,-7.022034e-002,2.771324e-003,3,8.676087e-001,1.825000e+000,,,,,,,,,,,,,,,,,,0,4.000000e+000,1.500000e+000,2,2,8.240700e-003,0,,0,
1557482163.316,,1.000000e+001,1.000020e+001,8.322127e-007,6.078823e-008,-7.706745e-002,1.493861e-002,3,8.634150e-001,1.825000e+000,,,,,,,,,,,,,,,,,,0,4.000000e+000,1.500000e+000,2,2,4.494667e-003,0,,0,
1557482176.326,,1.000000e+001,9.999510e+000,8.434637e-007,5.938959e-009,-7.719657e-002,5.876909e-003,3,8.756741e-001,1.825000e+000,,,,,,,,,,,,,,,,,,0,4.000000e+000,1.500000e+000,2,2,4.987717e-004,0,,0,
1557482189.546,,1.000000e+001,1.000032e+001,8.440768e-007,1.931094e-008,-8.310464e-002,1.430686e-002,3,8.521947e-001,1.825000e+000,,,,,,,,,,,,,,,,,,0,4.000000e+000,1.500000e+000,2,2,2.747536e-003,0,,0,
1557482204.056,,1.000000e+001,9.998199e+000,8.130435e-007,3.714960e-008,-7.668927e-002,9.646186e-003,3,8.452369e-001,1.825000e+000,,,,,,,,,,,,,,,,,,0,4.000000e+000,1.500000e+000,2,2,3.993034e-003,0,,0,
1557482218.026,,1.000000e+001,1.000088e+001,8.669572e-007,1.268233e-008,-6.653075e-002,1.884735e-002,3,8.657323e-001,1.825000e+000,,,,,,,,,,,,,,,,,,0,4.000000e+000,1.500000e+000,2,2,2.248764e-003,0,,0,
1557482230.496,,1.000000e+001,9.999948e+000,8.333242e-007,5.199274e-008,-9.542768e-002,2.382500e-002,3,8.441806e-001,1.825000e+000,,,,,,,,,,,,,,,,,,0,4.000000e+000,1.500000e+000,2,2,3.995895e-003,0,,0,
1557482244.276,,1.000000e+001,9.999262e+000,8.007401e-007,5.280772e-008,-7.393274e-002,1.082257e-002,3,8.602690e-001,1.825000e+000,,,,,,,,,,,,,,,,,,0,4.000000e+000,1.500000e+000,2,2,6.492615e-003,0,,0,
1557482258.436,,1.000000e+001,9.999073e+000,8.365659e-007,5.631794e-009,-7.329166e-002,2.385696e-003,3,8.869146e-001,1.825000e+000,,,,,,,,,,,,,,,,,,0,4.000000e+000,1.500000e+000,2,2,2.995491e-003,0,,0,
1557482271.546,,1.000000e+001,1.000038e+001,8.475614e-007,1.370620e-008,-8.338593e-002,2.768669e-003,3,8.774570e-001,1.825000e+000,,,,,,,,,,,,,,,,,,0,4.000000e+000,1.500000e+000,2,2,4.745483e-003,0,,0,
1557482286.016,,1.000000e+001,9.997890e+000,8.452860e-007,1.725363e-008,-7.001597e-002,2.009463e-002,3,8.715169e-001,1.825000e+000,,,,,,,,,,,,,,,,,,0,4.000000e+000,1.500000e+000,2,2,6.737709e-003,0,,0,
1557482300.736,,1.000000e+001,9.999760e+000,8.349106e-007,1.002769e-009,-7.031402e-002,1.353003e-002,3,8.751712e-001,1.825000e+000,,,,,,,,,,,,,,,,,,0,4.000000e+000,1.500000e+000,2,2,3.746033e-003,0,,0,
1557482315.506,,1.000000e+001,1.000182e+001,8.403587e-007,2.110526e-009,-8.299786e-002,1.095829e-002,3,8.694444e-001,1.825000e+000,,,,,,,,,,,,,,,,,,0,4.000000e+000,1.500000e+000,2,2,2.499580e-003,0,,0,
1557482329.056,,1.000000e+001,9.999136e+000,8.511515e-007,3.894151e-009,-6.902307e-002,7.258926e-003,3,8.636161e-001,1.825000e+000,,,,,,,,,,,,,,,,,,0,4.000000e+000,1.500000e+000,2,2,6.992340e-003,0,,0,
1557482343.527,,1.000000e+001,1.000007e+001,8.315297e-007,9.433658e-009,-7.658029e-002,4.577027e-003,3,8.926058e-001,1.825000e+000,,,,,,,,,,,,,,,,,,0,4.000000e+000,1.500000e+000,2,2,4.495621e-003,0,,0,
1557482358.027,,1.000000e+001,1.000063e+001,8.480319e-007,1.657318e-008,-9.848374e-002,1.894791e-003,3,8.752041e-001,1.825000e+000,,,,,,,,,,,,,,,,,,0,4.000000e+000,1.500000e+000,2,2,3.746033e-003,0,,0,
1557482371.747,,1.000000e+001,9.999511e+000,8.587914e-007,3.750199e-008,-7.875461e-002,1.532110e-002,3,8.843646e-001,1.825000e+000,,,,,,,,,,,,,,,,,,0,4.000000e+000,1.500000e+000,2,2,4.745483e-003,0,,0,
1557482385.027,,1.000000e+001,1.000076e+001,8.593944e-007,1.367071e-008,-8.002266e-002,1.427662e-002,3,8.906829e-001,1.825000e+000,,,,,,,,,,,,,,,,,,0,4.000000e+000,1.500000e+000,2,2,2.246857e-003,0,,0,
1557482398.997,,1.000000e+001,1.000020e+001,8.592451e-007,2.422434e-008,-7.499124e-002,1.821455e-003,3,8.811734e-001,1.825000e+000,,,,,,,,,,,,,,,,,,0,4.000000e+000,1.500000e+000,2,2,2.246857e-003,0,,0,
1557482412.717,,1.000000e+001,9.999137e+000,8.232749e-007,1.244020e-008,-7.641359e-002,2.092675e-002,3,8.512932e-001,1.825000e+000,,,,,,,,,,,,,,,,,,0,4.000000e+000,1.500000e+000,2,2,5.743027e-003,0,,0,
1557482426.737,,1.000000e+001,1.000088e+001,8.442897e-007,1.946087e-008,-5.762351e-002,1.603307e-002,3,8.968388e-001,1.825000e+000,,,,,,,,,,,,,,,,,,0,4.000000e+000,1.500000e+000,2,2,7.495880e-004,0,,0,
1557482440.057,,1.000000e+001,9.998886e+000,8.317813e-007,1.022866e-009,-6.186266e-002,6.237373e-003,3,8.751751e-001,1.825000e+000,,,,,,,,,,,,,,,,,,0,4.000000e+000,1.500000e+000,2,2,4.491806e-003,0,,0,
1557482452.807,,1.000000e+001,1.000013e+001,8.585433e-007,1.874621e-008,-6.704574e-002,2.207312e-002,3,9.015255e-001,1.825000e+000,,,,,,,,,,,,,,,,,,0,4.000000e+000,1.500000e+000,2,2,2.495766e-003,0,,0,
1557482465.837,,1.000000e+001,9.999511e+000,7.971329e-007,2.124007e-008,-8.250442e-002,2.171806e-002,3,7.944107e-001,1.825000e+000,,,,,,,,,,,,,,,,,,0,4.000000e+000,1.500000e+000,2,2,5.243301e-003,0,,0,
1557482478.367,,1.000000e+001,1.000095e+001,8.377889e-007,6.007410e-008,-7.487173e-002,2.815173e-003,3,8.385322e-001,1.825000e+000,,,,,,,,,,,,,,,,,,0,4.000000e+000,1.500000e+000,2,2,2.747536e-003,0,,0,
1557482491.337,,1.000000e+001,9.998387e+000,8.890660e-007,1.709229e-008,-6.081030e-002,1.953118e-002,3,8.931293e-001,1.825000e+000,,,,,,,,,,,,,,,,,,0,4.000000e+000,1.500000e+000,2,2,4.242897e-003,0,,0,
1557482504.567,,1.000000e+001,9.999947e+000,8.565864e-007,2.989826e-008,-7.301614e-002,1.150824e-002,3,8.694640e-001,1.825000e+000,,,,,,,,,,,,,,,,,,0,4.000000e+000,1.500000e+000,2,2,2.995491e-003,0,,0,
1557482518.037,,1.000000e+001,9.999947e+000,8.368385e-007,3.291030e-008,-5.866714e-002,8.328086e-003,3,8.799117e-001,1.825000e+000,,,,,,,,,,,,,,,,,,0,4.000000e+000,1.500000e+000,2,2,2.745628e-003,0,,0,
1557482530.287,,1.000000e+001,1.000001e+001,8.781006e-007,3.934578e-008,-6.318132e-002,2.847438e-003,3,8.979654e-001,1.825000e+000,,,,,,,,,,,,,,,,,,0,4.000000e+000,1.500000e+000,2,2,3.247261e-003,0,,0,
1557482544.797,,1.000000e+001,9.998575e+000,8.176464e-007,1.729925e-008,-8.371381e-002,9.137568e-003,3,8.499081e-001,1.825000e+000,,,,,,,,,,,,,,,,,,0,4.000000e+000,1.500000e+000,2,2,1.996040e-003,0,,0,
1557482557.817,,1.000000e+001,9.999886e+000,7.970604e-007,5.242077e-008,-1.044943e-001,2.322096e-003,3,8.369668e-001,1.825000e+000,,,,,,,,,,,,,,,,,,0,4.000000e+000,1.500000e+000,2,2,4.244804e-003,0,,0,
1557482571.887,,1.000000e+001,1.000045e+001,8.446212e-007,1.772797e-008,-7.623246e-002,2.027912e-002,3,8.611283e-001,1.825000e+000,,,,,,,,,,,,,,,,,,0,4.000000e+000,1.500000e+000,2,2,4.245758e-003,0,,0,
1557482584.917,,1.000000e+001,9.999823e+000,8.176569e-007,2.514704e-008,-7.395087e-002,9.209033e-003,3,8.668604e-001,1.825000e+000,,,,,,,,,,,,,,,,,,0,4.000000e+000,1.500000e+000,2,2,4.245758e-003,0,,0,
1557482598.137,,1.000000e+001,9.999385e+000,7.992845e-007,2.382650e-008,-8.254549e-002,5.175111e-003,3,8.552512e-001,1.825000e+000,,,,,,,,,,,,,,,,,,0,4.000000e+000,1.500000e+000,2,2,3.993988e-003,0,,0,
1557482612.137,,1.000000e+001,9.999012e+000,8.347243e-007,4.341952e-008,-8.148038e-002,1.787486e-002,3,8.569407e-001,1.825000e+000,,,,,,,,,,,,,,,,,,0,4.000000e+000,1.500000e+000,2,2,4.244804e-003,0,,0,
1557482624.907,,1.000000e+001,9.999886e+000,8.374070e-007,1.322298e-008,-6.462976e-002,1.097014e-003,3,8.795459e-001,1.825000e+000,,,,,,,,,,,,,,,,,,0,4.000000e+000,1.500000e+000,2,2,6.241798e-003,0,,0,
1557482638.157,,1.000000e+001,1.000063e+001,8.332145e-007,6.086130e-008,-7.266450e-002,1.994389e-003,3,8.301309e-001,1.825000e+000,,,,,,,,,,,,,,,,,,0,4.000000e+000,1.500000e+000,2,2,3.746986e-003,0,,0,
1557482651.187,,1.000000e+001,9.999573e+000,8.526666e-007,3.238931e-008,-8.322334e-002,1.939636e-002,3,8.551515e-001,1.825000e+000,,,,,,,,,,,,,,,,,,0,4.000000e+000,1.500000e+000,2,2,4.995346e-003,0,,0,
1557482664.407,,1.000000e+001,9.999323e+000,8.328118e-007,4.636328e-008,-8.990834e-002,9.166940e-007,3,8.511137e-001,1.825000e+000,,,,,,,,,,,,,,,,,,0,4.000000e+000,1.500000e+000,2,2,1.745224e-003,0,,0,
1557482676.627,,1.000000e+001,1.000051e+001,8.354243e-007,2.615391e-008,-7.923785e-002,4.598859e-003,3,8.693067e-001,1.825000e+000,,,,,,,,,,,,,,,,,,0,4.000000e+000,1.500000e+000,2,2,3.746986e-003,0,,0,
1557482690.097,,1.000000e+001,9.997452e+000,8.394151e-007,1.369575e-008,-7.438849e-002,1.667092e-002,3,8.584562e-001,1.825000e+000,,,,,,,,,,,,,,,,,,0,4.000000e+000,1.500000e+000,2,2,5.238533e-003,0,,0,
1557482850.957,,1.000000e+001,1.000195e+001,8.553877e-007,1.477171e-008,-8.126128e-002,5.019684e-003,3,8.849443e-001,1.825000e+000,,,,,,,,,,,,,,,,,,0,4.000000e+000,1.500000e+000,2,2,3.499985e-003,0,,0,
1557482887.617,,1.000000e+001,9.428085e+000,8.629567e-007,1.593357e-008,-7.305395e-002,2.601643e-002,3,8.887964e-001,1.825000e+000,,,,,,,,,,,,,,,,,,0,4.000000e+000,1.500000e+000,2,2,4.055700e-001,0,,0,
1557482900.137,,1.000000e+001,9.302010e+000,8.363428e-007,3.433523e-009,-7.729660e-002,5.631730e-003,3,8.729336e-001,1.825000e+000,,,,,,,,,,,,,,,,,,0,4.000000e+000,1.500000e+000,2,2,4.228687e-002,0,,0,
1557482913.027,,1.000000e+001,9.264733e+000,8.655405e-007,3.160768e-008,-8.296835e-002,9.878816e-003,3,8.648019e-001,1.825000e+000,,,,,,,,,,,,,,,,,,0,4.000000e+000,1.500000e+000,2,2,2.904606e-002,0,,0,
1557482926.017,,1.000000e+001,9.212824e+000,8.100944e-007,4.023537e-009,-8.478433e-002,3.687075e-003,3,8.764687e-001,1.825000e+000,,,,,,,,,,,,,,,,,,0,4.000000e+000,1.500000e+000,2,2,6.081581e-002,0,,0,
1557482938.487,,1.000000e+001,9.127646e+000,8.154080e-007,9.741587e-009,-7.842642e-002,2.800454e-002,3,8.557742e-001,1.825000e+000,,,,,,,,,,,,,,,,,,0,4.000000e+000,1.500000e+000,2,2,8.460617e-002,0,,0,
1557482951.257,,1.000000e+001,9.014095e+000,8.727255e-007,5.575722e-008,-7.581248e-002,3.054188e-002,3,8.879355e-001,1.825000e+000,,,,,,,,,,,,,,,,,,0,4.000000e+000,1.500000e+000,2,2,1.042652e-001,0,,0,
1557482965.727,,1.000000e+001,8.886534e+000,8.176958e-007,2.820407e-008,-7.604870e-002,5.888015e-003,3,8.475862e-001,1.825000e+000,,,,,,,,,,,,,,,,,,0,4.000000e+000,1.500000e+000,2,2,1.071072e-001,0,,0,
1557482979.197,,1.000000e+001,8.772894e+000,8.497996e-007,2.237500e-009,-8.247071e-002,8.463509e-004,3,8.663796e-001,1.825000e+000,,,,,,,,,,,,,,,,,,0,4.000000e+000,1.500000e+000,2,2,9.107876e-002,0,,0,
1557482993.917,,1.000000e+001,8.660583e+000,8.306608e-007,9.957350e-010,-8.511539e-002,5.898436e-003,3,8.676351e-001,1.825000e+000,,,,,,,,,,,,,,,,,,0,4.000000e+000,1.500000e+000,2,2,1.054239e-001,0,,0,
1557483008.137,,1.000000e+001,8.531099e+000,8.516905e-007,1.749315e-008,-6.693329e-002,5.741491e-003,3,8.660455e-001,1.825000e+000,,,,,,,,,,,,,,,,,,0,4.000000e+000,1.500000e+000,2,2,8.268261e-002,0,,0,
1557483021.617,,1.000000e+001,8.424061e+000,8.673305e-007,5.163654e-008,-6.898850e-002,6.877528e-003,3,8.744512e-001,1.825000e+000,,,,,,,,,,,,,,,,,,0,4.000000e+000,1.500000e+000,2,2,1.022282e-001,0,,0,
1557483035.377,,1.000000e+001,8.306253e+000,8.403007e-007,4.905783e-008,-7.411167e-002,1.251986e-002,3,8.568192e-001,1.825000e+000,,,,,,,,,,,,,,,,,,0,4.000000e+000,1.500000e+000,2,2,8.067131e-002,0,,0,
1557483048.557,,1.000000e+001,8.200264e+000,8.252175e-007,1.341053e-008,-7.221171e-002,2.999723e-003,3,8.728143e-001,1.825000e+000,,,,,,,,,,,,,,,,,,0,4.000000e+000,1.500000e+000,2,2,1.046162e-001,0,,0,
1557483062.408,,1.000000e+001,8.089336e+000,8.356855e-007,9.805898e-009,-7.966820e-002,1.225698e-002,3,8.665863e-001,1.825000e+000,,,,,,,,,,,,,,,,,,0,4.000000e+000,1.500000e+000,2,2,8.357620e-002,0,,0,
1557483076.398,,1.000000e+001,7.980809e+000,8.355628e-007,4.877542e-008,-7.977006e-002,2.340599e-003,3,8.844309e-001,1.825000e+000,,,,,,,,,,,,,,,,,,0,4.000000e+000,1.500000e+000,2,2,9.768343e-002,0,,0,
1557483092.168,,1.000000e+001,7.855464e+000,8.345115e-007,2.894396e-008,-6.585678e-002,4.642264e-003,3,8.701273e-001,1.825000e+000,,,,,,,,,,,,,,,,,,0,4.000000e+000,1.500000e+000,2,2,8.654737e-002,0,,0,
1557483106.178,,1.000000e+001,7.745950e+000,8.252099e-007,6.904227e-009,-7.649729e-002,6.008065e-003,3,8.461553e-001,1.825000e+000,,,,,,,,,,,,,,,,,,0,4.000000e+000,1.500000e+000,2,2,8.805275e-002,0,,0,
1557483119.938,,1.000000e+001,7.648958e+000,8.276676e-007,1.154294e-008,-8.621988e-002,1.166312e-002,3,8.801705e-001,1.825000e+000,,,,,,,,,,,,,,,,,,0,4.000000e+000,1.500000e+000,2,2,8.491182e-002,0,,0,
1557483133.448,,1.000000e+001,7.531550e+000,8.311256e-007,1.354060e-008,-8.536751e-002,2.207142e-002,3,8.638945e-001,1.825000e+000,,,,,,,,,,,,,,,,,,0,4.000000e+000,1.500000e+000,2,2,8.623886e-002,0,,0,
1557483146.968,,1.000000e+001,7.421543e+000,8.595623e-007,1.493345e-008,-7.828556e-002,1.682136e-002,3,8.789545e-001,1.825000e+000,,,,,,,,,,,,,,,,,,0,4.000000e+000,1.500000e+000,2,2,9.591293e-002,0,,0,
1557483160.228,,1.000000e+001,7.309508e+000,8.414623e-007,2.542205e-008,-1.027985e-001,1.315835e-002,3,8.452836e-001,1.825000e+000,,,,,,,,,,,,,,,,,,0,4.000000e+000,1.500000e+000,2,2,9.365988e-002,0,,0,
1557483174.238,,1.000000e+001,7.201714e+000,8.567780e-007,1.800535e-008,-6.893513e-002,5.093747e-003,3,8.751172e-001,1.825000e+000,,,,,,,,,,,,,,,,,,0,4.000000e+000,1.500000e+000,2,2,9.753704e-002,0,,0,
1557483187.198,,1.000000e+001,7.090019e+000,8.313706e-007,7.717198e-009,-8.842207e-002,2.319298e-002,3,8.654641e-001,1.825000e+000,,,,,,,,,,,,,,,,,,0,4.000000e+000,1.500000e+000,2,2,8.858299e-002,0,,0,
1557483201.768,,1.000000e+001,6.976594e+000,8.799071e-007,1.974733e-008,-6.339499e-002,1.565872e-002,3,9.028223e-001,1.825000e+000,,,,,,,,,,,,,,,,,,0,4.000000e+000,1.500000e+000,2,2,9.848595e-002,0,,0,
1557483215.238,,1.000000e+001,6.867932e+000,8.435063e-007,2.203162e-008,-7.654154e-002,5.777427e-003,3,8.700069e-001,1.825000e+000,,,,,,,,,,,,,,,,,,0,4.000000e+000,1.500000e+000,2,2,1.006103e-001,0,,0,
1557483229.458,,1.000000e+001,6.753581e+000,8.346194e-007,4.048674e-008,-8.839138e-002,1.132022e-003,3,8.900098e-001,1.825000e+000,,,,,,,,,,,,,,,,,,0,4.000000e+000,1.500000e+000,2,2,9.746027e-002,0,,0,
1557483242.678,,1.000000e+001,6.653288e+000,8.309131e-007,4.868141e-009,-6.668383e-002,4.797866e-003,3,8.707353e-001,1.825000e+000,,,,,,,,,,,,,,,,,,0,4.000000e+000,1.500000e+000,2,2,5.623913e-002,0,,0,
1557483258.248,,1.000000e+001,6.578282e+000,8.466649e-007,1.506589e-008,-7.669304e-002,8.387292e-003,3,8.800884e-001,1.825000e+000,,,,,,,,,,,,,,,,,,0,4.000000e+000,1.500000e+000,2,2,9.191227e-002,0,,0,
1557483272.218,,1.000000e+001,6.468002e+000,8.305183e-007,2.953080e-008,-6.828229e-002,1.145921e-002,3,8.814120e-001,1.825000e+000,,,,,,,,,,,,,,,,,,0,4.000000e+000,1.500000e+000,2,2,9.131289e-002,0,,0,
1557483286.688,,1.000000e+001,6.354476e+000,8.379718e-007,7.265373e-009,-6.634568e-002,1.085544e-002,3,8.646944e-001,1.825000e+000,,,,,,,,,,,,,,,,,,0,4.000000e+000,1.500000e+000,2,2,1.076531e-001,0,,0,
1557483300.658,,1.000000e+001,6.223944e+000,8.306251e-007,3.305360e-008,-7.918102e-002,4.250483e-003,3,8.727228e-001,1.825000e+000,,,,,,,,,,,,,,,,,,0,4.000000e+000,1.500000e+000,2,2,8.869982e-002,0,,0,
1557483315.878,,1.000000e+001,6.105679e+000,8.198662e-007,1.127673e-008,-8.545841e-002,9.400181e-003,3,8.579240e-001,1.825000e+000,,,,,,,,,,,,,,,,,,0,4.000000e+000,1.500000e+000,2,2,9.594774e-002,0,,0,
1557483330.608,,1.000000e+001,5.979273e+000,8.216852e-007,2.373027e-008,-9.862214e-002,1.085008e-002,3,8.408970e-001,1.825000e+000,,,,,,,,,,,,,,,,,,0,4.000000e+000,1.500000e+000,2,2,9.609985e-002,0,,0,
1557483346.098,,1.000000e+001,5.859714e+000,8.313625e-007,1.037702e-008,-8.619574e-002,1.157603e-002,3,8.608843e-001,1.825000e+000,,,,,,,,,,,,,,,,,,0,4.000000e+000,1.500000e+000,2,2,9.427309e-002,0,,0,
1557483359.998,,1.000000e+001,5.753510e+000,8.562105e-007,2.414154e-009,-8.438472e-002,1.095882e-002,3,8.761543e-001,1.825000e+000,,,,,,,,,,,,,,,,,,0,4.000000e+000,1.500000e+000,2,2,8.351898e-002,0,,0,
1557483374.858,,1.000000e+001,5.641433e+000,8.001865e-007,6.116855e-008,-7.408784e-002,4.843716e-003,3,8.611148e-001,1.825000e+000,,,,,,,,,,,,,,,,,,0,4.000000e+000,1.500000e+000,2,2,8.560324e-002,0,,0,
1557483389.578,,1.000000e+001,5.533760e+000,8.472030e-007,9.243820e-009,-8.147738e-002,1.340046e-002,3,8.687673e-001,1.825000e+000,,,,,,,,,,,,,,,,,,0,4.000000e+000,1.500000e+000,2,2,1.293221e-001,0,,0,
1557483403.548,,1.000000e+001,5.396355e+000,8.430160e-007,8.341698e-009,-7.160354e-002,1.037476e-003,3,8.872942e-001,1.825000e+000,,,,,,,,,,,,,,,,,,0,4.000000e+000,1.500000e+000,2,2,1.070142e-001,0,,0,
1557483418.518,,1.000000e+001,5.265509e+000,8.413413e-007,6.873357e-009,-6.122905e-002,2.209986e-003,3,8.952844e-001,1.825000e+000,,,,,,,,,,,,,,,,,,0,4.000000e+000,1.500000e+000,2,2,9.361839e-002,0,,0,
1557483433.028,,1.000000e+001,5.152376e+000,8.443138e-007,1.087716e-008,-8.269882e-002,3.415739e-004,3,8.765837e-001,1.825000e+000,,,,,,,,,,,,,,,,,,0,4.000000e+000,1.500000e+000,2,2,1.063581e-001,0,,0,
1557483447.248,,1.000000e+001,5.028197e+000,8.239825e-007,6.809167e-009,-7.761100e-002,7.791451e-003,3,8.741548e-001,1.825000e+000,,,,,,,,,,,,,,,,,,0,4.000000e+000,1.500000e+000,2,2,8.898878e-002,0,,0,
1557483461.488,,1.000000e+001,4.908178e+000,8.480672e-007,2.114557e-008,-7.813336e-002,3.528002e-003,3,8.918171e-001,1.825000e+000,,,,,,,,,,,,,,,,,,0,4.000000e+000,1.500000e+000,2,2,8.925390e-002,0,,0,
1557483475.208,,1.000000e+001,4.791229e+000,8.401779e-007,6.910497e-009,-8.272892e-002,7.065387e-003,3,8.419871e-001,1.825000e+000,,,,,,,,,,,,,,,,,,0,4.000000e+000,1.500000e+000,2,2,8.924913e-002,0,,0,
1557483488.928,,1.000000e+001,4.681630e+000,8.649862e-007,9.141806e-009,-7.951725e-002,8.845464e-003,3,8.900170e-001,1.825000e+000,,,,,,,,,,,,,,,,,,0,4.000000e+000,1.500000e+000,2,2,9.991217e-002,0,,0,
1557483503.668,,1.000000e+001,4.554905e+000,8.268235e-007,7.764105e-009,-7.100952e-002,3.483495e-003,3,8.755136e-001,1.825000e+000,,,,,,,,,,,,,,,,,,0,4.000000e+000,1.500000e+000,2,2,9.825230e-002,0,,0,
1557483518.168,,1.000000e+001,4.436554e+000,8.286318e-007,1.678621e-008,-8.059987e-002,9.315075e-003,3,8.688858e-001,1.825000e+000,,,,,,,,,,,,,,,,,,0,4.000000e+000,1.500000e+000,2,2,9.115934e-002,0,,0,
1557483533.108,,1.000000e+001,4.314305e+000,8.610460e-007,1.033329e-008,-6.931150e-002,2.195755e-002,3,8.816520e-001,1.825000e+000,,,,,,,,,,,,,,,,,,0,4.000000e+000,1.500000e+000,2,2,1.053438e-001,0,,0,
1557483546.988,,1.000000e+001,4.099906e+000,8.104494e-007,3.145410e-009,-8.889911e-002,5.415312e-003,3,8.687931e-001,1.825000e+000,,,,,,,,,,,,,,,,,,0,4.000000e+000,1.500000e+000,2,2,2.064757e-001,0,,0,
1557483561.458,,1.000000e+001,4.083577e+000,8.473709e-007,1.172815e-008,-7.149763e-002,1.097906e-002,3,8.726116e-001,1.825000e+000,,,,,,,,,,,,,,,,,,0,4.000000e+000,1.500000e+000,2,2,1.972198e-002,0,,0,
1557483575.918,,1.000000e+001,3.960534e+000,8.478268e-007,1.820447e-008,-7.385099e-002,1.300968e-003,3,8.731861e-001,1.825000e+000,,,,,,,,,,,,,,,,,,0,4.000000e+000,1.500000e+000,2,2,1.824212e-001,0,,0,
1557483590.988,,1.000000e+001,3.824013e+000,8.262332e-007,2.051484e-008,-8.353050e-002,9.156018e-003,3,8.494624e-001,1.825000e+000,,,,,,,,,,,,,,,,,,0,4.000000e+000,1.500000e+000,2,2,1.078241e-001,0,,0,
1557483604.988,,1.000000e+001,3.732914e+000,8.444987e-007,1.512418e-008,-6.707457e-002,1.424052e-002,3,8.768157e-001,1.825000e+000,,,,,,,,,,,,,,,,,,0,4.000000e+000,1.500000e+000,2,2,9.403586e-002,0,,0,
1557483619.008,,1.000000e+001,3.616229e+000,8.395446e-007,4.056777e-009,-8.535172e-002,2.759006e-002,3,8.738215e-001,1.825000e+000,,,,,,,,,,,,,,,,,,0,4.000000e+000,1.500000e+000,2,2,9.614182e-002,0,,0,
1557483632.728,,1.000000e+001,3.508113e+000,8.344574e-007,2.790397e-008,-7.774422e-002,1.992468e-002,3,8.712653e-001,1.825000e+000,,,,,,,,,,,,,,,,,,0,4.000000e+000,1.500000e+000,2,2,9.844613e-002,0,,0,
1557483647.698,,1.000000e+001,3.380317e+000,8.507434e-007,3.426674e-008,-8.040349e-002,2.265546e-002,3,8.684976e-001,1.825000e+000,,,,,,,,,,,,,,,,,,0,4.000000e+000,1.500000e+000,2,2,9.709501e-002,0,,0,
1557483661.918,,1.000000e+001,3.257532e+000,8.511109e-007,4.621347e-009,-6.426692e-002,1.781521e-003,3,8.707702e-001,1.825000e+000,,,,,,,,,,,,,,,,,,0,4.000000e+000,1.500000e+000,2,2,9.741712e-002,0,,0,
1557483676.638,,1.000000e+001,3.136886e+000,8.349028e-007,1.083592e-008,-7.214525e-002,8.020809e-004,3,8.647168e-001,1.825000e+000,,,,,,,,,,,,,,,,,,0,4.000000e+000,1.500000e+000,2,2,1.055670e-001,0,,0,
1557483691.418,,1.000000e+001,3.014554e+000,8.716709e-007,2.189725e-008,-7.118684e-002,1.396824e-002,3,8.707467e-001,1.825000e+000,,,,,,,,,,,,,,,,,,0,4.000000e+000,1.500000e+000,2,2,8.776188e-002,0,,0,
1557483705.638,,1.000000e+001,2.894123e+000,8.355079e-007,3.939410e-009,-8.129843e-002,4.573776e-004,3,8.655097e-001,1.825000e+000,,,,,,,,,,,,,,,,,,0,4.000000e+000,1.500000e+000,2,2,9.304786e-002,0,,0,
1557483720.608,,1.000000e+001,2.773204e+000,8.258850e-007,6.685650e-009,-6.179511e-002,1.874049e-003,3,8.560458e-001,1.825000e+000,,,,,,,,,,,,,,,,,,0,4.000000e+000,1.500000e+000,2,2,9.419107e-002,0,,0,
1557483735.148,,1.000000e+001,2.646704e+000,8.585403e-007,3.515665e-008,-9.035099e-002,2.023993e-002,3,8.686886e-001,1.825000e+000,,,,,,,,,,,,,,,,,,0,4.000000e+000,1.500000e+000,2,2,9.393311e-002,0,,0,
1557483750.368,,1.000000e+001,2.534049e+000,8.427169e-007,4.285765e-009,-8.240287e-002,9.189135e-003,3,8.823527e-001,1.825000e+000,,,,,,,,,,,,,,,,,,0,4.000000e+000,1.500000e+000,2,2,8.762383e-002,0,,0,
1557483765.868,,1.000000e+001,2.418237e+000,8.527343e-007,3.333215e-008,-6.944402e-002,3.745575e-003,3,8.641437e-001,1.825000e+000,,,,,,,,,,,,,,,,,,0,4.000000e+000,1.500000e+000,2,2,8.640194e-002,0,,0,
1557483780.839,,1.000000e+001,2.300407e+000,8.433574e-007,5.766083e-009,-8.531075e-002,1.146089e-003,3,8.573565e-001,1.825000e+000,,,,,,,,,,,,,,,,,,0,4.000000e+000,1.500000e+000,2,2,8.673906e-002,0,,0,
1557483794.989,,1.000000e+001,2.197833e+000,8.374268e-007,2.139470e-008,-7.013929e-002,9.415190e-003,3,8.491325e-001,1.825000e+000,,,,,,,,,,,,,,,,,,0,4.000000e+000,1.500000e+000,2,2,5.993700e-002,0,,0,
1557483809.309,,1.000000e+001,2.110888e+000,8.355282e-007,1.580740e-008,-8.100376e-002,2.801322e-003,3,8.608123e-001,1.825000e+000,,,,,,,,,,,,,,,,,,0,4.000000e+000,1.500000e+000,2,2,6.068301e-002,0,,0,
1557483825.279,,1.000000e+001,2.009418e+000,8.291698e-007,3.917395e-008,-9.543091e-002,1.525298e-002,3,8.459424e-001,1.825000e+000,,,,,,,,,,,,,,,,,,0,4.000000e+000,1.500000e+000,2,2,6.380796e-002,0,,0,
1557483956.689,,1.000000e+001,1.876763e+000,8.389660e-007,3.103206e-009,-7.157128e-002,2.362895e-003,3,8.729314e-001,1.825000e+000,,,,,,,,,,,,,,,,,,0,4.000000e+000,1.500000e+000,2,2,1.578010e-001,0,,0,
1557483971.259,,1.000000e+001,1.808231e+000,8.591838e-007,2.771245e-008,-5.595049e-002,1.664014e-002,3,8.814556e-001,1.825000e+000,,,,,,,,,,,,,,,,,,0,4.000000e+000,1.500000e+000,2,2,9.419918e-004,0,,0,
1557483985.779,,1.000000e+001,1.809102e+000,8.359160e-007,3.953960e-009,-5.483171e-002,1.573598e-002,3,8.760519e-001,1.825000e+000,,,,,,,,,,,,,,,,,,0,4.000000e+000,1.500000e+000,2,2,5.869865e-004,0,,0,
1557483999.789,,1.000000e+001,1.808476e+000,8.612029e-007,4.154743e-008,-6.029712e-002,5.359938e-003,3,8.961462e-001,1.825000e+000,,,,,,,,,,,,,,,,,,0,4.000000e+000,1.500000e+000,2,2,1.528025e-003,0,,0,
1557484014.009,,1.000000e+001,1.807863e+000,8.394666e-007,2.933787e-009,-8.111995e-002,2.671887e-002,3,8.619771e-001,1.825000e+000,,,,,,,,,,,,,,,,,,0,4.000000e+000,1.500000e+000,2,2,1.313925e-003,0,,0,
1557484027.539,,1.000000e+001,1.807367e+000,8.355022e-007,5.645822e-009,-6.617500e-002,1.295171e-002,3,8.703207e-001,1.825000e+000,,,,,,,,,,,,,,,,,,0,4.000000e+000,1.500000e+000,2,2,1.915097e-003,0,,0,
1557484041.509,,1.000000e+001,1.808049e+000,8.397181e-007,3.808698e-008,-6.706012e-002,5.915774e-003,3,8.783005e-001,1.825000e+000,,,,,,,,,,,,,,,,,,0,4.000000e+000,1.500000e+000,2,2,2.839565e-004,0,,0,
1557484055.439,,1.000000e+001,1.807464e+000,8.537442e-007,1.191043e-008,-7.173345e-002,1.946358e-002,3,8.837210e-001,1.825000e+000,,,,,,,,,,,,,,,,,,0,4.000000e+000,1.500000e+000,2,2,1.471996e-003,0,,0,
1557484069.509,,1.000000e+001,1.807491e+000,8.491612e-007,3.154510e-008,-8.368994e-002,2.323419e-003,3,8.647465e-001,1.825000e+000,,,,,,,,,,,,,,,,,,0,4.000000e+000,1.500000e+000,2,2,1.738071e-003,0,,0,
1557484083.489,,1.000000e+001,1.807500e+000,8.405747e-007,1.677146e-008,-7.424489e-002,2.978899e-002,3,8.595998e-001,1.825000e+000,,,,,,,,,,,,,,,,,,0,4.000000e+000,1.500000e+000,2,2,9.759665e-004,0,,0,
1557484097.969,,1.000000e+001,1.807216e+000,8.486163e-007,2.296759e-008,-7.199033e-002,1.569644e-002,3,8.649465e-001,1.825000e+000,,,,,,,,,,,,,,,,,,0,4.000000e+000,1.500000e+000,2,2,6.209612e-004,0,,0,
1557484112.199,,1.000000e+001,1.806220e+000,8.164204e-007,3.409680e-008,-8.660083e-002,4.513999e-002,3,8.555806e-001,1.825000e+000,,,,,,,,,,,,,,,,,,0,4.000000e+000,1.500000e+000,2,2,1.678944e-003,0,,0,
1557484123.729,,1.000000e+001,1.806291e+000,8.480351e-007,0.000000e+000,-8.347394e-002,0.000000e+000,3,8.459837e-001,1.825000e+000,,,,,,,,,,,,,,,,,,0,4.000000e+000,1.500000e+000,2,1,1.184940e-003,0,,0,
1557484350.919,,5.000000e+001,1.801166e+000,1.447299e-006,2.280017e-008,-4.094534e-002,1.473317e-003,3,9.161787e-001,1.825000e+000,,,,,,,,,,,,,,,,,,0,4.000000e+000,1.500000e+000,2,2,1.821995e-003,0,,0,
1557484393.969,,5.000000e+001,1.930948e+000,1.430068e-006,6.159063e-009,-4.739525e-002,1.292573e-002,3,9.184409e-001,1.825000e+000,,,,,,,,,,,,,,,,,,0,4.000000e+000,1.500000e+000,2,2,5.654693e-002,0,,0,
1557484413.439,,5.000000e+001,2.037040e+000,1.439548e-006,3.261001e-008,-4.707728e-002,1.109846e-002,3,9.020806e-001,1.825000e+000,,,,,,,,,,,,,,,,,,0,4.000000e+000,1.500000e+000,2,2,7.436299e-002,0,,0,
1557484431.409,,5.000000e+001,2.179704e+000,1.439943e-006,3.483565e-009,-3.822089e-002,4.570878e-003,3,9.212864e-001,1.825000e+000,,,,,,,,,,,,,,,,,,0,4.000000e+000,1.500000e+000,2,2,1.266210e-001,0,,0,
1557484444.929,,5.000000e+001,2.337345e+000,1.453092e-006,1.661193e-008,-4.745881e-002,1.233135e-003,3,9.099752e-001,1.825000e+000,,,,,,,,,,,,,,,,,,0,4.000000e+000,1.500000e+000,2,2,1.147931e-001,0,,0,
1557484458.159,,5.000000e+001,2.479564e+000,1.437074e-006,1.383876e-008,-4.045603e-002,2.146889e-003,3,9.191552e-001,1.825000e+000,,,,,,,,,,,,,,,,,,0,4.000000e+000,1.500000e+000,2,2,1.159470e-001,0,,0,
1557484471.829,,5.000000e+001,2.620829e+000,1.450111e-006,9.998269e-009,-4.162767e-002,3.204022e-003,3,9.070228e-001,1.825000e+000,,,,,,,,,,,,,,,,,,0,4.000000e+000,1.500000e+000,2,2,1.181228e-001,0,,0,
1557484485.650,,5.000000e+001,2.741154e+000,1.428710e-006,1.526952e-008,-4.273056e-002,1.251190e-003,3,9.136885e-001,1.825000e+000,,,,,,,,,,,,,,,,,,0,4.000000e+000,1.500000e+000,2,2,9.896016e-002,0,,0,
1557484499.370,,5.000000e+001,2.855263e+000,1.418991e-006,2.110196e-008,-4.301141e-002,2.443247e-003,3,8.985243e-001,1.825000e+000,,,,,,,,,,,,,,,,,,0,4.000000e+000,1.500000e+000,2,2,9.602904e-002,0,,0,
1557484514.130,,5.000000e+001,2.958705e+000,1.430333e-006,1.061179e-008,-4.089661e-002,1.240882e-002,3,9.201731e-001,1.825000e+000,,,,,,,,,,,,,,,,,,0,4.000000e+000,1.500000e+000,2,2,8.419013e-002,0,,0,
1557484528.890,,5.000000e+001,3.085216e+000,1.457964e-006,2.454959e-008,-5.114448e-002,1.095653e-002,3,8.977448e-001,1.825000e+000,,,,,,,,,,,,,,,,,,0,4.000000e+000,1.500000e+000,2,2,8.156586e-002,0,,0,
1557484543.360,,5.000000e+001,3.188814e+000,1.422630e-006,1.286911e-008,-4.258564e-002,1.547349e-002,3,9.010227e-001,1.825000e+000,,,,,,,,,,,,,,,,,,0,4.000000e+000,1.500000e+000,2,2,8.023691e-002,0,,0,
1557484557.890,,5.000000e+001,3.292999e+000,1.433621e-006,1.356865e-008,-4.493431e-002,6.849964e-003,3,9.046154e-001,1.825000e+000,,,,,,,,,,,,,,,,,,0,4.000000e+000,1.500000e+000,2,2,8.599496e-002,0,,0,
1557484572.670,,5.000000e+001,3.402547e+000,1.418853e-006,9.920533e-009,-4.264297e-002,1.310659e-002,3,9.054993e-001,1.825000e+000,,,,,,,,,,,,,,,,,,0,4.000000e+000,1.500000e+000,2,2,7.485890e-002,0,,0,
1557484586.890,,5.000000e+001,3.503697e+000,1.401485e-006,8.025288e-009,-4.932321e-002,4.710002e-003,3,9.156075e-001,1.825000e+000,,,,,,,,,,,,,,,,,,0,4.000000e+000,1.500000e+000,2,2,7.229614e-002,0,,0,
1557484600.660,,5.000000e+001,3.602509e+000,1.429054e-006,1.098809e-008,-3.793631e-002,8.156627e-004,3,9.014279e-001,1.825000e+000,,,,,,,,,,,,,,,,,,0,4.000000e+000,1.500000e+000,2,2,9.518409e-002,0,,0,
1557484614.690,,5.000000e+001,3.706113e+000,1.415165e-006,1.187068e-008,-3.608177e-002,1.309123e-002,3,9.210552e-001,1.825000e+000,,,,,,,,,,,,,,,,,,0,4.000000e+000,1.500000e+000,2,2,8.014297e-002,0,,0,
1557484630.160,,5.000000e+001,3.806089e+000,1.417128e-006,7.129838e-009,-4.904483e-002,1.649133e-002,3,8.929363e-001,1.825000e+000,,,,,,,,,,,,,,,,,,0,4.000000e+000,1.500000e+000,2,2,1.016750e-001,0,,0,
1557484646.140,,5.000000e+001,3.921278e+000,1.422216e-006,4.824208e-009,-4.077701e-002,3.961898e-003,3,9.091538e-001,1.825000e+000,,,,,,,,,,,,,,,,,,0,4.000000e+000,1.500000e+000,2,2,7.796693e-002,0,,0,
1557484660.660,,5.000000e+001,4.039593e+000,1.404691e-006,3.055520e-008,-4.986407e-002,1.716575e-003,3,8.996798e-001,1.825000e+000,,,,,,,,,,,,,,,,,,0,4.000000e+000,1.500000e+000,2,2,1.595070e-001,0,,0,
1557484674.690,,5.000000e+001,4.323967e+000,1.439123e-006,1.383723e-008,-8.266370e-002,6.262217e-002,3,6.868650e-001,1.825000e+000,,,,,,,,,,,,,,,,,,0,4.000000e+000,1.500000e+000,2,2,1.108241e-001,0,,0,
1557484687.480,,5.000000e+001,4.426607e+000,1.420961e-006,2.852490e-008,-3.589250e-002,1.288960e-002,3,9.073099e-001,1.825000e+000,,,,,,,,,,,,,,,,,,0,4.000000e+000,1.500000e+000,2,2,5.665779e-002,0,,0,
1557484700.960,,5.000000e+001,4.515092e+000,1.430432e-006,1.002729e-008,-3.894997e-002,1.087088e-002,3,9.002222e-001,1.825000e+000,,,,,,,,,,,,,,,,,,0,4.000000e+000,1.500000e+000,2,2,1.016269e-001,0,,0,
1557484714.780,,5.000000e+001,4.650527e+000,1.438804e-006,5.545150e-008,-4.014987e-002,6.939671e-003,3,9.027464e-001,1.825000e+000,,,,,,,,,,,,,,,,,,0,4.000000e+000,1.500000e+000,2,2,8.644009e-002,0,,0,
1557484728.770,,5.000000e+001,4.770949e+000,1.413685e-006,1.267674e-008,-4.260003e-002,1.621100e-003,3,9.018716e-001,1.825000e+000,,,,,,,,,,,,,,,,,,0,4.000000e+000,1.500000e+000,2,2,1.055951e-001,0,,0,
1557484742.740,,5.000000e+001,4.889830e+000,1.419045e-006,1.216563e-008,-3.068792e-002,1.300890e-003,3,8.894954e-001,1.825000e+000,,,,,,,,,,,,,,,,,,0,4.000000e+000,1.500000e+000,2,2,9.172440e-002,0,,0,
1557484815.460,,5.000000e+001,4.993837e+000,1.418829e-006,2.203158e-008,-4.359746e-002,3.781199e-003,3,8.900291e-001,1.825000e+000,,,,,,,,,,,,,,,,,,0,4.000000e+000,1.500000e+000,2,2,4.457712e-002,0,,0,
1557484828.460,,5.000000e+001,5.003731e+000,1.439213e-006,1.467094e-008,-3.716867e-002,2.259479e-003,3,9.082152e-001,1.825000e+000,,,,,,,,,,,,,,,,,,0,4.000000e+000,1.500000e+000,2,2,2.034187e-003,0,,0,
1557484841.610,,5.000000e+001,5.002739e+000,1.407593e-006,1.726420e-008,-3.370015e-002,1.568861e-003,3,9.043860e-001,1.825000e+000,,,,,,,,,,,,,,,,,,0,4.000000e+000,1.500000e+000,2,2,2.955914e-003,0,,0,
1557484854.710,,5.000000e+001,5.002624e+000,1.421322e-006,1.672126e-008,-4.219405e-002,9.603704e-003,3,8.959148e-001,1.825000e+000,,,,,,,,,,,,,,,,,,0,4.000000e+000,1.500000e+000,2,2,1.014709e-003,0,,0,
1557484868.430,,5.000000e+001,5.001493e+000,1.446149e-006,1.221877e-008,-3.866298e-002,1.077563e-002,3,8.975438e-001,1.825000e+000,,,,,,,,,,,,,,,,,,0,4.000000e+000,1.500000e+000,2,2,1.754284e-003,0,,0,
1557484881.980,,5.000000e+001,5.000962e+000,1.409157e-006,1.123215e-008,-4.250508e-002,1.080540e-005,3,8.837678e-001,1.825000e+000,,,,,,,,,,,,,,,,,,0,4.000000e+000,1.500000e+000,2,2,1.939297e-003,0,,0,
1557484895.740,,5.000000e+001,5.000731e+000,1.394652e-006,1.016355e-008,-3.876126e-002,7.677117e-003,3,8.914582e-001,1.825000e+000,,,,,,,,,,,,,,,,,,0,4.000000e+000,1.500000e+000,2,2,1.107216e-003,0,,0,
