Sample SnGe_sample3
Comments 
Filename C:\WINDMAX\DATA\Kagawalab\181122_sample3.raw
Goniometer TTRáV êÖïΩ∫ﬁ∆µ“∞¿(Tsé≤éËìÆ,ADS)
Attachment ïWèÄééóøŒŸ¿ﬁ∞
Monochromater å≈íË”…∏€“∞¿
ScanningMode 2Theta/Theta
ScanningType Continuos Scanning
X-Ray 40kV/300mA
î≠éUΩÿØƒ 2/3Åã
î≠éUècêßå¿ΩÿØƒ 10mm
éUóêΩÿØƒ 2/3Åã
éÛåıΩÿØƒ 0.3mm
±Ø√»∞¿ äJï˙
”…∏€éÛåıΩÿØƒ 0.8mm
Start 10
Stop 90
Step 0.02
10 258
10.02 246
10.04 239
10.06 258
10.08 266
10.1 248
10.12 263
10.14 266
10.16 261
10.18 285
10.2 250
10.22 264
10.24 252
10.26 240
10.28 322
10.3 288
10.32 253
10.34 269
10.36 279
10.38 249
10.4 265
10.42 237
10.44 245
10.46 267
10.48 234
10.5 269
10.52 273
10.54 280
10.56 285
10.58 245
10.6 237
10.62 245
10.64 250
10.66 244
10.68 283
10.7 260
10.72 230
10.74 245
10.76 279
10.78 269
10.8 236
10.82 237
10.84 295
10.86 263
10.88 250
10.9 258
10.92 243
10.94 268
10.96 242
10.98 243
11 214
11.02 248
11.04 226
11.06 261
11.08 243
11.1 247
11.12 269
11.14 218
11.16 249
11.18 252
11.2 247
11.22 228
11.24 263
11.26 232
11.28 236
11.3 233
11.32 264
11.34 248
11.36 256
11.38 246
11.4 239
11.42 272
11.44 251
11.46 250
11.48 232
11.5 233
11.52 235
11.54 275
11.56 256
11.58 243
11.6 242
11.62 244
11.64 257
11.66 237
11.68 229
11.7 231
11.72 237
11.74 247
11.76 250
11.78 245
11.8 250
11.82 229
11.84 253
11.86 240
11.88 247
11.9 236
11.92 238
11.94 239
11.96 242
11.98 231
12 242
12.02 246
12.04 270
12.06 217
12.08 251
12.1 236
12.12 233
12.14 254
12.16 248
12.18 229
12.2 237
12.22 250
12.24 226
12.26 233
12.28 242
12.3 226
12.32 240
12.34 226
12.36 230
12.38 219
12.4 226
12.42 251
12.44 214
12.46 222
12.48 231
12.5 235
12.52 231
12.54 244
12.56 235
12.58 210
12.6 247
12.62 235
12.64 218
12.66 241
12.68 222
12.7 218
12.72 250
12.74 213
12.76 235
12.78 228
12.8 220
12.82 233
12.84 245
12.86 217
12.88 215
12.9 233
12.92 224
12.94 258
12.96 217
12.98 233
13 206
13.02 233
13.04 199
13.06 232
13.08 233
13.1 186
13.12 206
13.14 239
13.16 193
13.18 225
13.2 210
13.22 200
13.24 231
13.26 181
13.28 233
13.3 213
13.32 240
13.34 238
13.36 218
13.38 212
13.4 220
13.42 230
13.44 230
13.46 211
13.48 221
13.5 195
13.52 220
13.54 226
13.56 220
13.58 226
13.6 252
13.62 239
13.64 221
13.66 262
13.68 218
13.7 233
13.72 184
13.74 235
13.76 230
13.78 182
13.8 213
13.82 212
13.84 214
13.86 207
13.88 236
13.9 210
13.92 225
13.94 218
13.96 221
13.98 207
14 217
14.02 216
14.04 229
14.06 200
14.08 215
14.1 197
14.12 207
14.14 198
14.16 216
14.18 214
14.2 209
14.22 203
14.24 208
14.26 195
14.28 232
14.3 191
14.32 237
14.34 201
14.36 236
14.38 195
14.4 238
14.42 230
14.44 198
14.46 197
14.48 189
14.5 212
14.52 219
14.54 210
14.56 198
14.58 200
14.6 200
14.62 250
14.64 198
14.66 203
14.68 209
14.7 225
14.72 212
14.74 213
14.76 206
14.78 222
14.8 216
14.82 214
14.84 219
14.86 221
14.88 214
14.9 229
14.92 195
14.94 207
14.96 207
14.98 197
15 243
15.02 216
15.04 201
15.06 207
15.08 235
15.1 204
15.12 191
15.14 230
15.16 222
15.18 224
15.2 221
15.22 203
15.24 207
15.26 211
15.28 208
15.3 199
15.32 223
15.34 219
15.36 236
15.38 193
15.4 203
15.42 202
15.44 199
15.46 208
15.48 213
15.5 189
15.52 219
15.54 209
15.56 181
15.58 242
15.6 231
15.62 226
15.64 224
15.66 201
15.68 196
15.7 204
15.72 203
15.74 211
15.76 204
15.78 186
15.8 207
15.82 219
15.84 197
15.86 191
15.88 197
15.9 210
15.92 203
15.94 185
15.96 214
15.98 226
16 202
16.02 218
16.04 207
16.06 211
16.08 175
16.1 229
16.12 166
16.14 213
16.16 214
16.18 191
16.2 182
16.22 209
16.24 245
16.26 205
16.28 204
16.3 188
16.32 226
16.34 199
16.36 187
16.38 188
16.4 227
16.42 204
16.44 170
16.46 192
16.48 212
16.5 189
16.52 223
16.54 199
16.56 190
16.58 200
16.6 190
16.62 172
16.64 216
16.66 209
16.68 203
16.7 202
16.72 236
16.74 203
16.76 206
16.78 197
16.8 199
16.82 221
16.84 186
16.86 185
16.88 209
16.9 203
16.92 224
16.94 207
16.96 215
16.98 197
17 195
17.02 180
17.04 189
17.06 195
17.08 242
17.1 188
17.12 267
17.14 216
17.16 236
17.18 210
17.2 235
17.22 193
17.24 240
17.26 198
17.28 188
17.3 211
17.32 211
17.34 211
17.36 203
17.38 236
17.4 181
17.42 204
17.44 196
17.46 213
17.48 201
17.5 199
17.52 223
17.54 206
17.56 216
17.58 220
17.6 209
17.62 233
17.64 219
17.66 220
17.68 215
17.7 192
17.72 192
17.74 218
17.76 225
17.78 189
17.8 198
17.82 206
17.84 212
17.86 202
17.88 209
17.9 206
17.92 205
17.94 216
17.96 205
17.98 194
18 228
18.02 228
18.04 196
18.06 192
18.08 194
18.1 226
18.12 198
18.14 206
18.16 206
18.18 215
18.2 206
18.22 230
18.24 217
18.26 228
18.28 210
18.3 223
18.32 209
18.34 234
18.36 219
18.38 208
18.4 206
18.42 211
18.44 197
18.46 208
18.48 217
18.5 218
18.52 207
18.54 232
18.56 206
18.58 214
18.6 201
18.62 183
18.64 219
18.66 217
18.68 222
18.7 172
18.72 234
18.74 210
18.76 189
18.78 184
18.8 190
18.82 219
18.84 202
18.86 199
18.88 218
18.9 222
18.92 199
18.94 213
18.96 207
18.98 204
19 216
19.02 204
19.04 217
19.06 220
19.08 220
19.1 235
19.12 219
19.14 219
19.16 206
19.18 232
19.2 201
19.22 203
19.24 185
19.26 250
19.28 211
19.3 206
19.32 206
19.34 176
19.36 212
19.38 220
19.4 201
19.42 198
19.44 210
19.46 220
19.48 217
19.5 212
19.52 233
19.54 210
19.56 205
19.58 234
19.6 234
19.62 224
19.64 233
19.66 223
19.68 222
19.7 212
19.72 220
19.74 185
19.76 191
19.78 205
19.8 181
19.82 225
19.84 203
19.86 214
19.88 174
19.9 223
19.92 210
19.94 215
19.96 205
19.98 205
20 215
20.02 220
20.04 233
20.06 213
20.08 221
20.1 220
20.12 236
20.14 193
20.16 202
20.18 226
20.2 211
20.22 200
20.24 207
20.26 202
20.28 213
20.3 213
20.32 220
20.34 220
20.36 168
20.38 192
20.4 213
20.42 222
20.44 199
20.46 225
20.48 230
20.5 190
20.52 208
20.54 230
20.56 208
20.58 228
20.6 212
20.62 190
20.64 198
20.66 200
20.68 179
20.7 221
20.72 198
20.74 232
20.76 225
20.78 207
20.8 210
20.82 254
20.84 200
20.86 209
20.88 209
20.9 205
20.92 198
20.94 224
20.96 195
20.98 193
21 208
21.02 202
21.04 203
21.06 210
21.08 212
21.1 201
21.12 206
21.14 196
21.16 213
21.18 226
21.2 200
21.22 205
21.24 202
21.26 222
21.28 172
21.3 211
21.32 213
21.34 196
21.36 224
21.38 191
21.4 195
21.42 194
21.44 215
21.46 212
21.48 221
21.5 192
21.52 205
21.54 212
21.56 205
21.58 210
21.6 226
21.62 226
21.64 190
21.66 221
21.68 183
21.7 185
21.72 194
21.74 199
21.76 199
21.78 198
21.8 213
21.82 229
21.84 205
21.86 225
21.88 187
21.9 231
21.92 200
21.94 250
21.96 202
21.98 229
22 214
22.02 222
22.04 179
22.06 209
22.08 206
22.1 216
22.12 217
22.14 192
22.16 179
22.18 213
22.2 193
22.22 239
22.24 207
22.26 221
22.28 197
22.3 195
22.32 215
22.34 190
22.36 199
22.38 207
22.4 215
22.42 197
22.44 224
22.46 211
22.48 223
22.5 196
22.52 218
22.54 230
22.56 216
22.58 214
22.6 235
22.62 218
22.64 224
22.66 208
22.68 222
22.7 200
22.72 211
22.74 214
22.76 213
22.78 201
22.8 190
22.82 227
22.84 222
22.86 244
22.88 192
22.9 203
22.92 214
22.94 205
22.96 233
22.98 223
23 187
23.02 223
23.04 225
23.06 220
23.08 202
23.1 220
23.12 225
23.14 217
23.16 219
23.18 220
23.2 192
23.22 210
23.24 235
23.26 236
23.28 243
23.3 215
23.32 201
23.34 225
23.36 196
23.38 209
23.4 221
23.42 218
23.44 208
23.46 198
23.48 215
23.5 206
23.52 254
23.54 210
23.56 227
23.58 233
23.6 221
23.62 214
23.64 223
23.66 232
23.68 210
23.7 235
23.72 227
23.74 227
23.76 229
23.78 214
23.8 230
23.82 231
23.84 220
23.86 225
23.88 249
23.9 224
23.92 204
23.94 200
23.96 220
23.98 185
24 238
24.02 231
24.04 227
24.06 234
24.08 212
24.1 194
24.12 239
24.14 238
24.16 221
24.18 245
24.2 242
24.22 244
24.24 238
24.26 241
24.28 243
24.3 256
24.32 228
24.34 251
24.36 219
24.38 213
24.4 227
24.42 201
24.44 240
24.46 236
24.48 232
24.5 208
24.52 217
24.54 195
24.56 257
24.58 221
24.6 220
24.62 236
24.64 246
24.66 232
24.68 265
24.7 256
24.72 223
24.74 242
24.76 265
24.78 235
24.8 218
24.82 224
24.84 219
24.86 254
24.88 245
24.9 246
24.92 234
24.94 218
24.96 226
24.98 218
25 221
25.02 221
25.04 258
25.06 236
25.08 218
25.1 243
25.12 204
25.14 235
25.16 242
25.18 278
25.2 247
25.22 239
25.24 224
25.26 231
25.28 233
25.3 239
25.32 251
25.34 219
25.36 245
25.38 246
25.4 219
25.42 239
25.44 221
25.46 228
25.48 235
25.5 220
25.52 231
25.54 231
25.56 201
25.58 240
25.6 234
25.62 210
25.64 215
25.66 236
25.68 241
25.7 249
25.72 221
25.74 256
25.76 234
25.78 254
25.8 254
25.82 220
25.84 243
25.86 223
25.88 220
25.9 241
25.92 229
25.94 258
25.96 240
25.98 226
26 227
26.02 233
26.04 204
26.06 252
26.08 244
26.1 216
26.12 231
26.14 222
26.16 228
26.18 263
26.2 197
26.22 205
26.24 229
26.26 259
26.28 256
26.3 211
26.32 228
26.34 249
26.36 231
26.38 231
26.4 252
26.42 227
26.44 246
26.46 238
26.48 238
26.5 230
26.52 242
26.54 232
26.56 238
26.58 237
26.6 221
26.62 218
26.64 225
26.66 261
26.68 217
26.7 249
26.72 226
26.74 238
26.76 244
26.78 234
26.8 241
26.82 240
26.84 218
26.86 223
26.88 242
26.9 245
26.92 261
26.94 255
26.96 235
26.98 245
27 253
27.02 285
27.04 244
27.06 250
27.08 221
27.1 252
27.12 244
27.14 259
27.16 234
27.18 250
27.2 242
27.22 241
27.24 220
27.26 223
27.28 228
27.3 247
27.32 247
27.34 266
27.36 209
27.38 245
27.4 230
27.42 234
27.44 239
27.46 226
27.48 251
27.5 258
27.52 255
27.54 249
27.56 238
27.58 233
27.6 262
27.62 224
27.64 241
27.66 218
27.68 255
27.7 241
27.72 234
27.74 256
27.76 270
27.78 267
27.8 280
27.82 250
27.84 219
27.86 245
27.88 265
27.9 231
27.92 264
27.94 267
27.96 236
27.98 273
28 257
28.02 244
28.04 227
28.06 248
28.08 235
28.1 252
28.12 227
28.14 248
28.16 245
28.18 233
28.2 264
28.22 273
28.24 262
28.26 255
28.28 263
28.3 238
28.32 253
28.34 251
28.36 271
28.38 238
28.4 296
28.42 249
28.44 245
28.46 254
28.48 235
28.5 245
28.52 260
28.54 250
28.56 286
28.58 233
28.6 278
28.62 259
28.64 242
28.66 239
28.68 292
28.7 240
28.72 260
28.74 256
28.76 285
28.78 262
28.8 237
28.82 265
28.84 232
28.86 276
28.88 263
28.9 249
28.92 274
28.94 254
28.96 256
28.98 251
29 275
29.02 217
29.04 264
29.06 256
29.08 271
29.1 268
29.12 274
29.14 228
29.16 264
29.18 259
29.2 253
29.22 270
29.24 279
29.26 287
29.28 265
29.3 285
29.32 252
29.34 298
29.36 279
29.38 272
29.4 254
29.42 280
29.44 266
29.46 269
29.48 288
29.5 256
29.52 284
29.54 262
29.56 283
29.58 284
29.6 290
29.62 265
29.64 256
29.66 292
29.68 262
29.7 283
29.72 282
29.74 270
29.76 248
29.78 283
29.8 281
29.82 253
29.84 275
29.86 279
29.88 265
29.9 291
29.92 287
29.94 247
29.96 267
29.98 245
30 292
30.02 256
30.04 263
30.06 288
30.08 275
30.1 281
30.12 287
30.14 261
30.16 246
30.18 296
30.2 285
30.22 259
30.24 274
30.26 278
30.28 287
30.3 282
30.32 279
30.34 296
30.36 282
30.38 283
30.4 304
30.42 280
30.44 293
30.46 272
30.48 287
30.5 299
30.52 301
30.54 309
30.56 378
30.58 373
30.6 362
30.62 437
30.64 545
30.66 744
30.68 1025
30.7 1250
30.72 1263
30.74 1241
30.76 1247
30.78 1400
30.8 1521
30.82 1886
30.84 3256
30.86 4129
30.88 3216
30.9 2599
30.92 2721
30.94 2965
30.96 2377
30.98 1659
31 1270
31.02 1024
31.04 865
31.06 709
31.08 565
31.1 458
31.12 416
31.14 384
31.16 347
31.18 347
31.2 310
31.22 323
31.24 285
31.26 307
31.28 293
31.3 348
31.32 333
31.34 290
31.36 286
31.38 288
31.4 287
31.42 312
31.44 277
31.46 290
31.48 305
31.5 297
31.52 292
31.54 263
31.56 279
31.58 273
31.6 292
31.62 297
31.64 308
31.66 275
31.68 294
31.7 301
31.72 316
31.74 294
31.76 295
31.78 274
31.8 338
31.82 412
31.84 579
31.86 660
31.88 535
31.9 448
31.92 495
31.94 528
31.96 497
31.98 488
32 468
32.02 472
32.04 651
32.06 767
32.08 1016
32.1 1289
32.12 1728
32.14 2457
32.16 3390
32.18 4390
32.2 5653
32.22 6933
32.24 8418
32.26 9168
32.28 8707
32.3 7549
32.32 6970
32.34 6463
32.36 5391
32.38 3866
32.4 2845
32.42 2015
32.44 1514
32.46 1105
32.48 785
32.5 557
32.52 443
32.54 413
32.56 406
32.58 385
32.6 390
32.62 349
32.64 373
32.66 339
32.68 307
32.7 370
32.72 336
32.74 320
32.76 305
32.78 308
32.8 291
32.82 301
32.84 307
32.86 319
32.88 281
32.9 291
32.92 329
32.94 318
32.96 336
32.98 298
33 312
33.02 267
33.04 284
33.06 274
33.08 263
33.1 280
33.12 275
33.14 308
33.16 274
33.18 270
33.2 275
33.22 267
33.24 256
33.26 291
33.28 276
33.3 272
33.32 256
33.34 271
33.36 234
33.38 252
33.4 255
33.42 268
33.44 264
33.46 287
33.48 264
33.5 277
33.52 253
33.54 269
33.56 246
33.58 297
33.6 254
33.62 242
33.64 285
33.66 279
33.68 268
33.7 243
33.72 272
33.74 248
33.76 287
33.78 270
33.8 247
33.82 253
33.84 282
33.86 267
33.88 248
33.9 244
33.92 273
33.94 264
33.96 253
33.98 247
34 242
34.02 285
34.04 247
34.06 247
34.08 256
34.1 243
34.12 260
34.14 280
34.16 251
34.18 254
34.2 269
34.22 242
34.24 253
34.26 260
34.28 293
34.3 263
34.32 275
34.34 259
34.36 277
34.38 258
34.4 252
34.42 229
34.44 266
34.46 239
34.48 251
34.5 251
34.52 244
34.54 251
34.56 253
34.58 236
34.6 266
34.62 242
34.64 257
34.66 253
34.68 246
34.7 244
34.72 260
34.74 255
34.76 228
34.78 272
34.8 241
34.82 260
34.84 246
34.86 229
34.88 225
34.9 241
34.92 233
34.94 252
34.96 246
34.98 249
35 262
35.02 252
35.04 264
35.06 227
35.08 227
35.1 258
35.12 264
35.14 248
35.16 258
35.18 258
35.2 235
35.22 256
35.24 258
35.26 254
35.28 237
35.3 246
35.32 228
35.34 229
35.36 241
35.38 232
35.4 260
35.42 253
35.44 245
35.46 243
35.48 239
35.5 252
35.52 260
35.54 253
35.56 227
35.58 251
35.6 245
35.62 219
35.64 252
35.66 240
35.68 266
35.7 257
35.72 243
35.74 269
35.76 201
35.78 255
35.8 240
35.82 226
35.84 229
35.86 256
35.88 288
35.9 315
35.92 316
35.94 288
35.96 281
35.98 312
36 272
36.02 271
36.04 252
36.06 226
36.08 227
36.1 221
36.12 238
36.14 245
36.16 217
36.18 245
36.2 262
36.22 233
36.24 226
36.26 224
36.28 195
36.3 215
36.32 228
36.34 229
36.36 220
36.38 226
36.4 237
36.42 217
36.44 209
36.46 236
36.48 243
36.5 227
36.52 216
36.54 231
36.56 231
36.58 207
36.6 199
36.62 205
36.64 194
36.66 223
36.68 204
36.7 211
36.72 242
36.74 217
36.76 219
36.78 223
36.8 210
36.82 217
36.84 242
36.86 207
36.88 225
36.9 223
36.92 226
36.94 243
36.96 221
36.98 207
37 213
37.02 226
37.04 207
37.06 207
37.08 217
37.1 212
37.12 225
37.14 222
37.16 219
37.18 196
37.2 220
37.22 200
37.24 203
37.26 177
37.28 203
37.3 194
37.32 213
37.34 218
37.36 210
37.38 206
37.4 194
37.42 204
37.44 222
37.46 210
37.48 197
37.5 205
37.52 210
37.54 195
37.56 217
37.58 216
37.6 197
37.62 214
37.64 183
37.66 218
37.68 204
37.7 200
37.72 204
37.74 213
37.76 187
37.78 200
37.8 201
37.82 183
37.84 203
37.86 197
37.88 203
37.9 206
37.92 195
37.94 187
37.96 184
37.98 187
38 194
38.02 199
38.04 201
38.06 173
38.08 218
38.1 190
38.12 213
38.14 200
38.16 200
38.18 195
38.2 188
38.22 200
38.24 183
38.26 203
38.28 214
38.3 193
38.32 207
38.34 190
38.36 202
38.38 198
38.4 210
38.42 188
38.44 185
38.46 185
38.48 221
38.5 208
38.52 199
38.54 190
38.56 164
38.58 192
38.6 190
38.62 166
38.64 208
38.66 204
38.68 176
38.7 178
38.72 179
38.74 191
38.76 171
38.78 214
38.8 199
38.82 187
38.84 200
38.86 188
38.88 179
38.9 193
38.92 209
38.94 182
38.96 194
38.98 217
39 180
39.02 179
39.04 208
39.06 172
39.08 192
39.1 205
39.12 217
39.14 194
39.16 186
39.18 183
39.2 180
39.22 210
39.24 188
39.26 206
39.28 174
39.3 190
39.32 184
39.34 198
39.36 207
39.38 194
39.4 197
39.42 165
39.44 195
39.46 183
39.48 202
39.5 197
39.52 182
39.54 180
39.56 206
39.58 181
39.6 192
39.62 201
39.64 192
39.66 204
39.68 171
39.7 181
39.72 185
39.74 204
39.76 190
39.78 193
39.8 190
39.82 201
39.84 203
39.86 202
39.88 193
39.9 190
39.92 219
39.94 193
39.96 196
39.98 197
40 193
40.02 182
40.04 161
40.06 196
40.08 166
40.1 200
40.12 185
40.14 188
40.16 187
40.18 198
40.2 211
40.22 201
40.24 187
40.26 202
40.28 197
40.3 196
40.32 202
40.34 202
40.36 187
40.38 179
40.4 181
40.42 153
40.44 187
40.46 176
40.48 209
40.5 209
40.52 180
40.54 212
40.56 205
40.58 178
40.6 203
40.62 191
40.64 183
40.66 213
40.68 166
40.7 158
40.72 204
40.74 181
40.76 206
40.78 191
40.8 199
40.82 166
40.84 218
40.86 166
40.88 196
40.9 192
40.92 190
40.94 199
40.96 195
40.98 164
41 170
41.02 188
41.04 191
41.06 188
41.08 181
41.1 194
41.12 203
41.14 192
41.16 186
41.18 194
41.2 199
41.22 175
41.24 206
41.26 186
41.28 195
41.3 196
41.32 197
41.34 180
41.36 196
41.38 193
41.4 178
41.42 185
41.44 206
41.46 181
41.48 182
41.5 199
41.52 187
41.54 185
41.56 200
41.58 153
41.6 162
41.62 199
41.64 206
41.66 182
41.68 182
41.7 214
41.72 156
41.74 171
41.76 191
41.78 187
41.8 222
41.82 177
41.84 189
41.86 187
41.88 188
41.9 200
41.92 172
41.94 182
41.96 182
41.98 223
42 176
42.02 202
42.04 196
42.06 185
42.08 176
42.1 169
42.12 210
42.14 182
42.16 182
42.18 202
42.2 197
42.22 194
42.24 202
42.26 186
42.28 182
42.3 179
42.32 173
42.34 181
42.36 185
42.38 182
42.4 206
42.42 208
42.44 195
42.46 196
42.48 195
42.5 185
42.52 192
42.54 198
42.56 201
42.58 172
42.6 183
42.62 217
42.64 173
42.66 212
42.68 202
42.7 173
42.72 163
42.74 164
42.76 184
42.78 210
42.8 207
42.82 164
42.84 191
42.86 177
42.88 175
42.9 203
42.92 206
42.94 191
42.96 205
42.98 192
43 207
43.02 188
43.04 202
43.06 175
43.08 196
43.1 191
43.12 216
43.14 179
43.16 180
43.18 183
43.2 220
43.22 183
43.24 195
43.26 184
43.28 212
43.3 193
43.32 204
43.34 183
43.36 228
43.38 208
43.4 195
43.42 204
43.44 183
43.46 206
43.48 171
43.5 207
43.52 194
43.54 188
43.56 164
43.58 193
43.6 196
43.62 197
43.64 184
43.66 199
43.68 226
43.7 208
43.72 219
43.74 204
43.76 194
43.78 208
43.8 266
43.82 221
43.84 215
43.86 238
43.88 236
43.9 260
43.92 353
43.94 407
43.96 529
43.98 606
44 649
44.02 582
44.04 571
44.06 573
44.08 632
44.1 683
44.12 665
44.14 614
44.16 597
44.18 510
44.2 466
44.22 419
44.24 385
44.26 344
44.28 313
44.3 300
44.32 246
44.34 258
44.36 239
44.38 216
44.4 206
44.42 227
44.44 197
44.46 216
44.48 175
44.5 209
44.52 204
44.54 204
44.56 209
44.58 197
44.6 201
44.62 200
44.64 200
44.66 217
44.68 223
44.7 209
44.72 232
44.74 262
44.76 256
44.78 268
44.8 292
44.82 318
44.84 339
44.86 337
44.88 337
44.9 473
44.92 709
44.94 1149
44.96 1568
44.98 1950
45 2306
45.02 2657
45.04 2802
45.06 3204
45.08 4126
45.1 5413
45.12 6118
45.14 5590
45.16 4306
45.18 3656
45.2 3552
45.22 4017
45.24 4194
45.26 3415
45.28 2266
45.3 1569
45.32 1282
45.34 1202
45.36 1060
45.38 840
45.4 525
45.42 390
45.44 319
45.46 303
45.48 305
45.5 247
45.52 239
45.54 222
45.56 222
45.58 236
45.6 219
45.62 237
45.64 210
45.66 218
45.68 204
45.7 215
45.72 204
45.74 228
45.76 212
45.78 179
45.8 203
45.82 193
45.84 182
45.86 187
45.88 173
45.9 207
45.92 198
45.94 188
45.96 176
45.98 222
46 197
46.02 194
46.04 187
46.06 176
46.08 189
46.1 176
46.12 168
46.14 192
46.16 159
46.18 174
46.2 176
46.22 180
46.24 172
46.26 174
46.28 185
46.3 166
46.32 198
46.34 181
46.36 181
46.38 164
46.4 163
46.42 167
46.44 180
46.46 199
46.48 168
46.5 167
46.52 151
46.54 168
46.56 162
46.58 188
46.6 193
46.62 166
46.64 168
46.66 163
46.68 159
46.7 164
46.72 190
46.74 165
46.76 156
46.78 206
46.8 184
46.82 161
46.84 190
46.86 156
46.88 163
46.9 168
46.92 172
46.94 181
46.96 163
46.98 157
47 171
47.02 178
47.04 134
47.06 163
47.08 139
47.1 157
47.12 160
47.14 146
47.16 164
47.18 164
47.2 153
47.22 171
47.24 169
47.26 168
47.28 159
47.3 184
47.32 154
47.34 163
47.36 163
47.38 168
47.4 179
47.42 176
47.44 174
47.46 147
47.48 163
47.5 179
47.52 196
47.54 165
47.56 162
47.58 156
47.6 175
47.62 150
47.64 154
47.66 158
47.68 180
47.7 160
47.72 186
47.74 215
47.76 173
47.78 161
47.8 142
47.82 175
47.84 200
47.86 166
47.88 181
47.9 157
47.92 154
47.94 155
47.96 148
47.98 154
48 174
48.02 143
48.04 162
48.06 171
48.08 175
48.1 172
48.12 158
48.14 160
48.16 157
48.18 163
48.2 148
48.22 141
48.24 161
48.26 165
48.28 169
48.3 165
48.32 174
48.34 152
48.36 156
48.38 176
48.4 155
48.42 168
48.44 153
48.46 162
48.48 151
48.5 141
48.52 135
48.54 152
48.56 149
48.58 146
48.6 134
48.62 157
48.64 145
48.66 175
48.68 160
48.7 161
48.72 167
48.74 157
48.76 149
48.78 166
48.8 153
48.82 160
48.84 140
48.86 153
48.88 159
48.9 165
48.92 163
48.94 142
48.96 173
48.98 157
49 155
49.02 148
49.04 157
49.06 179
49.08 155
49.1 175
49.12 167
49.14 174
49.16 154
49.18 154
49.2 153
49.22 143
49.24 141
49.26 156
49.28 166
49.3 158
49.32 172
49.34 134
49.36 145
49.38 160
49.4 142
49.42 157
49.44 160
49.46 144
49.48 168
49.5 149
49.52 153
49.54 170
49.56 156
49.58 158
49.6 153
49.62 170
49.64 130
49.66 158
49.68 161
49.7 163
49.72 161
49.74 163
49.76 151
49.78 136
49.8 149
49.82 159
49.84 147
49.86 156
49.88 144
49.9 164
49.92 152
49.94 142
49.96 166
49.98 159
50 157
50.02 160
50.04 136
50.06 144
50.08 160
50.1 160
50.12 145
50.14 142
50.16 138
50.18 143
50.2 168
50.22 129
50.24 159
50.26 142
50.28 143
50.3 172
50.32 150
50.34 135
50.36 134
50.38 170
50.4 146
50.42 148
50.44 174
50.46 152
50.48 140
50.5 137
50.52 126
50.54 185
50.56 153
50.58 156
50.6 151
50.62 149
50.64 144
50.66 132
50.68 170
50.7 148
50.72 170
50.74 148
50.76 152
50.78 151
50.8 154
50.82 148
50.84 138
50.86 167
50.88 140
50.9 135
50.92 151
50.94 154
50.96 116
50.98 162
51 149
51.02 138
51.04 147
51.06 140
51.08 152
51.1 147
51.12 137
51.14 148
51.16 145
51.18 155
51.2 134
51.22 138
51.24 159
51.26 129
51.28 146
51.3 138
51.32 127
51.34 152
51.36 168
51.38 155
51.4 140
51.42 174
51.44 117
51.46 137
51.48 158
51.5 135
51.52 143
51.54 147
51.56 157
51.58 144
51.6 144
51.62 162
51.64 155
51.66 145
51.68 144
51.7 160
51.72 141
51.74 139
51.76 141
51.78 159
51.8 155
51.82 170
51.84 156
51.86 152
51.88 155
51.9 158
51.92 156
51.94 137
51.96 158
51.98 155
52 144
52.02 148
52.04 165
52.06 141
52.08 152
52.1 158
52.12 158
52.14 151
52.16 141
52.18 141
52.2 138
52.22 141
52.24 164
52.26 140
52.28 127
52.3 148
52.32 146
52.34 144
52.36 152
52.38 144
52.4 137
52.42 137
52.44 150
52.46 137
52.48 149
52.5 137
52.52 150
52.54 151
52.56 129
52.58 140
52.6 154
52.62 156
52.64 142
52.66 129
52.68 148
52.7 158
52.72 143
52.74 140
52.76 131
52.78 152
52.8 147
52.82 159
52.84 123
52.86 159
52.88 143
52.9 137
52.92 150
52.94 147
52.96 147
52.98 133
53 144
53.02 148
53.04 162
53.06 140
53.08 160
53.1 144
53.12 143
53.14 133
53.16 163
53.18 144
53.2 152
53.22 133
53.24 132
53.26 147
53.28 136
53.3 126
53.32 153
53.34 132
53.36 140
53.38 140
53.4 152
53.42 147
53.44 142
53.46 142
53.48 155
53.5 132
53.52 166
53.54 139
53.56 169
53.58 155
53.6 148
53.62 146
53.64 155
53.66 139
53.68 173
53.7 154
53.72 166
53.74 148
53.76 146
53.78 155
53.8 147
53.82 153
53.84 161
53.86 158
53.88 178
53.9 148
53.92 154
53.94 129
53.96 139
53.98 160
54 153
54.02 162
54.04 161
54.06 150
54.08 161
54.1 113
54.12 156
54.14 136
54.16 148
54.18 114
54.2 145
54.22 167
54.24 146
54.26 136
54.28 144
54.3 173
54.32 141
54.34 160
54.36 157
54.38 162
54.4 148
54.42 149
54.44 149
54.46 149
54.48 156
54.5 157
54.52 144
54.54 156
54.56 148
54.58 149
54.6 129
54.62 129
54.64 136
54.66 143
54.68 141
54.7 153
54.72 153
54.74 142
54.76 145
54.78 151
54.8 154
54.82 145
54.84 165
54.86 161
54.88 167
54.9 176
54.92 151
54.94 145
54.96 165
54.98 159
55 145
55.02 151
55.04 163
55.06 145
55.08 155
55.1 164
55.12 167
55.14 173
55.16 176
55.18 141
55.2 182
55.22 167
55.24 189
55.26 207
55.28 207
55.3 200
55.32 190
55.34 262
55.36 267
55.38 375
55.4 451
55.42 619
55.44 1051
55.46 1550
55.48 1800
55.5 1748
55.52 1695
55.54 1626
55.56 1603
55.58 1505
55.6 1435
55.62 1500
55.64 1597
55.66 1490
55.68 1212
55.7 1010
55.72 922
55.74 641
55.76 584
55.78 497
55.8 440
55.82 374
55.84 271
55.86 231
55.88 217
55.9 182
55.92 184
55.94 161
55.96 180
55.98 152
56 206
56.02 182
56.04 165
56.06 180
56.08 177
56.1 155
56.12 158
56.14 155
56.16 166
56.18 153
56.2 143
56.22 185
56.24 152
56.26 162
56.28 153
56.3 162
56.32 162
56.34 152
56.36 168
56.38 174
56.4 155
56.42 138
56.44 147
56.46 144
56.48 177
56.5 182
56.52 163
56.54 125
56.56 143
56.58 147
56.6 159
56.62 168
56.64 173
56.66 159
56.68 175
56.7 150
56.72 161
56.74 149
56.76 160
56.78 175
56.8 143
56.82 165
56.84 136
56.86 160
56.88 148
56.9 168
56.92 167
56.94 174
56.96 177
56.98 161
57 154
57.02 164
57.04 129
57.06 157
57.08 148
57.1 161
57.12 153
57.14 155
57.16 155
57.18 149
57.2 142
57.22 151
57.24 154
57.26 163
57.28 171
57.3 152
57.32 171
57.34 149
57.36 140
57.38 135
57.4 153
57.42 164
57.44 158
57.46 161
57.48 154
57.5 151
57.52 166
57.54 152
57.56 147
57.58 144
57.6 137
57.62 168
57.64 161
57.66 181
57.68 178
57.7 170
57.72 163
57.74 157
57.76 142
57.78 143
57.8 180
57.82 164
57.84 152
57.86 154
57.88 174
57.9 146
57.92 159
57.94 152
57.96 149
57.98 179
58 186
58.02 176
58.04 166
58.06 169
58.08 151
58.1 142
58.12 148
58.14 168
58.16 169
58.18 166
58.2 147
58.22 163
58.24 148
58.26 148
58.28 157
58.3 157
58.32 155
58.34 157
58.36 157
58.38 176
58.4 148
58.42 144
58.44 133
58.46 165
58.48 169
58.5 148
58.52 141
58.54 158
58.56 143
58.58 157
58.6 149
58.62 185
58.64 152
58.66 155
58.68 155
58.7 163
58.72 121
58.74 170
58.76 140
58.78 151
58.8 161
58.82 170
58.84 146
58.86 163
58.88 134
58.9 151
58.92 159
58.94 180
58.96 156
58.98 135
59 178
59.02 164
59.04 156
59.06 175
59.08 170
59.1 159
59.12 162
59.14 149
59.16 142
59.18 155
59.2 158
59.22 151
59.24 156
59.26 145
59.28 152
59.3 150
59.32 170
59.34 156
59.36 163
59.38 154
59.4 169
59.42 146
59.44 161
59.46 158
59.48 173
59.5 166
59.52 163
59.54 142
59.56 145
59.58 188
59.6 152
59.62 171
59.64 160
59.66 140
59.68 156
59.7 182
59.72 156
59.74 185
59.76 176
59.78 157
59.8 178
59.82 150
59.84 180
59.86 167
59.88 166
59.9 172
59.92 176
59.94 166
59.96 158
59.98 167
60 159
60.02 152
60.04 174
60.06 155
60.08 138
60.1 167
60.12 175
60.14 150
60.16 174
60.18 164
60.2 167
60.22 152
60.24 150
60.26 174
60.28 161
60.3 143
60.32 141
60.34 175
60.36 171
60.38 160
60.4 153
60.42 176
60.44 147
60.46 144
60.48 143
60.5 165
60.52 154
60.54 165
60.56 166
60.58 192
60.6 175
60.62 178
60.64 161
60.66 142
60.68 145
60.7 163
60.72 172
60.74 151
60.76 165
60.78 166
60.8 175
60.82 149
60.84 152
60.86 167
60.88 163
60.9 177
60.92 156
60.94 160
60.96 149
60.98 172
61 151
61.02 155
61.04 153
61.06 139
61.08 165
61.1 143
61.12 158
61.14 168
61.16 150
61.18 159
61.2 187
61.22 177
61.24 183
61.26 144
61.28 158
61.3 155
61.32 148
61.34 161
61.36 163
61.38 182
61.4 180
61.42 158
61.44 156
61.46 184
61.48 136
61.5 172
61.52 167
61.54 177
61.56 167
61.58 154
61.6 178
61.62 164
61.64 149
61.66 151
61.68 152
61.7 174
61.72 155
61.74 175
61.76 191
61.78 151
61.8 153
61.82 179
61.84 179
61.86 181
61.88 174
61.9 157
61.92 164
61.94 144
61.96 147
61.98 156
62 168
62.02 175
62.04 171
62.06 175
62.08 144
62.1 178
62.12 144
62.14 185
62.16 176
62.18 187
62.2 174
62.22 174
62.24 183
62.26 184
62.28 161
62.3 188
62.32 167
62.34 202
62.36 204
62.38 204
62.4 249
62.42 208
62.44 180
62.46 230
62.48 202
62.5 222
62.52 235
62.54 280
62.56 309
62.58 437
62.6 580
62.62 737
62.64 834
62.66 860
62.68 895
62.7 1031
62.72 1190
62.74 1418
62.76 1485
62.78 1605
62.8 1342
62.82 1147
62.84 940
62.86 826
62.88 769
62.9 796
62.92 796
62.94 900
62.96 825
62.98 651
63 481
63.02 405
63.04 286
63.06 269
63.08 233
63.1 200
63.12 230
63.14 218
63.16 164
63.18 196
63.2 174
63.22 194
63.24 152
63.26 154
63.28 179
63.3 180
63.32 194
63.34 177
63.36 204
63.38 194
63.4 183
63.42 169
63.44 188
63.46 181
63.48 173
63.5 149
63.52 164
63.54 157
63.56 170
63.58 173
63.6 178
63.62 168
63.64 170
63.66 155
63.68 178
63.7 190
63.72 206
63.74 179
63.76 194
63.78 187
63.8 234
63.82 237
63.84 334
63.86 317
63.88 305
63.9 286
63.92 255
63.94 265
63.96 278
63.98 283
64 295
64.02 308
64.04 276
64.06 311
64.08 286
64.1 266
64.12 219
64.14 238
64.16 227
64.18 236
64.2 200
64.22 224
64.24 221
64.26 214
64.28 218
64.3 193
64.32 194
64.34 158
64.36 205
64.38 175
64.4 183
64.42 198
64.44 211
64.46 194
64.48 165
64.5 199
64.52 208
64.54 220
64.56 230
64.58 211
64.6 241
64.62 331
64.64 426
64.66 596
64.68 712
64.7 729
64.72 838
64.74 878
64.76 809
64.78 779
64.8 935
64.82 983
64.84 1004
64.86 925
64.88 759
64.9 650
64.92 603
64.94 596
64.96 514
64.98 537
65 582
65.02 491
65.04 457
65.06 348
65.08 263
65.1 230
65.12 206
65.14 194
65.16 181
65.18 168
65.2 190
65.22 182
65.24 152
65.26 152
65.28 141
65.3 178
65.32 159
65.34 176
65.36 150
65.38 165
65.4 174
65.42 157
65.44 164
65.46 164
65.48 160
65.5 208
65.52 198
65.54 149
65.56 159
65.58 166
65.6 142
65.62 168
65.64 169
65.66 161
65.68 134
65.7 190
65.72 184
65.74 184
65.76 145
65.78 161
65.8 163
65.82 168
65.84 156
65.86 163
65.88 179
65.9 176
65.92 175
65.94 177
65.96 184
65.98 164
66 152
66.02 146
66.04 163
66.06 160
66.08 141
66.1 164
66.12 166
66.14 172
66.16 172
66.18 151
66.2 149
66.22 175
66.24 172
66.26 155
66.28 143
66.3 159
66.32 151
66.34 154
66.36 176
66.38 157
66.4 149
66.42 178
66.44 152
66.46 141
66.48 188
66.5 160
66.52 176
66.54 155
66.56 179
66.58 168
66.6 155
66.62 142
66.64 146
66.66 160
66.68 125
66.7 153
66.72 175
66.74 116
66.76 124
66.78 173
66.8 150
66.82 164
66.84 143
66.86 152
66.88 155
66.9 137
66.92 153
66.94 170
66.96 174
66.98 134
67 161
67.02 143
67.04 156
67.06 169
67.08 142
67.1 156
67.12 149
67.14 150
67.16 136
67.18 155
67.2 146
67.22 135
67.24 187
67.26 180
67.28 155
67.3 152
67.32 145
67.34 168
67.36 172
67.38 157
67.4 157
67.42 170
67.44 169
67.46 164
67.48 164
67.5 150
67.52 136
67.54 160
67.56 129
67.58 156
67.6 141
67.62 150
67.64 151
67.66 151
67.68 155
67.7 162
67.72 158
67.74 145
67.76 146
67.78 156
67.8 141
67.82 149
67.84 150
67.86 154
67.88 152
67.9 162
67.92 161
67.94 142
67.96 144
67.98 156
68 150
68.02 137
68.04 152
68.06 160
68.08 154
68.1 145
68.12 153
68.14 150
68.16 134
68.18 147
68.2 139
68.22 153
68.24 162
68.26 149
68.28 162
68.3 131
68.32 146
68.34 129
68.36 158
68.38 158
68.4 182
68.42 139
68.44 128
68.46 164
68.48 167
68.5 171
68.52 143
68.54 142
68.56 144
68.58 166
68.6 150
68.62 147
68.64 160
68.66 167
68.68 157
68.7 158
68.72 152
68.74 145
68.76 148
68.78 135
68.8 160
68.82 145
68.84 130
68.86 123
68.88 129
68.9 133
68.92 160
68.94 148
68.96 144
68.98 151
69 155
69.02 167
69.04 132
69.06 123
69.08 143
69.1 150
69.12 164
69.14 171
69.16 157
69.18 128
69.2 154
69.22 153
69.24 148
69.26 144
69.28 137
69.3 141
69.32 145
69.34 143
69.36 143
69.38 156
69.4 169
69.42 158
69.44 140
69.46 131
69.48 154
69.5 151
69.52 142
69.54 147
69.56 159
69.58 158
69.6 135
69.62 127
69.64 156
69.66 148
69.68 149
69.7 139
69.72 141
69.74 144
69.76 141
69.78 155
69.8 158
69.82 136
69.84 151
69.86 134
69.88 150
69.9 145
69.92 133
69.94 145
69.96 144
69.98 156
70 131
70.02 139
70.04 132
70.06 152
70.08 137
70.1 144
70.12 156
70.14 140
70.16 153
70.18 149
70.2 145
70.22 135
70.24 124
70.26 137
70.28 128
70.3 144
70.32 144
70.34 119
70.36 146
70.38 129
70.4 135
70.42 128
70.44 131
70.46 132
70.48 155
70.5 128
70.52 131
70.54 132
70.56 138
70.58 125
70.6 153
70.62 117
70.64 150
70.66 141
70.68 114
70.7 158
70.72 146
70.74 134
70.76 144
70.78 162
70.8 143
70.82 142
70.84 129
70.86 122
70.88 124
70.9 114
70.92 134
70.94 158
70.96 140
70.98 157
71 117
71.02 152
71.04 137
71.06 121
71.08 126
71.1 129
71.12 146
71.14 136
71.16 142
71.18 142
71.2 131
71.22 170
71.24 143
71.26 121
71.28 139
71.3 137
71.32 143
71.34 129
71.36 142
71.38 134
71.4 146
71.42 142
71.44 161
71.46 140
71.48 157
71.5 150
71.52 140
71.54 128
71.56 148
71.58 162
71.6 147
71.62 153
71.64 144
71.66 143
71.68 140
71.7 140
71.72 130
71.74 158
71.76 157
71.78 142
71.8 148
71.82 154
71.84 131
71.86 142
71.88 157
71.9 133
71.92 132
71.94 125
71.96 134
71.98 121
72 145
72.02 164
72.04 156
72.06 156
72.08 153
72.1 152
72.12 144
72.14 146
72.16 138
72.18 143
72.2 131
72.22 150
72.24 140
72.26 157
72.28 135
72.3 173
72.32 154
72.34 178
72.36 176
72.38 207
72.4 170
72.42 234
72.44 353
72.46 477
72.48 424
72.5 379
72.52 333
72.54 370
72.56 424
72.58 412
72.6 350
72.62 345
72.64 328
72.66 361
72.68 376
72.7 360
72.72 301
72.74 253
72.76 334
72.78 279
72.8 286
72.82 235
72.84 222
72.86 204
72.88 176
72.9 168
72.92 168
72.94 161
72.96 169
72.98 157
73 168
73.02 176
73.04 141
73.06 173
73.08 173
73.1 172
73.12 175
73.14 180
73.16 168
73.18 192
73.2 188
73.22 204
73.24 291
73.26 354
73.28 479
73.3 629
73.32 766
73.34 804
73.36 645
73.38 477
73.4 418
73.42 353
73.44 323
73.46 329
73.48 360
73.5 367
73.52 436
73.54 491
73.56 456
73.58 425
73.6 311
73.62 244
73.64 256
73.66 219
73.68 207
73.7 198
73.72 160
73.74 135
73.76 153
73.78 137
73.8 156
73.82 142
73.84 141
73.86 126
73.88 134
73.9 157
73.92 144
73.94 128
73.96 139
73.98 146
74 142
74.02 131
74.04 120
74.06 118
74.08 142
74.1 145
74.12 138
74.14 140
74.16 152
74.18 148
74.2 143
74.22 148
74.24 111
74.26 166
74.28 135
74.3 115
74.32 141
74.34 111
74.36 143
74.38 137
74.4 134
74.42 129
74.44 165
74.46 136
74.48 143
74.5 145
74.52 138
74.54 129
74.56 124
74.58 145
74.6 139
74.62 124
74.64 113
74.66 128
74.68 145
74.7 132
74.72 117
74.74 145
74.76 139
74.78 147
74.8 119
74.82 124
74.84 129
74.86 126
74.88 137
74.9 135
74.92 113
74.94 120
74.96 122
74.98 114
75 135
75.02 133
75.04 150
75.06 122
75.08 130
75.1 126
75.12 135
75.14 127
75.16 148
75.18 131
75.2 127
75.22 125
75.24 130
75.26 117
75.28 142
75.3 115
75.32 139
75.34 138
75.36 140
75.38 122
75.4 118
75.42 140
75.44 150
75.46 113
75.48 132
75.5 129
75.52 123
75.54 141
75.56 121
75.58 123
75.6 134
75.62 109
75.64 124
75.66 138
75.68 119
75.7 117
75.72 129
75.74 129
75.76 156
75.78 124
75.8 123
75.82 145
75.84 123
75.86 126
75.88 129
75.9 122
75.92 113
75.94 127
75.96 135
75.98 126
76 135
76.02 143
76.04 109
76.06 102
76.08 123
76.1 135
76.12 144
76.14 119
76.16 117
76.18 112
76.2 114
76.22 145
76.24 113
76.26 125
76.28 112
76.3 120
76.32 109
76.34 133
76.36 125
76.38 121
76.4 133
76.42 128
76.44 124
76.46 142
76.48 118
76.5 141
76.52 152
76.54 117
76.56 118
76.58 134
76.6 122
76.62 131
76.64 125
76.66 111
76.68 130
76.7 152
76.72 119
76.74 124
76.76 115
76.78 123
76.8 131
76.82 133
76.84 117
76.86 105
76.88 125
76.9 150
76.92 129
76.94 124
76.96 129
76.98 110
77 122
77.02 129
77.04 134
77.06 130
77.08 135
77.1 124
77.12 139
77.14 129
77.16 127
77.18 134
77.2 138
77.22 120
77.24 131
77.26 115
77.28 139
77.3 137
77.32 118
77.34 128
77.36 114
77.38 134
77.4 113
77.42 91
77.44 120
77.46 120
77.48 135
77.5 146
77.52 111
77.54 120
77.56 130
77.58 116
77.6 125
77.62 120
77.64 116
77.66 119
77.68 118
77.7 108
77.72 122
77.74 141
77.76 107
77.78 142
77.8 127
77.82 123
77.84 141
77.86 130
77.88 108
77.9 136
77.92 125
77.94 127
77.96 129
77.98 125
78 143
78.02 125
78.04 129
78.06 132
78.08 124
78.1 127
78.12 123
78.14 122
78.16 130
78.18 128
78.2 139
78.22 105
78.24 111
78.26 142
78.28 114
78.3 148
78.32 119
78.34 134
78.36 133
78.38 128
78.4 130
78.42 138
78.44 127
78.46 143
78.48 134
78.5 132
78.52 122
78.54 138
78.56 113
78.58 126
78.6 131
78.62 137
78.64 125
78.66 136
78.68 128
78.7 114
78.72 152
78.74 149
78.76 131
78.78 135
78.8 119
78.82 124
78.84 119
78.86 129
78.88 143
78.9 146
78.92 118
78.94 130
78.96 145
78.98 137
79 129
79.02 135
79.04 142
79.06 127
79.08 144
79.1 143
79.12 137
79.14 132
79.16 153
79.18 143
79.2 179
79.22 144
79.24 160
79.26 145
79.28 156
79.3 173
79.32 141
79.34 181
79.36 159
79.38 197
79.4 187
79.42 188
79.44 187
79.46 218
79.48 248
79.5 268
79.52 377
79.54 498
79.56 809
79.58 1344
79.6 1887
79.62 2001
79.64 1927
79.66 1798
79.68 1736
79.7 1782
79.72 2019
79.74 1933
79.76 1708
79.78 1376
79.8 1203
79.82 1168
79.84 1186
79.86 1262
79.88 1154
79.9 1027
79.92 1018
79.94 1061
79.96 1075
79.98 1057
80 878
80.02 709
80.04 475
80.06 358
80.08 295
80.1 247
80.12 220
80.14 199
80.16 170
80.18 141
80.2 161
80.22 147
80.24 152
80.26 154
80.28 172
80.3 152
80.32 142
80.34 140
80.36 126
80.38 127
80.4 135
80.42 158
80.44 137
80.46 145
80.48 136
80.5 136
80.52 123
80.54 137
80.56 110
80.58 116
80.6 130
80.62 124
80.64 127
80.66 121
80.68 144
80.7 135
80.72 130
80.74 131
80.76 129
80.78 128
80.8 139
80.82 129
80.84 131
80.86 122
80.88 125
80.9 124
80.92 138
80.94 125
80.96 111
80.98 114
81 122
81.02 112
81.04 125
81.06 110
81.08 129
81.1 131
81.12 108
81.14 112
81.16 117
81.18 112
81.2 130
81.22 111
81.24 120
81.26 122
81.28 124
81.3 140
81.32 127
81.34 115
81.36 109
81.38 147
81.4 124
81.42 126
81.44 123
81.46 124
81.48 117
81.5 142
81.52 104
81.54 111
81.56 111
81.58 127
81.6 118
81.62 122
81.64 122
81.66 109
81.68 129
81.7 113
81.72 114
81.74 118
81.76 120
81.78 116
81.8 92
81.82 121
81.84 99
81.86 105
81.88 127
81.9 96
81.92 127
81.94 126
81.96 119
81.98 89
82 102
82.02 109
82.04 101
82.06 110
82.08 124
82.1 108
82.12 127
82.14 105
82.16 132
82.18 99
82.2 95
82.22 102
82.24 131
82.26 101
82.28 126
82.3 102
82.32 117
82.34 97
82.36 110
82.38 118
82.4 105
82.42 106
82.44 92
82.46 120
82.48 116
82.5 103
82.52 96
82.54 108
82.56 116
82.58 109
82.6 107
82.62 104
82.64 120
82.66 105
82.68 95
82.7 118
82.72 101
82.74 108
82.76 121
82.78 126
82.8 96
82.82 111
82.84 119
82.86 110
82.88 110
82.9 116
82.92 114
82.94 101
82.96 102
82.98 104
83 84
83.02 131
83.04 98
83.06 111
83.08 128
83.1 99
83.12 105
83.14 98
83.16 104
83.18 100
83.2 115
83.22 110
83.24 103
83.26 97
83.28 113
83.3 100
83.32 121
83.34 99
83.36 103
83.38 91
83.4 123
83.42 111
83.44 104
83.46 93
83.48 103
83.5 102
83.52 118
83.54 111
83.56 116
83.58 101
83.6 105
83.62 87
83.64 102
83.66 101
83.68 113
83.7 108
83.72 97
83.74 100
83.76 120
83.78 119
83.8 88
83.82 103
83.84 98
83.86 126
83.88 97
83.9 101
83.92 99
83.94 128
83.96 115
83.98 102
84 105
84.02 126
84.04 104
84.06 105
84.08 121
84.1 99
84.12 106
84.14 108
84.16 136
84.18 96
84.2 79
84.22 100
84.24 116
84.26 98
84.28 118
84.3 116
84.32 96
84.34 109
84.36 92
84.38 103
84.4 86
84.42 101
84.44 93
84.46 84
84.48 85
84.5 101
84.52 97
84.54 98
84.56 91
84.58 98
84.6 98
84.62 111
84.64 95
84.66 102
84.68 100
84.7 112
84.72 101
84.74 82
84.76 104
84.78 110
84.8 112
84.82 103
84.84 107
84.86 90
84.88 117
84.9 80
84.92 107
84.94 101
84.96 94
84.98 98
85 106
85.02 108
85.04 88
85.06 96
85.08 102
85.1 101
85.12 111
85.14 109
85.16 115
85.18 95
85.2 118
85.22 113
85.24 102
85.26 101
85.28 81
85.3 89
85.32 92
85.34 87
85.36 133
85.38 100
85.4 126
85.42 109
85.44 98
85.46 94
85.48 92
85.5 105
85.52 114
85.54 110
85.56 106
85.58 105
85.6 113
85.62 101
85.64 104
85.66 101
85.68 108
85.7 114
85.72 95
85.74 95
85.76 97
85.78 103
85.8 89
85.82 109
85.84 102
85.86 102
85.88 86
85.9 117
85.92 98
85.94 93
85.96 114
85.98 98
86 96
86.02 80
86.04 91
86.06 97
86.08 96
86.1 104
86.12 98
86.14 100
86.16 99
86.18 101
86.2 88
86.22 90
86.24 87
86.26 95
86.28 104
86.3 102
86.32 90
86.34 85
86.36 103
86.38 105
86.4 88
86.42 113
86.44 98
86.46 105
86.48 88
86.5 95
86.52 99
86.54 88
86.56 99
86.58 102
86.6 104
86.62 103
86.64 108
86.66 118
86.68 123
86.7 94
86.72 84
86.74 101
86.76 99
86.78 105
86.8 109
86.82 100
86.84 107
86.86 90
86.88 90
86.9 90
86.92 90
86.94 108
86.96 90
86.98 97
87 108
87.02 90
87.04 93
87.06 102
87.08 96
87.1 92
87.12 87
87.14 103
87.16 111
87.18 111
87.2 92
87.22 85
87.24 83
87.26 86
87.28 92
87.3 97
87.32 101
87.34 96
87.36 109
87.38 78
87.4 98
87.42 94
87.44 111
87.46 112
87.48 93
87.5 94
87.52 93
87.54 100
87.56 104
87.58 104
87.6 87
87.62 91
87.64 109
87.66 119
87.68 97
87.7 104
87.72 107
87.74 116
87.76 92
87.78 77
87.8 88
87.82 88
87.84 94
87.86 98
87.88 95
87.9 97
87.92 101
87.94 106
87.96 83
87.98 90
88 88
88.02 96
88.04 96
88.06 93
88.08 95
88.1 73
88.12 96
88.14 95
88.16 86
88.18 100
88.2 99
88.22 98
88.24 107
88.26 93
88.28 100
88.3 123
88.32 98
88.34 95
88.36 125
88.38 102
88.4 86
88.42 98
88.44 112
88.46 91
88.48 102
88.5 76
88.52 101
88.54 99
88.56 90
88.58 79
88.6 95
88.62 83
88.64 94
88.66 97
88.68 90
88.7 82
88.72 98
88.74 93
88.76 114
88.78 86
88.8 100
88.82 110
88.84 107
88.86 105
88.88 68
88.9 97
88.92 113
88.94 93
88.96 108
88.98 101
89 88
89.02 93
89.04 93
89.06 104
89.08 106
89.1 88
89.12 107
89.14 113
89.16 99
89.18 122
89.2 98
89.22 89
89.24 101
89.26 105
89.28 119
89.3 123
89.32 120
89.34 137
89.36 124
89.38 124
89.4 103
89.42 157
89.44 163
89.46 193
89.48 243
89.5 294
89.52 319
89.54 358
89.56 363
89.58 327
89.6 233
89.62 214
89.64 196
89.66 179
89.68 155
89.7 155
89.72 136
89.74 139
89.76 178
89.78 216
89.8 192
89.82 212
89.84 232
89.86 174
89.88 178
89.9 188
89.92 143
89.94 110
89.96 128
89.98 113
90 120
