Sample background
Comments 
Filename C:\WINDMAX\DATA\KAGAWALAB\181122_background.raw
Goniometer TTRáV êÖïΩ∫ﬁ∆µ“∞¿(Tsé≤éËìÆ,ADS)
Attachment ïWèÄééóøŒŸ¿ﬁ∞
Monochromater å≈íË”…∏€“∞¿
ScanningMode 2Theta/Theta
ScanningType Continuos Scanning
X-Ray 40kV/300mA
î≠éUΩÿØƒ 2/3Åã
î≠éUècêßå¿ΩÿØƒ 10mm
éUóêΩÿØƒ 2/3Åã
éÛåıΩÿØƒ 0.3mm
±Ø√»∞¿ äJï˙
”…∏€éÛåıΩÿØƒ 0.8mm
Start 10
Stop 90
Step 0.02
10 292
10.02 296
10.04 271
10.06 264
10.08 254
10.1 284
10.12 268
10.14 259
10.16 296
10.18 283
10.2 266
10.22 274
10.24 297
10.26 281
10.28 284
10.3 283
10.32 280
10.34 290
10.36 278
10.38 255
10.4 254
10.42 276
10.44 251
10.46 259
10.48 284
10.5 265
10.52 290
10.54 260
10.56 289
10.58 257
10.6 270
10.62 289
10.64 262
10.66 244
10.68 271
10.7 251
10.72 301
10.74 270
10.76 271
10.78 285
10.8 275
10.82 266
10.84 262
10.86 286
10.88 286
10.9 279
10.92 289
10.94 295
10.96 261
10.98 281
11 257
11.02 274
11.04 293
11.06 276
11.08 319
11.1 267
11.12 291
11.14 301
11.16 270
11.18 265
11.2 242
11.22 296
11.24 303
11.26 298
11.28 313
11.3 292
11.32 289
11.34 279
11.36 263
11.38 293
11.4 262
11.42 267
11.44 273
11.46 313
11.48 264
11.5 248
11.52 260
11.54 299
11.56 269
11.58 267
11.6 276
11.62 290
11.64 285
11.66 245
11.68 260
11.7 232
11.72 261
11.74 305
11.76 279
11.78 267
11.8 248
11.82 268
11.84 278
11.86 284
11.88 267
11.9 250
11.92 273
11.94 253
11.96 251
11.98 263
12 300
12.02 257
12.04 277
12.06 269
12.08 267
12.1 265
12.12 271
12.14 241
12.16 253
12.18 284
12.2 244
12.22 284
12.24 250
12.26 273
12.28 249
12.3 255
12.32 265
12.34 278
12.36 261
12.38 244
12.4 246
12.42 282
12.44 247
12.46 244
12.48 262
12.5 256
12.52 285
12.54 281
12.56 265
12.58 282
12.6 249
12.62 263
12.64 270
12.66 263
12.68 253
12.7 293
12.72 291
12.74 272
12.76 277
12.78 243
12.8 260
12.82 226
12.84 283
12.86 271
12.88 267
12.9 278
12.92 272
12.94 258
12.96 288
12.98 257
13 281
13.02 266
13.04 270
13.06 286
13.08 299
13.1 284
13.12 309
13.14 287
13.16 279
13.18 268
13.2 295
13.22 289
13.24 288
13.26 316
13.28 306
13.3 325
13.32 285
13.34 339
13.36 323
13.38 355
13.4 326
13.42 323
13.44 386
13.46 375
13.48 335
13.5 368
13.52 346
13.54 397
13.56 394
13.58 440
13.6 403
13.62 429
13.64 468
13.66 480
13.68 507
13.7 472
13.72 524
13.74 540
13.76 567
13.78 602
13.8 604
13.82 660
13.84 643
13.86 656
13.88 718
13.9 742
13.92 739
13.94 800
13.96 817
13.98 889
14 832
14.02 864
14.04 901
14.06 881
14.08 810
14.1 824
14.12 778
14.14 743
14.16 693
14.18 650
14.2 557
14.22 552
14.24 509
14.26 458
14.28 467
14.3 385
14.32 396
14.34 371
14.36 329
14.38 286
14.4 349
14.42 315
14.44 293
14.46 260
14.48 299
14.5 299
14.52 250
14.54 243
14.56 238
14.58 223
14.6 223
14.62 214
14.64 184
14.66 211
14.68 205
14.7 204
14.72 186
14.74 208
14.76 191
14.78 165
14.8 183
14.82 170
14.84 169
14.86 171
14.88 173
14.9 182
14.92 170
14.94 164
14.96 153
14.98 172
15 163
15.02 159
15.04 167
15.06 145
15.08 166
15.1 151
15.12 162
15.14 179
15.16 143
15.18 170
15.2 156
15.22 125
15.24 135
15.26 138
15.28 152
15.3 130
15.32 125
15.34 120
15.36 105
15.38 130
15.4 152
15.42 136
15.44 136
15.46 139
15.48 151
15.5 117
15.52 140
15.54 132
15.56 108
15.58 142
15.6 121
15.62 129
15.64 116
15.66 137
15.68 125
15.7 142
15.72 137
15.74 139
15.76 122
15.78 112
15.8 119
15.82 117
15.84 125
15.86 129
15.88 127
15.9 128
15.92 131
15.94 121
15.96 128
15.98 126
16 109
16.02 118
16.04 109
16.06 113
16.08 110
16.1 128
16.12 111
16.14 127
16.16 131
16.18 106
16.2 103
16.22 127
16.24 136
16.26 111
16.28 134
16.3 135
16.32 123
16.34 123
16.36 111
16.38 153
16.4 120
16.42 125
16.44 136
16.46 125
16.48 130
16.5 137
16.52 158
16.54 135
16.56 146
16.58 181
16.6 158
16.62 144
16.64 161
16.66 177
16.68 139
16.7 148
16.72 183
16.74 182
16.76 221
16.78 186
16.8 206
16.82 175
16.84 195
16.86 172
16.88 154
16.9 195
16.92 171
16.94 174
16.96 140
16.98 154
17 163
17.02 140
17.04 136
17.06 145
17.08 166
17.1 141
17.12 118
17.14 121
17.16 103
17.18 113
17.2 120
17.22 114
17.24 108
17.26 116
17.28 120
17.3 107
17.32 104
17.34 112
17.36 110
17.38 104
17.4 90
17.42 105
17.44 98
17.46 88
17.48 111
17.5 109
17.52 86
17.54 89
17.56 102
17.58 86
17.6 110
17.62 92
17.64 92
17.66 88
17.68 96
17.7 81
17.72 78
17.74 86
17.76 93
17.78 95
17.8 78
17.82 94
17.84 82
17.86 105
17.88 113
17.9 80
17.92 113
17.94 85
17.96 84
17.98 88
18 103
18.02 94
18.04 90
18.06 98
18.08 83
18.1 108
18.12 98
18.14 83
18.16 84
18.18 100
18.2 81
18.22 98
18.24 92
18.26 91
18.28 97
18.3 94
18.32 97
18.34 106
18.36 83
18.38 109
18.4 94
18.42 106
18.44 90
18.46 101
18.48 90
18.5 84
18.52 89
18.54 87
18.56 84
18.58 79
18.6 104
18.62 97
18.64 88
18.66 86
18.68 97
18.7 108
18.72 83
18.74 78
18.76 99
18.78 96
18.8 85
18.82 94
18.84 100
18.86 90
18.88 100
18.9 86
18.92 84
18.94 90
18.96 93
18.98 109
19 76
19.02 94
19.04 100
19.06 89
19.08 90
19.1 85
19.12 86
19.14 112
19.16 72
19.18 80
19.2 97
19.22 88
19.24 76
19.26 89
19.28 80
19.3 97
19.32 93
19.34 92
19.36 91
19.38 84
19.4 95
19.42 82
19.44 82
19.46 89
19.48 99
19.5 85
19.52 94
19.54 92
19.56 86
19.58 81
19.6 84
19.62 91
19.64 89
19.66 87
19.68 95
19.7 90
19.72 83
19.74 85
19.76 90
19.78 95
19.8 87
19.82 87
19.84 78
19.86 72
19.88 88
19.9 86
19.92 86
19.94 91
19.96 77
19.98 84
20 80
20.02 89
20.04 77
20.06 90
20.08 91
20.1 92
20.12 84
20.14 84
20.16 83
20.18 101
20.2 91
20.22 98
20.24 101
20.26 91
20.28 83
20.3 97
20.32 93
20.34 94
20.36 85
20.38 89
20.4 77
20.42 80
20.44 77
20.46 75
20.48 79
20.5 90
20.52 87
20.54 80
20.56 74
20.58 93
20.6 73
20.62 84
20.64 89
20.66 84
20.68 84
20.7 61
20.72 89
20.74 80
20.76 79
20.78 76
20.8 83
20.82 77
20.84 101
20.86 94
20.88 76
20.9 76
20.92 94
20.94 81
20.96 86
20.98 78
21 84
21.02 94
21.04 78
21.06 60
21.08 84
21.1 78
21.12 71
21.14 83
21.16 82
21.18 84
21.2 85
21.22 81
21.24 70
21.26 91
21.28 99
21.3 102
21.32 97
21.34 88
21.36 91
21.38 105
21.4 108
21.42 123
21.44 154
21.46 164
21.48 152
21.5 176
21.52 202
21.54 177
21.56 180
21.58 167
21.6 142
21.62 112
21.64 118
21.66 91
21.68 95
21.7 80
21.72 97
21.74 101
21.76 79
21.78 77
21.8 77
21.82 75
21.84 68
21.86 75
21.88 79
21.9 64
21.92 69
21.94 79
21.96 70
21.98 70
22 82
22.02 59
22.04 66
22.06 79
22.08 75
22.1 66
22.12 83
22.14 72
22.16 68
22.18 74
22.2 76
22.22 66
22.24 58
22.26 72
22.28 72
22.3 64
22.32 71
22.34 57
22.36 73
22.38 64
22.4 63
22.42 52
22.44 61
22.46 65
22.48 68
22.5 68
22.52 77
22.54 75
22.56 50
22.58 67
22.6 71
22.62 71
22.64 65
22.66 76
22.68 59
22.7 50
22.72 69
22.74 74
22.76 70
22.78 77
22.8 82
22.82 77
22.84 83
22.86 94
22.88 111
22.9 101
22.92 125
22.94 138
22.96 169
22.98 167
23 230
23.02 299
23.04 319
23.06 429
23.08 492
23.1 559
23.12 566
23.14 584
23.16 614
23.18 602
23.2 504
23.22 411
23.24 371
23.26 313
23.28 222
23.3 170
23.32 169
23.34 142
23.36 100
23.38 96
23.4 91
23.42 81
23.44 92
23.46 80
23.48 87
23.5 77
23.52 85
23.54 57
23.56 62
23.58 69
23.6 62
23.62 59
23.64 76
23.66 51
23.68 64
23.7 68
23.72 71
23.74 94
23.76 66
23.78 78
23.8 70
23.82 75
23.84 82
23.86 86
23.88 92
23.9 82
23.92 88
23.94 83
23.96 92
23.98 85
24 69
24.02 69
24.04 68
24.06 72
24.08 58
24.1 58
24.12 59
24.14 56
24.16 59
24.18 51
24.2 73
24.22 56
24.24 66
24.26 69
24.28 58
24.3 53
24.32 62
24.34 60
24.36 61
24.38 64
24.4 53
24.42 53
24.44 52
24.46 50
24.48 44
24.5 63
24.52 55
24.54 60
24.56 50
24.58 56
24.6 48
24.62 58
24.64 57
24.66 53
24.68 50
24.7 50
24.72 51
24.74 53
24.76 61
24.78 47
24.8 54
24.82 54
24.84 62
24.86 43
24.88 44
24.9 41
24.92 56
24.94 56
24.96 36
24.98 66
25 39
25.02 51
25.04 50
25.06 66
25.08 53
25.1 45
25.12 60
25.14 44
25.16 38
25.18 44
25.2 67
25.22 51
25.24 57
25.26 44
25.28 30
25.3 49
25.32 51
25.34 40
25.36 39
25.38 45
25.4 50
25.42 36
25.44 37
25.46 53
25.48 31
25.5 43
25.52 47
25.54 44
25.56 39
25.58 38
25.6 46
25.62 43
25.64 46
25.66 46
25.68 58
25.7 47
25.72 49
25.74 43
25.76 49
25.78 50
25.8 54
25.82 44
25.84 53
25.86 48
25.88 33
25.9 45
25.92 39
25.94 35
25.96 37
25.98 45
26 44
26.02 38
26.04 38
26.06 43
26.08 42
26.1 43
26.12 43
26.14 48
26.16 53
26.18 40
26.2 49
26.22 43
26.24 46
26.26 57
26.28 45
26.3 40
26.32 41
26.34 49
26.36 39
26.38 46
26.4 44
26.42 40
26.44 40
26.46 48
26.48 33
26.5 36
26.52 46
26.54 42
26.56 39
26.58 47
26.6 53
26.62 52
26.64 56
26.66 61
26.68 59
26.7 65
26.72 53
26.74 35
26.76 56
26.78 55
26.8 62
26.82 47
26.84 38
26.86 46
26.88 38
26.9 30
26.92 46
26.94 47
26.96 45
26.98 52
27 48
27.02 37
27.04 48
27.06 38
27.08 38
27.1 54
27.12 39
27.14 38
27.16 40
27.18 38
27.2 33
27.22 28
27.24 45
27.26 47
27.28 35
27.3 56
27.32 26
27.34 44
27.36 50
27.38 50
27.4 43
27.42 41
27.44 51
27.46 44
27.48 53
27.5 38
27.52 31
27.54 46
27.56 49
27.58 53
27.6 42
27.62 45
27.64 32
27.66 33
27.68 36
27.7 31
27.72 32
27.74 45
27.76 47
27.78 37
27.8 45
27.82 36
27.84 42
27.86 46
27.88 41
27.9 40
27.92 56
27.94 44
27.96 53
27.98 59
28 59
28.02 55
28.04 30
28.06 33
28.08 43
28.1 47
28.12 48
28.14 44
28.16 55
28.18 41
28.2 40
28.22 41
28.24 46
28.26 39
28.28 36
28.3 42
28.32 42
28.34 49
28.36 51
28.38 50
28.4 61
28.42 60
28.44 61
28.46 57
28.48 65
28.5 42
28.52 57
28.54 48
28.56 46
28.58 44
28.6 34
28.62 40
28.64 49
28.66 56
28.68 44
28.7 55
28.72 55
28.74 57
28.76 56
28.78 49
28.8 42
28.82 60
28.84 66
28.86 54
28.88 53
28.9 54
28.92 60
28.94 62
28.96 76
28.98 75
29 79
29.02 108
29.04 127
29.06 95
29.08 119
29.1 147
29.12 118
29.14 147
29.16 205
29.18 246
29.2 308
29.22 330
29.24 423
29.26 617
29.28 799
29.3 1001
29.32 1312
29.34 1861
29.36 2511
29.38 3382
29.4 4484
29.42 5961
29.44 7705
29.46 9028
29.48 9903
29.5 10149
29.52 9838
29.54 9039
29.56 7762
29.58 6468
29.6 5169
29.62 3917
29.64 2931
29.66 2073
29.68 1511
29.7 1122
29.72 760
29.74 631
29.76 527
29.78 452
29.8 371
29.82 294
29.84 276
29.86 187
29.88 202
29.9 199
29.92 172
29.94 150
29.96 149
29.98 126
30 127
30.02 107
30.04 100
30.06 81
30.08 101
30.1 111
30.12 91
30.14 87
30.16 85
30.18 86
30.2 78
30.22 65
30.24 77
30.26 79
30.28 73
30.3 52
30.32 53
30.34 63
30.36 56
30.38 55
30.4 53
30.42 56
30.44 52
30.46 72
30.48 68
30.5 54
30.52 40
30.54 54
30.56 42
30.58 54
30.6 54
30.62 49
30.64 52
30.66 58
30.68 62
30.7 44
30.72 47
30.74 43
30.76 47
30.78 57
30.8 57
30.82 45
30.84 53
30.86 50
30.88 61
30.9 52
30.92 63
30.94 53
30.96 55
30.98 63
31 48
31.02 55
31.04 64
31.06 37
31.08 49
31.1 49
31.12 36
31.14 54
31.16 50
31.18 42
31.2 58
31.22 48
31.24 52
31.26 51
31.28 60
31.3 55
31.32 72
31.34 62
31.36 74
31.38 76
31.4 101
31.42 134
31.44 136
31.46 187
31.48 220
31.5 210
31.52 274
31.54 260
31.56 262
31.58 228
31.6 221
31.62 179
31.64 218
31.66 131
31.68 136
31.7 116
31.72 95
31.74 99
31.76 68
31.78 73
31.8 60
31.82 55
31.84 51
31.86 36
31.88 47
31.9 61
31.92 41
31.94 49
31.96 44
31.98 44
32 44
32.02 40
32.04 42
32.06 28
32.08 38
32.1 56
32.12 46
32.14 40
32.16 33
32.18 40
32.2 32
32.22 35
32.24 32
32.26 31
32.28 44
32.3 32
32.32 44
32.34 40
32.36 45
32.38 41
32.4 39
32.42 46
32.44 37
32.46 32
32.48 39
32.5 34
32.52 33
32.54 42
32.56 38
32.58 32
32.6 43
32.62 30
32.64 50
32.66 41
32.68 34
32.7 52
32.72 31
32.74 31
32.76 33
32.78 42
32.8 35
32.82 34
32.84 31
32.86 44
32.88 39
32.9 39
32.92 49
32.94 38
32.96 36
32.98 33
33 33
33.02 28
33.04 31
33.06 36
33.08 46
33.1 27
33.12 31
33.14 35
33.16 45
33.18 37
33.2 39
33.22 40
33.24 32
33.26 40
33.28 41
33.3 44
33.32 31
33.34 36
33.36 34
33.38 36
33.4 23
33.42 39
33.44 31
33.46 35
33.48 45
33.5 30
33.52 32
33.54 27
33.56 37
33.58 31
33.6 34
33.62 48
33.64 42
33.66 36
33.68 31
33.7 26
33.72 35
33.74 42
33.76 34
33.78 31
33.8 31
33.82 52
33.84 36
33.86 31
33.88 34
33.9 42
33.92 37
33.94 31
33.96 32
33.98 37
34 33
34.02 34
34.04 31
34.06 35
34.08 34
34.1 24
34.12 36
34.14 37
34.16 34
34.18 28
34.2 37
34.22 28
34.24 30
34.26 39
34.28 32
34.3 31
34.32 31
34.34 32
34.36 26
34.38 29
34.4 33
34.42 29
34.44 29
34.46 30
34.48 30
34.5 34
34.52 51
34.54 27
34.56 34
34.58 40
34.6 31
34.62 39
34.64 37
34.66 30
34.68 48
34.7 41
34.72 34
34.74 28
34.76 37
34.78 40
34.8 39
34.82 36
34.84 21
34.86 31
34.88 34
34.9 28
34.92 38
34.94 28
34.96 39
34.98 23
35 40
35.02 33
35.04 43
35.06 41
35.08 34
35.1 30
35.12 51
35.14 35
35.16 35
35.18 36
35.2 45
35.22 44
35.24 37
35.26 45
35.28 41
35.3 40
35.32 33
35.34 37
35.36 45
35.38 45
35.4 44
35.42 49
35.44 34
35.46 45
35.48 35
35.5 49
35.52 41
35.54 46
35.56 49
35.58 37
35.6 42
35.62 49
35.64 47
35.66 38
35.68 43
35.7 70
35.72 70
35.74 61
35.76 64
35.78 72
35.8 86
35.82 102
35.84 111
35.86 170
35.88 152
35.9 175
35.92 233
35.94 326
35.96 379
35.98 464
36 626
36.02 769
36.04 831
36.06 877
36.08 864
36.1 849
36.12 781
36.14 709
36.16 596
36.18 510
36.2 409
36.22 331
36.24 272
36.26 226
36.28 175
36.3 127
36.32 125
36.34 113
36.36 94
36.38 78
36.4 79
36.42 63
36.44 55
36.46 73
36.48 51
36.5 64
36.52 38
36.54 44
36.56 41
36.58 47
36.6 39
36.62 49
36.64 40
36.66 36
36.68 36
36.7 46
36.72 38
36.74 31
36.76 34
36.78 42
36.8 42
36.82 44
36.84 44
36.86 51
36.88 22
36.9 40
36.92 40
36.94 39
36.96 37
36.98 45
37 45
37.02 40
37.04 40
37.06 45
37.08 29
37.1 31
37.12 33
37.14 35
37.16 33
37.18 36
37.2 48
37.22 29
37.24 36
37.26 35
37.28 37
37.3 30
37.32 29
37.34 39
37.36 31
37.38 38
37.4 34
37.42 38
37.44 29
37.46 39
37.48 38
37.5 36
37.52 39
37.54 40
37.56 35
37.58 30
37.6 38
37.62 34
37.64 41
37.66 37
37.68 41
37.7 32
37.72 33
37.74 37
37.76 39
37.78 49
37.8 35
37.82 44
37.84 45
37.86 28
37.88 43
37.9 38
37.92 49
37.94 33
37.96 41
37.98 37
38 35
38.02 26
38.04 32
38.06 38
38.08 34
38.1 39
38.12 51
38.14 34
38.16 32
38.18 32
38.2 28
38.22 39
38.24 31
38.26 42
38.28 36
38.3 38
38.32 51
38.34 32
38.36 39
38.38 37
38.4 32
38.42 48
38.44 38
38.46 28
38.48 34
38.5 36
38.52 36
38.54 35
38.56 35
38.58 40
38.6 36
38.62 43
38.64 43
38.66 32
38.68 37
38.7 30
38.72 31
38.74 38
38.76 37
38.78 39
38.8 38
38.82 48
38.84 46
38.86 52
38.88 36
38.9 38
38.92 51
38.94 42
38.96 46
38.98 49
39 64
39.02 42
39.04 61
39.06 53
39.08 70
39.1 72
39.12 79
39.14 82
39.16 80
39.18 80
39.2 97
39.22 104
39.24 115
39.26 149
39.28 170
39.3 213
39.32 249
39.34 293
39.36 388
39.38 510
39.4 649
39.42 777
39.44 931
39.46 1074
39.48 1259
39.5 1226
39.52 1326
39.54 1261
39.56 1228
39.58 1113
39.6 1012
39.62 881
39.64 744
39.66 639
39.68 503
39.7 382
39.72 313
39.74 290
39.76 211
39.78 209
39.8 152
39.82 124
39.84 113
39.86 129
39.88 91
39.9 94
39.92 92
39.94 78
39.96 76
39.98 65
40 66
40.02 73
40.04 56
40.06 72
40.08 45
40.1 64
40.12 53
40.14 49
40.16 53
40.18 59
40.2 45
40.22 49
40.24 72
40.26 51
40.28 47
40.3 58
40.32 54
40.34 57
40.36 37
40.38 46
40.4 46
40.42 44
40.44 43
40.46 42
40.48 43
40.5 48
40.52 46
40.54 58
40.56 40
40.58 34
40.6 51
40.62 44
40.64 52
40.66 48
40.68 45
40.7 48
40.72 49
40.74 47
40.76 48
40.78 41
40.8 46
40.82 37
40.84 48
40.86 45
40.88 30
40.9 43
40.92 41
40.94 37
40.96 39
40.98 56
41 60
41.02 35
41.04 31
41.06 53
41.08 55
41.1 40
41.12 41
41.14 42
41.16 34
41.18 40
41.2 35
41.22 41
41.24 43
41.26 37
41.28 42
41.3 47
41.32 39
41.34 34
41.36 39
41.38 35
41.4 35
41.42 44
41.44 44
41.46 43
41.48 36
41.5 29
41.52 37
41.54 36
41.56 33
41.58 35
41.6 37
41.62 34
41.64 27
41.66 46
41.68 45
41.7 54
41.72 48
41.74 29
41.76 40
41.78 36
41.8 30
41.82 49
41.84 50
41.86 52
41.88 25
41.9 44
41.92 41
41.94 43
41.96 38
41.98 34
42 39
42.02 47
42.04 28
42.06 41
42.08 46
42.1 39
42.12 35
42.14 59
42.16 54
42.18 39
42.2 35
42.22 46
42.24 36
42.26 46
42.28 33
42.3 38
42.32 42
42.34 46
42.36 39
42.38 50
42.4 43
42.42 35
42.44 47
42.46 55
42.48 43
42.5 39
42.52 35
42.54 47
42.56 38
42.58 43
42.6 49
42.62 44
42.64 62
42.66 59
42.68 35
42.7 54
42.72 54
42.74 56
42.76 56
42.78 61
42.8 43
42.82 57
42.84 73
42.86 52
42.88 61
42.9 52
42.92 74
42.94 75
42.96 79
42.98 87
43 110
43.02 129
43.04 159
43.06 171
43.08 253
43.1 250
43.12 337
43.14 489
43.16 577
43.18 729
43.2 897
43.22 1089
43.24 1105
43.26 1199
43.28 1136
43.3 1032
43.32 952
43.34 960
43.36 857
43.38 780
43.4 648
43.42 546
43.44 436
43.46 357
43.48 288
43.5 214
43.52 175
43.54 133
43.56 111
43.58 118
43.6 119
43.62 84
43.64 75
43.66 66
43.68 84
43.7 75
43.72 81
43.74 59
43.76 61
43.78 55
43.8 61
43.82 63
43.84 43
43.86 55
43.88 49
43.9 57
43.92 37
43.94 43
43.96 51
43.98 46
44 41
44.02 49
44.04 42
44.06 48
44.08 38
44.1 40
44.12 52
44.14 53
44.16 50
44.18 40
44.2 49
44.22 39
44.24 45
44.26 56
44.28 49
44.3 56
44.32 46
44.34 57
44.36 45
44.38 39
44.4 39
44.42 40
44.44 49
44.46 47
44.48 44
44.5 40
44.52 32
44.54 43
44.56 43
44.58 49
44.6 39
44.62 37
44.64 41
44.66 36
44.68 42
44.7 50
44.72 35
44.74 32
44.76 58
44.78 38
44.8 52
44.82 36
44.84 52
44.86 56
44.88 47
44.9 29
44.92 43
44.94 44
44.96 56
44.98 34
45 42
45.02 45
45.04 34
45.06 47
45.08 48
45.1 37
45.12 47
45.14 41
45.16 41
45.18 38
45.2 52
45.22 47
45.24 45
45.26 49
45.28 45
45.3 33
45.32 46
45.34 49
45.36 33
45.38 41
45.4 38
45.42 46
45.44 42
45.46 45
45.48 36
45.5 40
45.52 36
45.54 38
45.56 42
45.58 55
45.6 38
45.62 51
45.64 45
45.66 38
45.68 42
45.7 50
45.72 49
45.74 49
45.76 57
45.78 38
45.8 38
45.82 40
45.84 40
45.86 43
45.88 48
45.9 47
45.92 32
45.94 37
45.96 40
45.98 37
46 43
46.02 47
46.04 40
46.06 40
46.08 37
46.1 36
46.12 36
46.14 30
46.16 41
46.18 43
46.2 31
46.22 33
46.24 49
46.26 34
46.28 39
46.3 37
46.32 39
46.34 41
46.36 47
46.38 41
46.4 52
46.42 55
46.44 52
46.46 36
46.48 47
46.5 52
46.52 48
46.54 40
46.56 47
46.58 51
46.6 42
46.62 60
46.64 47
46.66 53
46.68 44
46.7 66
46.72 54
46.74 59
46.76 49
46.78 58
46.8 72
46.82 53
46.84 72
46.86 77
46.88 87
46.9 89
46.92 87
46.94 107
46.96 98
46.98 111
47 108
47.02 128
47.04 170
47.06 169
47.08 194
47.1 212
47.12 278
47.14 351
47.16 390
47.18 382
47.2 418
47.22 436
47.24 467
47.26 427
47.28 459
47.3 463
47.32 470
47.34 425
47.36 446
47.38 464
47.4 490
47.42 524
47.44 576
47.46 625
47.48 697
47.5 852
47.52 1058
47.54 1137
47.56 1287
47.58 1475
47.6 1425
47.62 1486
47.64 1525
47.66 1532
47.68 1382
47.7 1401
47.72 1241
47.74 1137
47.76 1048
47.78 883
47.8 761
47.82 649
47.84 603
47.86 433
47.88 369
47.9 311
47.92 299
47.94 278
47.96 219
47.98 200
48 188
48.02 166
48.04 170
48.06 139
48.08 150
48.1 125
48.12 150
48.14 144
48.16 135
48.18 120
48.2 117
48.22 136
48.24 145
48.26 129
48.28 160
48.3 178
48.32 215
48.34 196
48.36 220
48.38 284
48.4 337
48.42 356
48.44 420
48.46 488
48.48 636
48.5 804
48.52 886
48.54 1104
48.56 1156
48.58 1271
48.6 1372
48.62 1434
48.64 1409
48.66 1390
48.68 1225
48.7 1147
48.72 1102
48.74 1047
48.76 926
48.78 808
48.8 692
48.82 565
48.84 505
48.86 399
48.88 345
48.9 303
48.92 266
48.94 218
48.96 211
48.98 169
49 127
49.02 138
49.04 112
49.06 111
49.08 111
49.1 112
49.12 87
49.14 86
49.16 71
49.18 88
49.2 65
49.22 71
49.24 73
49.26 53
49.28 77
49.3 66
49.32 59
49.34 60
49.36 47
49.38 57
49.4 64
49.42 47
49.44 56
49.46 49
49.48 56
49.5 45
49.52 43
49.54 37
49.56 49
49.58 60
49.6 37
49.62 57
49.64 50
49.66 42
49.68 48
49.7 55
49.72 44
49.74 27
49.76 38
49.78 48
49.8 40
49.82 53
49.84 36
49.86 49
49.88 44
49.9 46
49.92 32
49.94 38
49.96 34
49.98 37
50 52
50.02 37
50.04 32
50.06 42
50.08 35
50.1 42
50.12 30
50.14 40
50.16 30
50.18 35
50.2 25
50.22 39
50.24 41
50.26 32
50.28 37
50.3 47
50.32 42
50.34 37
50.36 38
50.38 33
50.4 34
50.42 39
50.44 45
50.46 42
50.48 39
50.5 31
50.52 36
50.54 33
50.56 35
50.58 33
50.6 40
50.62 38
50.64 43
50.66 38
50.68 35
50.7 41
50.72 41
50.74 36
50.76 41
50.78 33
50.8 39
50.82 48
50.84 36
50.86 35
50.88 49
50.9 40
50.92 37
50.94 28
50.96 43
50.98 31
51 37
51.02 42
51.04 42
51.06 33
51.08 35
51.1 31
51.12 36
51.14 37
51.16 38
51.18 32
51.2 28
51.22 26
51.24 35
51.26 35
51.28 42
51.3 35
51.32 38
51.34 41
51.36 44
51.38 41
51.4 30
51.42 29
51.44 27
51.46 29
51.48 34
51.5 40
51.52 31
51.54 47
51.56 32
51.58 27
51.6 40
51.62 33
51.64 28
51.66 50
51.68 40
51.7 31
51.72 41
51.74 27
51.76 40
51.78 52
51.8 53
51.82 27
51.84 42
51.86 34
51.88 34
51.9 41
51.92 35
51.94 31
51.96 36
51.98 34
52 28
52.02 42
52.04 36
52.06 31
52.08 28
52.1 32
52.12 30
52.14 27
52.16 34
52.18 28
52.2 45
52.22 38
52.24 33
52.26 44
52.28 37
52.3 39
52.32 27
52.34 39
52.36 41
52.38 38
52.4 26
52.42 30
52.44 34
52.46 35
52.48 44
52.5 27
52.52 30
52.54 37
52.56 33
52.58 23
52.6 33
52.62 31
52.64 27
52.66 39
52.68 31
52.7 29
52.72 28
52.74 32
52.76 26
52.78 30
52.8 45
52.82 39
52.84 30
52.86 28
52.88 26
52.9 29
52.92 40
52.94 36
52.96 39
52.98 49
53 28
53.02 30
53.04 35
53.06 24
53.08 27
53.1 28
53.12 44
53.14 44
53.16 43
53.18 26
53.2 29
53.22 26
53.24 29
53.26 39
53.28 35
53.3 31
53.32 15
53.34 28
53.36 31
53.38 35
53.4 28
53.42 28
53.44 26
53.46 28
53.48 28
53.5 33
53.52 32
53.54 19
53.56 34
53.58 21
53.6 30
53.62 35
53.64 30
53.66 38
53.68 28
53.7 30
53.72 33
53.74 31
53.76 27
53.78 40
53.8 23
53.82 38
53.84 34
53.86 25
53.88 21
53.9 24
53.92 31
53.94 29
53.96 38
53.98 37
54 41
54.02 37
54.04 20
54.06 33
54.08 30
54.1 25
54.12 25
54.14 44
54.16 38
54.18 51
54.2 31
54.22 29
54.24 31
54.26 19
54.28 29
54.3 34
54.32 37
54.34 29
54.36 31
54.38 33
54.4 40
54.42 28
54.44 39
54.46 29
54.48 36
54.5 27
54.52 35
54.54 29
54.56 27
54.58 22
54.6 33
54.62 22
54.64 31
54.66 28
54.68 32
54.7 31
54.72 28
54.74 31
54.76 37
54.78 25
54.8 33
54.82 36
54.84 26
54.86 38
54.88 23
54.9 29
54.92 34
54.94 38
54.96 33
54.98 34
55 27
55.02 30
55.04 30
55.06 32
55.08 33
55.1 32
55.12 36
55.14 18
55.16 41
55.18 22
55.2 35
55.22 33
55.24 36
55.26 29
55.28 29
55.3 30
55.32 28
55.34 32
55.36 30
55.38 15
55.4 31
55.42 27
55.44 42
55.46 32
55.48 32
55.5 41
55.52 24
55.54 44
55.56 29
55.58 29
55.6 30
55.62 30
55.64 21
55.66 32
55.68 37
55.7 33
55.72 32
55.74 42
55.76 27
55.78 36
55.8 23
55.82 31
55.84 30
55.86 36
55.88 21
55.9 26
55.92 29
55.94 33
55.96 37
55.98 35
56 32
56.02 32
56.04 34
56.06 27
56.08 37
56.1 26
56.12 27
56.14 39
56.16 38
56.18 35
56.2 36
56.22 39
56.24 39
56.26 48
56.28 42
56.3 43
56.32 46
56.34 34
56.36 51
56.38 50
56.4 39
56.42 56
56.44 48
56.46 77
56.48 69
56.5 79
56.52 92
56.54 116
56.56 122
56.58 167
56.6 198
56.62 192
56.64 203
56.66 229
56.68 236
56.7 228
56.72 208
56.74 234
56.76 223
56.78 172
56.8 183
56.82 193
56.84 165
56.86 143
56.88 132
56.9 116
56.92 128
56.94 106
56.96 76
56.98 73
57 82
57.02 66
57.04 69
57.06 64
57.08 66
57.1 63
57.12 77
57.14 72
57.16 82
57.18 92
57.2 83
57.22 92
57.24 112
57.26 128
57.28 133
57.3 141
57.32 148
57.34 206
57.36 227
57.38 230
57.4 349
57.42 371
57.44 390
57.46 425
57.48 437
57.5 528
57.52 470
57.54 559
57.56 483
57.58 444
57.6 476
57.62 420
57.64 374
57.66 351
57.68 337
57.7 322
57.72 253
57.74 234
57.76 216
57.78 195
57.8 159
57.82 116
57.84 140
57.86 101
57.88 86
57.9 105
57.92 92
57.94 91
57.96 63
57.98 82
58 99
58.02 73
58.04 94
58.06 98
58.08 77
58.1 102
58.12 101
58.14 101
58.16 119
58.18 137
58.2 128
58.22 111
58.24 132
58.26 112
58.28 96
58.3 97
58.32 85
58.34 82
58.36 74
58.38 88
58.4 80
58.42 84
58.44 71
58.46 55
58.48 66
58.5 44
58.52 36
58.54 43
58.56 31
58.58 60
58.6 34
58.62 40
58.64 35
58.66 33
58.68 37
58.7 37
58.72 28
58.74 35
58.76 39
58.78 40
58.8 27
58.82 39
58.84 43
58.86 37
58.88 27
58.9 34
58.92 31
58.94 34
58.96 45
58.98 41
59 34
59.02 30
59.04 27
59.06 26
59.08 37
59.1 34
59.12 29
59.14 33
59.16 35
59.18 30
59.2 32
59.22 30
59.24 38
59.26 36
59.28 45
59.3 27
59.32 29
59.34 29
59.36 32
59.38 35
59.4 34
59.42 21
59.44 41
59.46 25
59.48 29
59.5 18
59.52 44
59.54 33
59.56 25
59.58 26
59.6 25
59.62 28
59.64 27
59.66 35
59.68 34
59.7 19
59.72 30
59.74 38
59.76 30
59.78 31
59.8 23
59.82 27
59.84 32
59.86 28
59.88 28
59.9 33
59.92 40
59.94 39
59.96 24
59.98 38
60 39
60.02 32
60.04 37
60.06 42
60.08 39
60.1 42
60.12 43
60.14 33
60.16 30
60.18 42
60.2 40
60.22 48
60.24 41
60.26 43
60.28 34
60.3 42
60.32 45
60.34 44
60.36 46
60.38 53
60.4 36
60.42 47
60.44 56
60.46 58
60.48 64
60.5 54
60.52 68
60.54 82
60.56 82
60.58 103
60.6 122
60.62 152
60.64 134
60.66 200
60.68 243
60.7 263
60.72 344
60.74 296
60.76 354
60.78 372
60.8 375
60.82 376
60.84 343
60.86 343
60.88 331
60.9 298
60.92 278
60.94 291
60.96 310
60.98 273
61 270
61.02 295
61.04 262
61.06 290
61.08 263
61.1 259
61.12 256
61.14 275
61.16 257
61.18 244
61.2 215
61.22 183
61.24 192
61.26 204
61.28 209
61.3 215
61.32 213
61.34 201
61.36 228
61.38 183
61.4 198
61.42 223
61.44 230
61.46 253
61.48 219
61.5 219
61.52 225
61.54 222
61.56 218
61.58 181
61.6 197
61.62 182
61.64 165
61.66 167
61.68 163
61.7 124
61.72 123
61.74 106
61.76 87
61.78 78
61.8 75
61.82 73
61.84 78
61.86 62
61.88 61
61.9 40
61.92 62
61.94 47
61.96 57
61.98 37
62 33
62.02 53
62.04 37
62.06 43
62.08 47
62.1 48
62.12 44
62.14 37
62.16 34
62.18 36
62.2 36
62.22 38
62.24 33
62.26 37
62.28 41
62.3 36
62.32 38
62.34 27
62.36 39
62.38 38
62.4 32
62.42 40
62.44 33
62.46 26
62.48 30
62.5 27
62.52 32
62.54 39
62.56 26
62.58 33
62.6 30
62.62 44
62.64 36
62.66 42
62.68 42
62.7 42
62.72 40
62.74 39
62.76 33
62.78 40
62.8 26
62.82 40
62.84 49
62.86 53
62.88 34
62.9 45
62.92 61
62.94 54
62.96 60
62.98 58
63 60
63.02 75
63.04 85
63.06 94
63.08 83
63.1 110
63.12 143
63.14 140
63.16 132
63.18 139
63.2 133
63.22 118
63.24 135
63.26 148
63.28 137
63.3 108
63.32 106
63.34 95
63.36 102
63.38 99
63.4 76
63.42 74
63.44 79
63.46 60
63.48 63
63.5 60
63.52 55
63.54 46
63.56 54
63.58 58
63.6 46
63.62 43
63.64 44
63.66 34
63.68 30
63.7 36
63.72 38
63.74 40
63.76 29
63.78 33
63.8 56
63.82 31
63.84 29
63.86 38
63.88 24
63.9 30
63.92 31
63.94 27
63.96 39
63.98 30
64 31
64.02 41
64.04 36
64.06 38
64.08 33
64.1 33
64.12 50
64.14 39
64.16 34
64.18 35
64.2 43
64.22 44
64.24 35
64.26 26
64.28 54
64.3 49
64.32 63
64.34 46
64.36 45
64.38 43
64.4 48
64.42 43
64.44 63
64.46 59
64.48 69
64.5 71
64.52 84
64.54 84
64.56 97
64.58 115
64.6 158
64.62 173
64.64 190
64.66 218
64.68 254
64.7 280
64.72 349
64.74 325
64.76 347
64.78 361
64.8 370
64.82 353
64.84 343
64.86 297
64.88 295
64.9 339
64.92 288
64.94 273
64.96 243
64.98 252
65 217
65.02 197
65.04 185
65.06 143
65.08 130
65.1 103
65.12 80
65.14 87
65.16 88
65.18 77
65.2 75
65.22 64
65.24 68
65.26 57
65.28 76
65.3 73
65.32 64
65.34 88
65.36 64
65.38 63
65.4 69
65.42 66
65.44 75
65.46 90
65.48 85
65.5 108
65.52 88
65.54 104
65.56 122
65.58 135
65.6 147
65.62 168
65.64 219
65.66 233
65.68 277
65.7 274
65.72 275
65.74 286
65.76 305
65.78 261
65.8 282
65.82 297
65.84 243
65.86 231
65.88 249
65.9 228
65.92 206
65.94 197
65.96 172
65.98 180
66 155
66.02 135
66.04 130
66.06 117
66.08 98
66.1 91
66.12 83
66.14 77
66.16 65
66.18 62
66.2 66
66.22 49
66.24 51
66.26 47
66.28 43
66.3 48
66.32 45
66.34 33
66.36 32
66.38 44
66.4 41
66.42 40
66.44 40
66.46 44
66.48 41
66.5 37
66.52 31
66.54 23
66.56 26
66.58 39
66.6 30
66.62 32
66.64 40
66.66 37
66.68 27
66.7 22
66.72 41
66.74 32
66.76 30
66.78 25
66.8 27
66.82 21
66.84 28
66.86 32
66.88 30
66.9 33
66.92 26
66.94 34
66.96 35
66.98 32
67 27
67.02 30
67.04 20
67.06 31
67.08 33
67.1 31
67.12 26
67.14 37
67.16 29
67.18 23
67.2 37
67.22 38
67.24 29
67.26 29
67.28 17
67.3 24
67.32 20
67.34 28
67.36 31
67.38 28
67.4 24
67.42 47
67.44 26
67.46 34
67.48 30
67.5 24
67.52 29
67.54 27
67.56 38
67.58 16
67.6 16
67.62 28
67.64 28
67.66 39
67.68 24
67.7 33
67.72 28
67.74 31
67.76 29
67.78 19
67.8 24
67.82 27
67.84 33
67.86 31
67.88 24
67.9 13
67.92 27
67.94 25
67.96 28
67.98 23
68 28
68.02 23
68.04 28
68.06 25
68.08 35
68.1 30
68.12 31
68.14 16
68.16 20
68.18 28
68.2 27
68.22 29
68.24 25
68.26 30
68.28 25
68.3 18
68.32 32
68.34 28
68.36 24
68.38 18
68.4 24
68.42 27
68.44 18
68.46 25
68.48 27
68.5 26
68.52 26
68.54 20
68.56 25
68.58 20
68.6 32
68.62 39
68.64 27
68.66 25
68.68 32
68.7 32
68.72 34
68.74 34
68.76 26
68.78 19
68.8 37
68.82 31
68.84 27
68.86 33
68.88 23
68.9 27
68.92 33
68.94 36
68.96 34
68.98 25
69 41
69.02 27
69.04 31
69.06 43
69.08 52
69.1 56
69.12 47
69.14 50
69.16 55
69.18 62
69.2 78
69.22 81
69.24 80
69.26 97
69.28 99
69.3 91
69.32 98
69.34 112
69.36 106
69.38 78
69.4 81
69.42 96
69.44 91
69.46 83
69.48 84
69.5 82
69.52 74
69.54 67
69.56 61
69.58 59
69.6 47
69.62 44
69.64 56
69.66 51
69.68 49
69.7 56
69.72 55
69.74 58
69.76 41
69.78 39
69.8 32
69.82 31
69.84 33
69.86 45
69.88 29
69.9 44
69.92 42
69.94 43
69.96 35
69.98 28
70 43
70.02 52
70.04 47
70.06 43
70.08 60
70.1 45
70.12 46
70.14 64
70.16 70
70.18 79
70.2 83
70.22 80
70.24 99
70.26 94
70.28 112
70.3 106
70.32 128
70.34 135
70.36 124
70.38 136
70.4 146
70.42 128
70.44 116
70.46 122
70.48 128
70.5 127
70.52 112
70.54 111
70.56 101
70.58 87
70.6 93
70.62 96
70.64 67
70.66 89
70.68 88
70.7 69
70.72 59
70.74 65
70.76 48
70.78 46
70.8 45
70.82 51
70.84 51
70.86 42
70.88 36
70.9 36
70.92 32
70.94 30
70.96 37
70.98 35
71 34
71.02 27
71.04 36
71.06 23
71.08 44
71.1 40
71.12 28
71.14 37
71.16 35
71.18 31
71.2 26
71.22 22
71.24 34
71.26 32
71.28 26
71.3 25
71.32 32
71.34 34
71.36 29
71.38 27
71.4 27
71.42 32
71.44 31
71.46 40
71.48 23
71.5 28
71.52 34
71.54 33
71.56 28
71.58 33
71.6 40
71.62 26
71.64 34
71.66 24
71.68 26
71.7 31
71.72 29
71.74 26
71.76 18
71.78 19
71.8 24
71.82 26
71.84 24
71.86 24
71.88 31
71.9 32
71.92 26
71.94 28
71.96 32
71.98 37
72 33
72.02 29
72.04 33
72.06 31
72.08 25
72.1 26
72.12 28
72.14 27
72.16 36
72.18 38
72.2 35
72.22 30
72.24 26
72.26 34
72.28 36
72.3 29
72.32 35
72.34 34
72.36 30
72.38 31
72.4 40
72.42 30
72.44 35
72.46 27
72.48 38
72.5 38
72.52 39
72.54 34
72.56 35
72.58 32
72.6 48
72.62 39
72.64 37
72.66 42
72.68 31
72.7 49
72.72 59
72.74 56
72.76 62
72.78 86
72.8 73
72.82 89
72.84 110
72.86 104
72.88 120
72.9 131
72.92 135
72.94 149
72.96 160
72.98 186
73 193
73.02 181
73.04 170
73.06 166
73.08 164
73.1 168
73.12 152
73.14 159
73.16 146
73.18 141
73.2 145
73.22 154
73.24 136
73.26 131
73.28 131
73.3 116
73.32 111
73.34 89
73.36 80
73.38 77
73.4 71
73.42 65
73.44 56
73.46 72
73.48 62
73.5 51
73.52 36
73.54 46
73.56 49
73.58 55
73.6 48
73.62 61
73.64 46
73.66 60
73.68 60
73.7 67
73.72 65
73.74 82
73.76 70
73.78 77
73.8 78
73.82 69
73.84 49
73.86 61
73.88 76
73.9 63
73.92 63
73.94 51
73.96 56
73.98 65
74 44
74.02 49
74.04 49
74.06 55
74.08 54
74.1 44
74.12 31
74.14 36
74.16 34
74.18 46
74.2 37
74.22 49
74.24 29
74.26 47
74.28 42
74.3 36
74.32 41
74.34 29
74.36 40
74.38 31
74.4 25
74.42 45
74.44 42
74.46 30
74.48 26
74.5 24
74.52 44
74.54 41
74.56 32
74.58 20
74.6 33
74.62 32
74.64 33
74.66 27
74.68 28
74.7 34
74.72 35
74.74 28
74.76 31
74.78 23
74.8 33
74.82 19
74.84 32
74.86 32
74.88 32
74.9 31
74.92 25
74.94 38
74.96 24
74.98 34
75 18
75.02 28
75.04 27
75.06 35
75.08 23
75.1 37
75.12 34
75.14 15
75.16 28
75.18 27
75.2 19
75.22 31
75.24 24
75.26 18
75.28 32
75.3 25
75.32 16
75.34 27
75.36 33
75.38 20
75.4 21
75.42 26
75.44 32
75.46 27
75.48 35
75.5 24
75.52 33
75.54 25
75.56 37
75.58 30
75.6 23
75.62 22
75.64 37
75.66 34
75.68 25
75.7 28
75.72 31
75.74 24
75.76 30
75.78 31
75.8 29
75.82 34
75.84 29
75.86 32
75.88 20
75.9 38
75.92 33
75.94 27
75.96 33
75.98 44
76 42
76.02 29
76.04 26
76.06 37
76.08 32
76.1 39
76.12 41
76.14 43
76.16 38
76.18 53
76.2 45
76.22 46
76.24 58
76.26 63
76.28 58
76.3 82
76.32 81
76.34 84
76.36 74
76.38 88
76.4 92
76.42 93
76.44 70
76.46 86
76.48 73
76.5 84
76.52 76
76.54 81
76.56 77
76.58 68
76.6 87
76.62 72
76.64 68
76.66 65
76.68 66
76.7 60
76.72 55
76.74 47
76.76 62
76.78 46
76.8 54
76.82 43
76.84 49
76.86 48
76.88 59
76.9 37
76.92 44
76.94 50
76.96 50
76.98 62
77 59
77.02 57
77.04 50
77.06 68
77.08 74
77.1 75
77.12 70
77.14 97
77.16 96
77.18 115
77.2 105
77.22 130
77.24 143
77.26 135
77.28 171
77.3 142
77.32 160
77.34 161
77.36 176
77.38 150
77.4 141
77.42 154
77.44 131
77.46 128
77.48 129
77.5 126
77.52 121
77.54 107
77.56 106
77.58 107
77.6 78
77.62 78
77.64 76
77.66 71
77.68 69
77.7 56
77.72 55
77.74 64
77.76 45
77.78 53
77.8 47
77.82 44
77.84 54
77.86 47
77.88 27
77.9 35
77.92 43
77.94 29
77.96 33
77.98 43
78 41
78.02 45
78.04 44
78.06 23
78.08 34
78.1 46
78.12 33
78.14 30
78.16 31
78.18 32
78.2 27
78.22 37
78.24 32
78.26 36
78.28 32
78.3 33
78.32 22
78.34 22
78.36 32
78.38 30
78.4 26
78.42 28
78.44 28
78.46 25
78.48 26
78.5 17
78.52 40
78.54 23
78.56 24
78.58 40
78.6 25
78.62 22
78.64 25
78.66 36
78.68 28
78.7 26
78.72 39
78.74 35
78.76 37
78.78 25
78.8 18
78.82 33
78.84 27
78.86 33
78.88 28
78.9 31
78.92 26
78.94 25
78.96 26
78.98 32
79 35
79.02 22
79.04 28
79.06 29
79.08 21
79.1 30
79.12 23
79.14 32
79.16 34
79.18 29
79.2 23
79.22 23
79.24 28
79.26 26
79.28 21
79.3 28
79.32 34
79.34 31
79.36 29
79.38 19
79.4 22
79.42 21
79.44 20
79.46 43
79.48 17
79.5 35
79.52 24
79.54 28
79.56 23
79.58 29
79.6 27
79.62 31
79.64 22
79.66 31
79.68 26
79.7 32
79.72 27
79.74 18
79.76 31
79.78 34
79.8 38
79.82 28
79.84 23
79.86 33
79.88 33
79.9 30
79.92 31
79.94 27
79.96 22
79.98 37
80 22
80.02 24
80.04 24
80.06 35
80.08 19
80.1 26
80.12 26
80.14 24
80.16 37
80.18 22
80.2 20
80.22 24
80.24 27
80.26 30
80.28 25
80.3 25
80.32 26
80.34 21
80.36 28
80.38 34
80.4 31
80.42 28
80.44 26
80.46 26
80.48 27
80.5 14
80.52 32
80.54 34
80.56 28
80.58 30
80.6 25
80.62 32
80.64 26
80.66 38
80.68 40
80.7 28
80.72 25
80.74 33
80.76 36
80.78 30
80.8 25
80.82 33
80.84 28
80.86 41
80.88 33
80.9 48
80.92 40
80.94 40
80.96 57
80.98 49
81 57
81.02 54
81.04 69
81.06 47
81.08 61
81.1 51
81.12 64
81.14 60
81.16 60
81.18 51
81.2 59
81.22 58
81.24 59
81.26 62
81.28 58
81.3 58
81.32 72
81.34 72
81.36 57
81.38 75
81.4 65
81.42 69
81.44 75
81.46 87
81.48 98
81.5 86
81.52 123
81.54 119
81.56 133
81.58 137
81.6 148
81.62 152
81.64 169
81.66 167
81.68 170
81.7 158
81.72 149
81.74 150
81.76 140
81.78 150
81.8 142
81.82 128
81.84 124
81.86 136
81.88 135
81.9 113
81.92 116
81.94 120
81.96 96
81.98 100
82 97
82.02 89
82.04 79
82.06 81
82.08 74
82.1 58
82.12 62
82.14 71
82.16 69
82.18 59
82.2 48
82.22 50
82.24 57
82.26 47
82.28 46
82.3 57
82.32 70
82.34 57
82.36 44
82.38 39
82.4 51
82.42 53
82.44 57
82.46 49
82.48 38
82.5 34
82.52 52
82.54 45
82.56 45
82.58 48
82.6 43
82.62 41
82.64 35
82.66 36
82.68 39
82.7 45
82.72 32
82.74 22
82.76 34
82.78 31
82.8 41
82.82 26
82.84 39
82.86 40
82.88 28
82.9 31
82.92 30
82.94 32
82.96 30
82.98 29
83 26
83.02 31
83.04 28
83.06 31
83.08 39
83.1 35
83.12 37
83.14 46
83.16 45
83.18 35
83.2 33
83.22 35
83.24 41
83.26 31
83.28 29
83.3 38
83.32 47
83.34 39
83.36 39
83.38 40
83.4 48
83.42 47
83.44 44
83.46 57
83.48 50
83.5 42
83.52 56
83.54 66
83.56 50
83.58 73
83.6 69
83.62 85
83.64 85
83.66 97
83.68 80
83.7 91
83.72 117
83.74 132
83.76 175
83.78 143
83.8 169
83.82 187
83.84 220
83.86 240
83.88 262
83.9 242
83.92 213
83.94 219
83.96 208
83.98 208
84 212
84.02 196
84.04 173
84.06 156
84.08 189
84.1 169
84.12 163
84.14 176
84.16 172
84.18 154
84.2 128
84.22 160
84.24 133
84.26 123
84.28 108
84.3 112
84.32 91
84.34 79
84.36 55
84.38 80
84.4 70
84.42 75
84.44 65
84.46 62
84.48 48
84.5 58
84.52 42
84.54 53
84.56 61
84.58 54
84.6 59
84.62 58
84.64 63
84.66 70
84.68 61
84.7 61
84.72 66
84.74 69
84.76 64
84.78 85
84.8 92
84.82 83
84.84 111
84.86 110
84.88 128
84.9 102
84.92 113
84.94 107
84.96 118
84.98 134
85 103
85.02 105
85.04 101
85.06 111
85.08 129
85.1 89
85.12 97
85.14 79
85.16 79
85.18 76
85.2 76
85.22 64
85.24 88
85.26 74
85.28 84
85.3 75
85.32 57
85.34 61
85.36 48
85.38 55
85.4 59
85.42 47
85.44 51
85.46 49
85.48 51
85.5 48
85.52 41
85.54 29
85.56 34
85.58 40
85.6 34
85.62 39
85.64 28
85.66 37
85.68 35
85.7 35
85.72 38
85.74 29
85.76 36
85.78 31
85.8 34
85.82 41
85.84 35
85.86 35
85.88 27
85.9 31
85.92 46
85.94 32
85.96 24
85.98 27
86 30
86.02 26
86.04 26
86.06 26
86.08 30
86.1 25
86.12 32
86.14 32
86.16 33
86.18 31
86.2 32
86.22 31
86.24 35
86.26 21
86.28 27
86.3 23
86.32 37
86.34 24
86.36 46
86.38 41
86.4 37
86.42 41
86.44 37
86.46 47
86.48 51
86.5 33
86.52 48
86.54 43
86.56 49
86.58 56
86.6 50
86.62 47
86.64 49
86.66 43
86.68 28
86.7 49
86.72 49
86.74 46
86.76 44
86.78 52
86.8 42
86.82 33
86.84 45
86.86 54
86.88 43
86.9 53
86.92 42
86.94 36
86.96 37
86.98 32
87 26
87.02 37
87.04 34
87.06 36
87.08 33
87.1 29
87.12 31
87.14 29
87.16 43
87.18 24
87.2 35
87.22 27
87.24 29
87.26 40
87.28 32
87.3 25
87.32 30
87.34 34
87.36 32
87.38 27
87.4 19
87.42 33
87.44 30
87.46 23
87.48 28
87.5 23
87.52 30
87.54 23
87.56 26
87.58 22
87.6 24
87.62 23
87.64 22
87.66 21
87.68 18
87.7 22
87.72 22
87.74 26
87.76 25
87.78 25
87.8 28
87.82 24
87.84 27
87.86 23
87.88 33
87.9 23
87.92 19
87.94 26
87.96 23
87.98 23
88 24
88.02 22
88.04 27
88.06 29
88.08 18
88.1 29
88.12 22
88.14 32
88.16 30
88.18 25
88.2 29
88.22 22
88.24 23
88.26 32
88.28 12
88.3 32
88.32 24
88.34 21
88.36 21
88.38 27
88.4 31
88.42 19
88.44 33
88.46 19
88.48 31
88.5 26
88.52 21
88.54 27
88.56 30
88.58 26
88.6 22
88.62 23
88.64 30
88.66 20
88.68 38
88.7 21
88.72 24
88.74 24
88.76 16
88.78 28
88.8 27
88.82 23
88.84 23
88.86 20
88.88 21
88.9 22
88.92 22
88.94 22
88.96 19
88.98 23
89 30
89.02 36
89.04 25
89.06 28
89.08 26
89.1 33
89.12 28
89.14 28
89.16 22
89.18 31
89.2 20
89.22 24
89.24 23
89.26 23
89.28 25
89.3 20
89.32 28
89.34 25
89.36 21
89.38 28
89.4 33
89.42 32
89.44 18
89.46 22
89.48 16
89.5 21
89.52 15
89.54 20
89.56 18
89.58 25
89.6 18
89.62 30
89.64 24
89.66 34
89.68 26
89.7 27
89.72 26
89.74 17
89.76 28
89.78 26
89.8 14
89.82 38
89.84 32
89.86 30
89.88 21
89.9 24
89.92 25
89.94 22
89.96 27
89.98 19
90 34
