0.000000,-6.073152E-5,-0.025566,-1.737780E-7
10.689570,0.049956,4.983719,3.359344E-5
21.182148,0.099968,9.985639,6.735949E-5
31.683736,0.049955,4.984345,3.359325E-5
42.277149,-6.081615E-5,-0.025272,-1.739848E-7
52.964659,-0.050153,-5.042087,-3.399554E-5
63.462218,-0.100166,-10.041696,-6.776219E-5
73.963559,-0.050155,-5.043204,-3.399592E-5
84.563451,-0.000151,-0.035646,-2.355212E-7
95.260213,0.049957,4.983404,3.359346E-5
105.759215,0.099967,9.985390,6.736000E-5
116.257483,0.049956,4.984231,3.359314E-5
126.856490,-6.148999E-5,-0.025393,-1.741860E-7
137.536123,-0.050153,-5.042190,-3.399641E-5
148.039437,-0.100167,-10.041847,-6.776272E-5
