0.000000,-6.090032E-5,-0.000260,-1.739146E-7
11.594043,0.049957,0.049746,3.359377E-5
23.005177,0.099969,0.099746,6.735773E-5
34.414816,0.049956,0.049745,3.359261E-5
45.920246,-6.157430E-5,-0.000261,-1.739594E-7
57.519264,-0.050155,-0.050342,-3.399443E-5
68.927574,-0.100167,-0.100342,-6.775941E-5
80.335847,-0.050153,-0.050341,-3.399402E-5
91.845191,-0.000152,-0.000352,-2.356393E-7
103.433659,0.049956,0.049744,3.359199E-5
114.845159,0.099968,0.099745,6.735702E-5
126.254494,0.049956,0.049744,3.359229E-5
137.768939,-6.047907E-5,-0.000261,-1.732383E-7
149.370359,-0.050154,-0.050341,-3.399370E-5
160.783994,-0.100166,-0.100342,-6.775937E-5
172.195584,-0.050154,-0.050341,-3.399401E-5
183.702933,-0.000152,-0.000351,-2.344731E-7
194.707898,0.049956,0.049744,3.359245E-5
206.116218,0.099969,0.099745,6.735737E-5
217.521173,0.049955,0.049743,3.359187E-5
229.034595,-6.224864E-5,-0.000262,-1.749280E-7
240.627416,-0.050154,-0.050342,-3.399525E-5
252.035868,-0.100167,-0.100343,-6.776021E-5
263.446741,-0.050154,-0.050343,-3.399399E-5
274.958055,-0.000153,-0.000353,-2.360688E-7
285.967508,0.049955,0.049742,3.359190E-5
297.378998,0.099969,0.099744,6.735713E-5
308.794991,0.049954,0.049743,3.359194E-5
320.305758,-6.098460E-5,-0.000261,-1.738096E-7
331.897770,-0.050153,-0.050342,-3.399527E-5
343.299366,-0.100167,-0.100342,-6.775989E-5
