0.000000,-5.440807E-5,-0.001314,3.111810E-10
10.502903,0.049950,-0.001382,1.001827E-8
21.004403,0.099960,-0.000784,2.683438E-8
31.504056,0.049951,0.000849,9.874553E-9
42.004045,-5.322820E-5,-0.001771,3.726763E-10
52.505235,-0.050145,-0.000979,-6.715274E-9
63.004044,-0.100147,-0.001263,-1.088115E-8
73.509751,-0.050144,-0.001115,-6.720295E-9
84.011916,-0.000144,-0.001429,7.776176E-10
94.512375,0.049953,-0.001004,9.361660E-9
105.012897,0.099958,-0.001149,2.629863E-8
115.512114,0.049949,-0.000658,9.758290E-9
