0.000000,-5.963774E-5,0.057773,-4.779603E-9
11.428484,0.009942,0.058363,9.977866E-9
22.854398,0.019944,0.058912,2.465145E-8
34.286744,0.029943,0.059264,3.962025E-8
45.714530,0.039947,0.059950,5.536851E-8
57.141279,0.049945,0.060668,7.059014E-8
68.571834,0.059946,0.061119,8.685326E-8
79.999007,0.069950,0.061558,1.036053E-7
91.431133,0.079946,0.062150,1.200363E-7
102.855764,0.089949,0.062478,1.385025E-7
114.283430,0.099951,0.062869,1.569043E-7
125.709986,0.109953,0.063359,1.754830E-7
137.132525,0.099954,0.062903,1.563387E-7
148.561179,0.089951,0.062090,1.386149E-7
159.991696,0.079945,0.061578,1.200164E-7
171.420207,0.069948,0.061119,1.030841E-7
182.845726,0.059945,0.060698,8.639079E-8
194.274466,0.049945,0.059974,6.990424E-8
205.703008,0.039947,0.059570,5.447826E-8
217.133569,0.029946,0.059118,3.931347E-8
228.558797,0.019944,0.058681,2.436993E-8
239.985873,0.009941,0.058311,9.942657E-9
251.414194,-6.292490E-5,0.057665,-3.752119E-9
262.845175,-0.010150,0.057402,-1.828303E-8
274.273773,-0.020148,0.056650,-3.196734E-8
285.705286,-0.030149,0.056224,-4.541119E-8
297.126646,-0.040151,0.055708,-5.910967E-8
308.549464,-0.050148,0.055284,-7.165297E-8
319.986875,-0.060152,0.054761,-8.445919E-8
331.414850,-0.070150,0.054383,-9.697374E-8
342.837984,-0.080149,0.053958,-1.086085E-7
354.261858,-0.090151,0.053617,-1.218419E-7
365.686722,-0.100154,0.053118,-1.342187E-7
377.125634,-0.110154,0.052528,-1.459014E-7
388.557290,-0.100154,0.053071,-1.345445E-7
399.979449,-0.090155,0.053283,-1.227030E-7
411.407527,-0.080148,0.054081,-1.094637E-7
422.836759,-0.070151,0.054551,-9.756377E-8
434.265042,-0.060150,0.054859,-8.497123E-8
445.689918,-0.050151,0.055348,-7.152958E-8
457.111698,-0.040156,0.055920,-5.906416E-8
468.540660,-0.030153,0.056352,-4.575614E-8
479.969828,-0.020152,0.056538,-3.231011E-8
491.399476,-0.010154,0.057210,-1.851871E-8
502.818839,-0.000148,0.057710,-4.940306E-9
514.249192,0.009943,0.058087,1.004649E-8
525.677566,0.019940,0.058803,2.475103E-8
537.108773,0.029946,0.059072,3.971643E-8
548.542243,0.039947,0.059687,5.562169E-8
559.974594,0.049948,0.060046,7.097800E-8
571.404741,0.059947,0.060548,8.734754E-8
582.830918,0.069950,0.061037,1.039919E-7
594.262421,0.079947,0.061380,1.204644E-7
605.690191,0.089952,0.061974,1.388480E-7
617.119546,0.099954,0.062468,1.568182E-7
