0.000000,-5.651749E-5,-0.069877,1.694065E-10
11.411168,0.199951,-0.070152,6.494628E-8
22.831881,0.399990,-0.070049,6.188098E-7
34.436079,0.599998,-0.069646,2.429056E-6
45.853650,0.799989,-0.070186,6.092544E-6
57.445599,1.000017,-0.070143,1.187668E-5
68.953365,0.799982,-0.069619,6.162295E-6
80.365499,0.599996,-0.069844,2.520905E-6
91.882132,0.399988,-0.070635,6.257902E-7
103.294996,0.199951,-0.070863,6.478695E-8
114.710386,-5.677014E-5,-0.070564,1.096378E-10
126.123699,-0.200136,-0.070252,-1.327479E-8
137.536271,-0.400189,-0.070204,-5.651653E-8
148.948001,-0.600182,-0.069227,-1.813077E-7
160.362341,-0.800137,-0.070388,-3.335527E-7
171.773070,-1.000184,-0.069489,-5.188431E-7
183.187301,-0.800141,-0.069570,-3.507793E-7
194.600912,-0.600182,-0.068808,-2.083147E-7
