0.000000,0.099957,0.059732,2.610639E-7
10.503858,0.199957,0.063498,5.980212E-7
21.193703,0.299955,0.065931,1.037441E-6
31.696814,0.399978,0.066042,1.622861E-6
42.199519,0.499957,0.064152,2.381906E-6
52.702948,0.399976,0.064368,1.603946E-6
63.303646,0.299973,0.064367,1.016568E-6
73.810569,0.199958,0.062224,5.884484E-7
84.309901,0.099957,0.058695,2.645688E-7
94.811683,-5.854171E-5,0.053870,-6.023187E-9
105.312653,-0.100158,0.049032,-2.479927E-7
115.821685,-0.200149,0.043934,-4.744639E-7
126.323152,-0.300162,0.039231,-6.938739E-7
136.828692,-0.400213,0.034412,-9.141903E-7
147.516197,-0.500153,0.030669,-1.126754E-6
158.122125,-0.400213,0.034489,-9.328597E-7
168.626822,-0.300163,0.038944,-7.325074E-7
179.132130,-0.200152,0.043305,-5.144375E-7
189.639021,-0.100159,0.047765,-2.768646E-7
200.142384,-0.000149,0.053017,-6.778919E-9
210.648213,0.099957,0.057670,3.074668E-7
221.154023,0.199961,0.061431,6.815378E-7
231.843761,0.299951,0.063749,1.148748E-6
242.350193,0.399976,0.063913,1.758206E-6
252.851285,0.499956,0.061658,2.526164E-6
