0.000000,295.145000,0.050000,0.004971,7.012805E-8,70885.399048,295.180000,0.200000,0.009307,3.112894E-7,29898.512655,295.240000,1.000000,0.023728,4.842566E-6,4899.819296
64.150656,295.360000,0.050000,0.002546,7.032293E-8,36202.557006,295.550000,0.200000,0.009331,3.110971E-7,29992.870728,295.850000,1.000000,0.023805,4.872307E-6,4885.834553
128.301929,296.270000,0.050000,0.002470,7.197955E-8,34316.413752,296.835000,0.200000,0.009271,3.207386E-7,28903.898761,297.525000,1.000000,0.024016,4.929440E-6,4871.971912
192.448839,298.325000,0.050000,0.002434,7.558083E-8,32210.416870,299.195000,0.200000,0.009784,3.407579E-7,28712.742908,300.080000,0.500000,0.019755,1.283754E-6,15388.714703
256.463077,300.965000,0.050000,0.002832,8.223113E-8,34441.642374,301.825000,0.200000,0.010840,3.690350E-7,29373.525437,302.635000,0.500000,0.020675,1.356145E-6,15245.369036
320.438974,303.390000,0.050000,0.003043,8.978634E-8,33896.303104,304.080000,0.200000,0.010943,3.945143E-7,27738.601468,304.720000,0.500000,0.020570,1.405180E-6,14638.943045
384.410288,305.310000,0.050000,0.002903,9.530018E-8,30462.271888,305.860000,0.200000,0.011020,4.153412E-7,26532.594144,306.375000,0.500000,0.019937,1.443240E-6,13813.860995
448.390140,306.865000,0.050000,0.002799,9.897212E-8,28284.277601,307.335000,0.200000,0.010671,4.312830E-7,24742.521682,307.795000,0.500000,0.019821,1.487006E-6,13329.254669
512.354215,308.255000,0.050000,0.003052,1.039049E-7,29369.984911,308.715000,0.200000,0.010482,4.491351E-7,23338.075758,309.185000,0.100000,0.005478,2.164649E-7,25305.764131
576.218832,309.655000,0.050000,0.002717,1.084421E-7,25054.281444,310.140000,0.200000,0.010236,4.676550E-7,21888.969329,310.635000,0.100000,0.005427,2.267093E-7,23939.595284
640.114964,311.145000,0.050000,0.002713,1.140429E-7,23788.292806,311.660000,0.200000,0.010254,4.911487E-7,20876.763723,312.190000,0.100000,0.005366,2.389717E-7,22452.766470
