0.000000,-1.000180,-3.535761E-6
17.668478,-0.900178,-2.252938E-6
35.328923,-0.800141,-1.102388E-6
53.095938,-0.700188,-4.449688E-7
70.761913,-0.600189,-1.838651E-7
88.422196,-0.500165,-8.977995E-8
106.084498,-0.400194,-5.036955E-8
123.750379,-0.300154,-3.334991E-8
141.415966,-0.200143,-2.555965E-8
159.078934,-0.100160,-1.724645E-8
176.738960,-0.000159,4.627937E-9
194.404688,0.099937,4.697905E-8
212.067079,0.199930,1.145384E-7
229.733588,0.299940,2.122922E-7
247.394867,0.399960,3.517090E-7
265.059458,0.499948,5.375749E-7
282.723846,0.599987,7.681494E-7
300.389969,0.700004,1.034927E-6
318.242115,0.799955,1.303364E-6
335.903801,0.899974,1.641368E-6
353.566931,0.999993,1.989161E-6
