0.000000,-1.000181,-3.936863E-6
17.659996,-0.900181,-4.819959E-6
35.320340,-0.800147,-5.093744E-6
52.983227,-0.700192,-5.219661E-6
70.646589,-0.600196,-5.094526E-6
88.305911,-0.500172,-4.676549E-6
105.968627,-0.400201,-3.948162E-6
123.627493,-0.300158,-3.004376E-6
141.291232,-0.200146,-1.920995E-6
159.056741,-0.100184,-8.522072E-7
176.715446,-0.000157,1.420684E-7
194.565832,0.099940,1.769587E-6
212.226451,0.199938,4.737383E-6
229.889086,0.299956,8.979691E-6
247.736177,0.399959,1.430079E-5
265.394262,0.499942,2.049260E-5
283.056643,0.599982,2.736246E-5
300.716202,0.699989,3.413404E-5
318.373845,0.799964,4.151330E-5
336.033879,0.899984,4.994101E-5
353.688720,1.000002,5.982916E-5
