0.000000,-1.000178,-2.679961E-7
17.662535,-0.900175,-2.356235E-7
35.326558,-0.800140,-1.999401E-7
52.987950,-0.700181,-1.641523E-7
70.649313,-0.600186,-1.323991E-7
88.313146,-0.500161,-1.015132E-7
105.974977,-0.400192,-7.314441E-8
123.641943,-0.300152,-4.702258E-8
141.307656,-0.200148,-2.510781E-8
158.970302,-0.100162,-9.717052E-9
176.631158,-0.000159,-8.763813E-10
194.296637,0.099937,1.815976E-8
211.958175,0.199933,6.829186E-8
229.623096,0.299942,1.633652E-7
247.283422,0.399965,3.703802E-7
264.947214,0.499956,8.632559E-7
282.794025,0.599978,1.892978E-6
300.460983,0.699991,3.756712E-6
318.121434,0.799969,6.689401E-6
335.967060,0.899974,1.095057E-5
353.622568,0.999993,1.601134E-5
