0.000000,-1.000185,-5.773688E-6
17.664857,-0.900179,-3.395217E-6
35.327675,-0.800141,-1.605154E-6
53.090560,-0.700195,-6.116979E-7
70.754124,-0.600191,-2.192023E-7
88.415179,-0.500160,-1.013168E-7
106.079627,-0.400192,-4.251483E-8
123.742630,-0.300148,2.367166E-7
141.594647,-0.200141,1.082466E-6
159.254724,-0.100157,2.520537E-6
176.915717,-0.000150,4.487400E-6
194.577901,0.099950,6.988411E-6
212.241749,0.199948,9.818320E-6
230.086445,0.299937,1.319458E-5
247.745240,0.399956,1.718106E-5
265.403619,0.499939,2.163067E-5
283.065357,0.599979,2.697828E-5
300.728077,0.699988,3.253137E-5
318.388141,0.799962,3.899317E-5
336.047276,0.899981,4.440872E-5
353.707741,0.999999,5.126849E-5
