0.000000,-1.000192,-8.691561E-5
17.659024,-0.900188,-6.890240E-5
35.320605,-0.800149,-5.678066E-5
52.984150,-0.700193,-4.602569E-5
70.642630,-0.600192,-3.660406E-5
88.302018,-0.500166,-2.769262E-5
105.961815,-0.400196,-1.953718E-5
123.622050,-0.300155,-1.225348E-5
141.382814,-0.200160,-6.220534E-6
159.043783,-0.100167,-2.040229E-6
176.804893,-0.000159,-1.515981E-8
194.467610,0.099953,7.354415E-7
212.318791,0.199933,1.125536E-6
229.986635,0.299939,1.414472E-6
247.650925,0.399957,1.700107E-6
265.313544,0.499940,2.017232E-6
282.976626,0.599977,2.449722E-6
300.640372,0.699988,2.820470E-6
318.300363,0.799959,3.307170E-6
335.964316,0.899980,3.828256E-6
353.624444,0.999995,4.287645E-6
