0.000000,-1.000186,-5.906455E-5
17.662838,-0.900183,-4.879378E-5
35.318693,-0.800146,-4.220285E-5
52.977715,-0.700186,-3.628032E-5
70.639966,-0.600190,-3.113471E-5
88.299174,-0.500165,-2.594694E-5
105.955468,-0.400198,-2.088142E-5
123.614801,-0.300152,-1.545379E-5
141.279123,-0.200147,-1.042302E-5
159.037495,-0.100174,-5.211910E-6
176.800741,-0.000159,-3.831642E-9
194.653894,0.099948,5.233143E-6
212.315557,0.199951,1.032877E-5
230.164860,0.299942,1.515805E-5
247.824429,0.399959,1.955641E-5
265.482558,0.499941,2.365003E-5
283.143741,0.599981,2.733026E-5
300.802328,0.699990,3.058572E-5
318.464399,0.799963,3.358068E-5
336.125325,0.899980,3.619977E-5
353.782696,0.999998,3.853108E-5
