0.000000,-1.000184,-6.106446E-5
17.664505,-0.900187,-5.550016E-5
35.321683,-0.800148,-4.837182E-5
52.980200,-0.700189,-4.095522E-5
70.644672,-0.600190,-3.328042E-5
88.301109,-0.500164,-2.558089E-5
105.961697,-0.400194,-1.836950E-5
123.623461,-0.300155,-1.174505E-5
141.385646,-0.200160,-6.179665E-6
159.049868,-0.100166,-2.103021E-6
176.815099,-0.000150,3.263084E-7
194.664354,0.099942,1.776573E-6
212.327000,0.199938,2.894889E-6
229.988648,0.299945,3.873871E-6
247.653155,0.399962,4.903362E-6
265.317085,0.499943,5.896593E-6
282.985757,0.599986,6.993115E-6
300.652592,0.699999,8.074883E-6
318.318209,0.799971,9.451984E-6
336.167773,0.899974,1.077652E-5
353.829863,0.999992,1.227431E-5
