0.000000,-1.000179,-4.103691E-5
17.657982,-0.900181,-3.651671E-5
35.317966,-0.800143,-3.357660E-5
52.976573,-0.700188,-3.048012E-5
70.633234,-0.600190,-2.711909E-5
88.292760,-0.500164,-2.362107E-5
105.948824,-0.400198,-1.983387E-5
123.609797,-0.300154,-1.577376E-5
141.272595,-0.200148,-1.097615E-5
159.033870,-0.100173,-5.579765E-6
176.793537,-0.000158,-4.041898E-9
194.647373,0.099950,5.841895E-6
212.494800,0.199933,1.182842E-5
230.156488,0.299941,1.777714E-5
247.815732,0.399962,2.375394E-5
265.477093,0.499944,2.945940E-5
283.138029,0.599983,3.448066E-5
300.798218,0.699991,3.939849E-5
318.458112,0.799963,4.409769E-5
336.119855,0.899983,4.812104E-5
353.776906,1.000000,5.246701E-5
